# transform file /out/sourcedata/freesurfer/sub-v1s18x0051254_ses-1/mri/transforms/cc_up.lta
# created by oesteban on Mon Mar  9 07:41:46 2026

type      = 0 # LINEAR_VOX_TO_VOX
nxforms   = 1
mean      = 131.0000 129.0000 121.0000
sigma     = 10000.0000
1 4 4
9.993851184844971e-01 2.857942320406437e-02 2.031189203262329e-02 -6.642853260040283e+00 
-2.857352234423161e-02 9.995915293693542e-01 -5.807393463328481e-04 2.283363533020020e+01 
-2.032019384205341e-02 -5.820766091346741e-11 9.997935295104980e-01 2.267234230041504e+01 
0.000000000000000e+00 0.000000000000000e+00 0.000000000000000e+00 1.000000000000000e+00 
src volume info
valid = 1  # volume info valid
filename = /out/sourcedata/freesurfer/sub-v1s18x0051254_ses-1/mri/norm.mgz
volume = 256 256 256
voxelsize = 1.000000000000000e+00 1.000000000000000e+00 1.000000000000000e+00
xras   = -1.000000000000000e+00 0.000000000000000e+00 0.000000000000000e+00
yras   = 0.000000000000000e+00 0.000000000000000e+00 -1.000000000000000e+00
zras   = 0.000000000000000e+00 1.000000000000000e+00 0.000000000000000e+00
cras   = -4.242767333984375e+00 5.231986999511719e+00 -8.685241699218750e+00
dst volume info
valid = 1  # volume info valid
filename = /out/sourcedata/freesurfer/sub-v1s18x0051254_ses-1/mri/norm.mgz
volume = 256 256 256
voxelsize = 1.000000000000000e+00 1.000000000000000e+00 1.000000000000000e+00
xras   = -1.000000000000000e+00 0.000000000000000e+00 0.000000000000000e+00
yras   = 0.000000000000000e+00 0.000000000000000e+00 -1.000000000000000e+00
zras   = 0.000000000000000e+00 1.000000000000000e+00 0.000000000000000e+00
cras   = -4.242767333984375e+00 5.231986999511719e+00 -8.685241699218750e+00
