# transform file /out/sourcedata/freesurfer/sub-v1s18x0051274_ses-1/mri/transforms/cc_up.lta
# created by oesteban on Mon Mar  9 08:50:46 2026

type      = 0 # LINEAR_VOX_TO_VOX
nxforms   = 1
mean      = 126.0000 115.0000 121.0000
sigma     = 10000.0000
1 4 4
9.953256845474243e-01 1.328971609473228e-02 9.565670043230057e-02 -1.221399021148682e+01 
-1.322876289486885e-02 9.999117851257324e-01 -1.271362532861531e-03 3.185490608215332e+01 
-9.566514939069748e-02 0.000000000000000e+00 9.954136013984680e-01 3.787683105468750e+01 
0.000000000000000e+00 0.000000000000000e+00 0.000000000000000e+00 1.000000000000000e+00 
src volume info
valid = 1  # volume info valid
filename = /out/sourcedata/freesurfer/sub-v1s18x0051274_ses-1/mri/norm.mgz
volume = 256 256 256
voxelsize = 1.000000000000000e+00 1.000000000000000e+00 1.000000000000000e+00
xras   = -1.000000000000000e+00 0.000000000000000e+00 0.000000000000000e+00
yras   = 0.000000000000000e+00 0.000000000000000e+00 -1.000000000000000e+00
zras   = 0.000000000000000e+00 1.000000000000000e+00 0.000000000000000e+00
cras   = 5.998458862304688e-01 4.626655578613281e+00 -7.474578857421875e+00
dst volume info
valid = 1  # volume info valid
filename = /out/sourcedata/freesurfer/sub-v1s18x0051274_ses-1/mri/norm.mgz
volume = 256 256 256
voxelsize = 1.000000000000000e+00 1.000000000000000e+00 1.000000000000000e+00
xras   = -1.000000000000000e+00 0.000000000000000e+00 0.000000000000000e+00
yras   = 0.000000000000000e+00 0.000000000000000e+00 -1.000000000000000e+00
zras   = 0.000000000000000e+00 1.000000000000000e+00 0.000000000000000e+00
cras   = 5.998458862304688e-01 4.626655578613281e+00 -7.474578857421875e+00
