# transform file /out/sourcedata/freesurfer/sub-v1s18x0051223_ses-1/mri/transforms/cc_up.lta
# created by oesteban on Mon Mar  9 05:48:50 2026

type      = 0 # LINEAR_VOX_TO_VOX
nxforms   = 1
mean      = 128.0000 119.0000 121.0000
sigma     = 10000.0000
1 4 4
9.959142208099365e-01 -7.733555138111115e-02 4.662924632430077e-02 2.455551862716675e+00 
7.725092768669128e-02 9.970052242279053e-01 3.616930684074759e-03 1.194337558746338e+01 
-4.676931351423264e-02 2.328306714094452e-10 9.989057779312134e-01 2.115689849853516e+01 
0.000000000000000e+00 0.000000000000000e+00 0.000000000000000e+00 1.000000000000000e+00 
src volume info
valid = 1  # volume info valid
filename = /out/sourcedata/freesurfer/sub-v1s18x0051223_ses-1/mri/norm.mgz
volume = 256 256 256
voxelsize = 1.000000000000000e+00 1.000000000000000e+00 1.000000000000000e+00
xras   = -9.999998211860657e-01 5.675246939063072e-10 0.000000000000000e+00
yras   = -7.450580596923828e-09 2.328306436538696e-10 -9.999998807907104e-01
zras   = -8.061761036515236e-09 9.999997615814209e-01 -2.328306436538696e-10
cras   = 4.953460693359375e+00 1.560546875000000e+00 3.538589477539062e-01
dst volume info
valid = 1  # volume info valid
filename = /out/sourcedata/freesurfer/sub-v1s18x0051223_ses-1/mri/norm.mgz
volume = 256 256 256
voxelsize = 1.000000000000000e+00 1.000000000000000e+00 1.000000000000000e+00
xras   = -9.999998211860657e-01 5.675246939063072e-10 0.000000000000000e+00
yras   = -7.450580596923828e-09 2.328306436538696e-10 -9.999998807907104e-01
zras   = -8.061761036515236e-09 9.999997615814209e-01 -2.328306436538696e-10
cras   = 4.953460693359375e+00 1.560546875000000e+00 3.538589477539062e-01
