# transform file transforms/talairach.lta
# created by oesteban on Mon Mar  9 04:39:56 2026

type      = 0 # LINEAR_VOX_TO_VOX
nxforms   = 1
mean      = 128.0000 123.0000 121.0000
sigma     = 10000.0000
1 4 4
1.077783703804016e+00 -1.035423353314400e-01 3.334636241197586e-02 -5.009500503540039e+00 
1.501042246818542e-01 1.121846556663513e+00 1.704328879714012e-02 -3.660637283325195e+01 
-4.032311961054802e-02 -1.217970624566078e-02 1.071900367736816e+00 -1.484310150146484e+01 
0.000000000000000e+00 0.000000000000000e+00 0.000000000000000e+00 1.000000000000000e+00 
src volume info
valid = 1  # volume info valid
filename = nu.mgz
volume = 256 256 256
voxelsize = 1.000000000000000e+00 1.000000000000000e+00 1.000000000000000e+00
xras   = -9.999998211860657e-01 5.675246939063072e-10 0.000000000000000e+00
yras   = -7.450580596923828e-09 2.328306436538696e-10 -9.999998807907104e-01
zras   = -8.061761036515236e-09 9.999997615814209e-01 -2.328306436538696e-10
cras   = 4.953460693359375e+00 1.560546875000000e+00 3.538589477539062e-01
dst volume info
valid = 1  # volume info valid
filename = /opt/freesurfer/average/RB_all_2020-01-02.gca
volume = 256 256 256
voxelsize = 1.000000000000000e+00 1.000000000000000e+00 1.000000000000000e+00
xras   = -1.000000000000000e+00 0.000000000000000e+00 0.000000000000000e+00
yras   = 0.000000000000000e+00 0.000000000000000e+00 -1.000000000000000e+00
zras   = 0.000000000000000e+00 1.000000000000000e+00 0.000000000000000e+00
cras   = 0.000000000000000e+00 0.000000000000000e+00 0.000000000000000e+00
