type      = 0 # LINEAR_VOX_TO_VOX
nxforms   = 1
mean      = 0.0000 0.0000 0.0000
sigma     = 1.0000
1 4 4
1.098607778549194e+00 -9.867598116397858e-02 6.187799200415611e-02 -1.011549377441406e+01 
1.653009653091431e-01 1.190180897712708e+00 1.336399763822556e-01 -5.916662597656250e+01 
1.513599790632725e-02 -9.453798830509186e-02 1.137890815734863e+00 -1.954072570800781e+01 
0.000000000000000e+00 0.000000000000000e+00 0.000000000000000e+00 1.000000000000000e+00 
src volume info
valid = 1  # volume info valid
filename = /out/sourcedata/freesurfer/sub-v1s18x0051223_ses-1/mri/orig.mgz
volume = 256 256 256
voxelsize = 1.000000000000000e+00 1.000000000000000e+00 1.000000000000000e+00
xras   = -9.999998211860657e-01 5.675246939063072e-10 0.000000000000000e+00
yras   = -7.450580596923828e-09 2.328306436538696e-10 -9.999998807907104e-01
zras   = -8.061761036515236e-09 9.999997615814209e-01 -2.328306436538696e-10
cras   = 4.953460693359375e+00 1.560546875000000e+00 3.538589477539062e-01
dst volume info
valid = 1  # volume info valid
filename = /opt/freesurfer/average/mni305.cor.mgz
volume = 256 256 256
voxelsize = 1.000000000000000e+00 1.000000000000000e+00 1.000000000000000e+00
xras   = -1.000000000000000e+00 0.000000000000000e+00 0.000000000000000e+00
yras   = 0.000000000000000e+00 0.000000000000000e+00 -1.000000000000000e+00
zras   = 0.000000000000000e+00 1.000000000000000e+00 0.000000000000000e+00
cras   = 0.000000000000000e+00 0.000000000000000e+00 0.000000000000000e+00
subject fsaverage
fscale 0.100000
