# transform file /out/sourcedata/freesurfer/sub-v1s18x0051227_ses-1/mri/transforms/cc_up.lta
# created by oesteban on Mon Mar  9 05:43:38 2026

type      = 0 # LINEAR_VOX_TO_VOX
nxforms   = 1
mean      = 128.0000 120.0000 123.0000
sigma     = 10000.0000
1 4 4
9.932893514633179e-01 -1.156555786728859e-01 1.185676082968712e-04 1.523186111450195e+01 
1.156555786728859e-01 9.932893514633179e-01 1.380565026920522e-05 1.721428680419922e+01 
-1.193686475744471e-04 0.000000000000000e+00 1.000000000000000e+00 1.501489257812500e+01 
0.000000000000000e+00 0.000000000000000e+00 0.000000000000000e+00 1.000000000000000e+00 
src volume info
valid = 1  # volume info valid
filename = /out/sourcedata/freesurfer/sub-v1s18x0051227_ses-1/mri/norm.mgz
volume = 256 256 256
voxelsize = 1.000000000000000e+00 1.000000000000000e+00 1.000000000000000e+00
xras   = -1.000000000000000e+00 0.000000000000000e+00 0.000000000000000e+00
yras   = 0.000000000000000e+00 0.000000000000000e+00 -1.000000119209290e+00
zras   = 0.000000000000000e+00 1.000000000000000e+00 0.000000000000000e+00
cras   = 1.903617858886719e+00 5.837318420410156e+00 9.378814697265625e-01
dst volume info
valid = 1  # volume info valid
filename = /out/sourcedata/freesurfer/sub-v1s18x0051227_ses-1/mri/norm.mgz
volume = 256 256 256
voxelsize = 1.000000000000000e+00 1.000000000000000e+00 1.000000000000000e+00
xras   = -1.000000000000000e+00 0.000000000000000e+00 0.000000000000000e+00
yras   = 0.000000000000000e+00 0.000000000000000e+00 -1.000000119209290e+00
zras   = 0.000000000000000e+00 1.000000000000000e+00 0.000000000000000e+00
cras   = 1.903617858886719e+00 5.837318420410156e+00 9.378814697265625e-01
