#Insight Transform File V1.0
#Transform 0
Transform: AffineTransform_float_3_3
Parameters: 0.999993 0.000666184 -0.00347487 -0.000657665 0.999997 0.00241497 0.00347613 -0.00241303 0.999991 -0.154226 0.00264839 0.93692
FixedParameters: 0 0 0

#Transform 1
Transform: AffineTransform_float_3_3
Parameters: 0.999998 -0.000382697 -0.00167428 0.000387055 0.999997 0.00247408 0.00167364 -0.00247492 0.999995 -0.14793 -0.0137151 0.836209
FixedParameters: 0 0 0

#Transform 2
Transform: AffineTransform_float_3_3
Parameters: 0.999996 0.000726437 -0.00272145 -0.000716989 0.999994 0.00334963 0.0027235 -0.00334837 0.99999 -0.166128 -0.00592003 0.853447
FixedParameters: 0 0 0

#Transform 3
Transform: AffineTransform_float_3_3
Parameters: 0.999996 -0.000263199 -0.00289944 0.000268067 0.999999 0.00160741 0.00289899 -0.00160759 0.999995 -0.164785 0.0165385 1.04644
FixedParameters: 0 0 0

#Transform 4
Transform: AffineTransform_float_3_3
Parameters: 0.999998 0.000498869 -0.00186568 -0.00049565 0.999998 0.00160048 0.00186663 -0.00159952 0.999997 -0.112515 0.10324 0.713637
FixedParameters: 0 0 0

#Transform 5
Transform: AffineTransform_float_3_3
Parameters: 0.999993 -0.000141328 -0.0035915 0.000130575 0.999996 -0.00273703 0.00359143 0.00273697 0.99999 -0.141773 -0.120223 0.78428
FixedParameters: 0 0 0

#Transform 6
Transform: AffineTransform_float_3_3
Parameters: 0.999994 0.000438756 -0.00325953 -0.000441517 1 -0.000975731 0.00325878 0.000977272 0.999994 -0.143173 -0.128886 0.687959
FixedParameters: 0 0 0

#Transform 7
Transform: AffineTransform_float_3_3
Parameters: 0.999991 0.000893752 -0.004206 -0.000905862 0.999996 -0.00291172 0.00420366 0.00291528 0.999987 -0.205882 -0.11927 1.01925
FixedParameters: 0 0 0

#Transform 8
Transform: AffineTransform_float_3_3
Parameters: 0.999987 0.000867997 -0.00506502 -0.000878734 0.999997 -0.00214507 0.00506385 0.00214993 0.999985 -0.241169 0.109955 1.03495
FixedParameters: 0 0 0

#Transform 9
Transform: AffineTransform_float_3_3
Parameters: 0.999994 0.000832648 -0.00315885 -0.00083629 0.999999 -0.00122942 0.00315777 0.00123158 0.999994 -0.177217 0.0344284 0.666904
FixedParameters: 0 0 0

#Transform 10
Transform: AffineTransform_float_3_3
Parameters: 0.999997 0.0009861 -0.00235089 -0.000991328 0.999997 -0.00210229 0.00234855 0.00210471 0.999995 -0.161843 -0.0644185 0.545572
FixedParameters: 0 0 0

#Transform 11
Transform: AffineTransform_float_3_3
Parameters: 0.999999 0.000666628 -0.00170341 -0.000669523 0.999998 -0.00165831 0.00170184 0.00165969 0.999997 -0.133119 -0.0372914 0.586941
FixedParameters: 0 0 0

#Transform 12
Transform: AffineTransform_float_3_3
Parameters: 0.999998 0.000869582 -0.00178741 -0.000873892 0.999996 -0.00289534 0.0017845 0.00289667 0.999995 -0.123511 -0.134836 0.527443
FixedParameters: 0 0 0

#Transform 13
Transform: AffineTransform_float_3_3
Parameters: 0.999999 0.00126243 0.000178537 -0.00126238 0.999999 -0.0010395 -0.000179785 0.0010395 0.999999 -0.0736172 -0.0307781 0.216077
FixedParameters: 0 0 0

#Transform 14
Transform: AffineTransform_float_3_3
Parameters: 0.999996 0.00154502 0.00230607 -0.00154596 0.999998 0.000753229 -0.00230532 -0.000756773 0.999997 -0.00354182 0.0169085 -0.150334
FixedParameters: 0 0 0

#Transform 15
Transform: AffineTransform_float_3_3
Parameters: 0.999999 0.000276774 -0.00119885 -0.000274122 0.999998 0.00225433 0.00119945 -0.00225367 0.999996 -0.031516 -0.134573 0.126262
FixedParameters: 0 0 0

#Transform 16
Transform: AffineTransform_float_3_3
Parameters: 0.999998 -0.000188692 0.00226041 0.000182511 0.999997 0.0024687 -0.00226088 -0.0024683 0.999995 -0.0507427 -0.0732334 0.169197
FixedParameters: 0 0 0

#Transform 17
Transform: AffineTransform_float_3_3
Parameters: 0.999996 -0.000756409 0.00243545 0.000752485 0.999998 0.00193622 -0.00243707 -0.00193478 0.999995 -0.000524267 -0.230702 0.0936971
FixedParameters: 0 0 0

#Transform 18
Transform: AffineTransform_float_3_3
Parameters: 0.999999 -0.000482197 0.00178314 0.000478552 0.999998 0.00194241 -0.00178351 -0.00194159 0.999997 -0.0541573 -0.0645814 0.114236
FixedParameters: 0 0 0

#Transform 19
Transform: AffineTransform_float_3_3
Parameters: 1 -0.000228112 0.000216621 0.000227971 1 0.000325049 -0.00021677 -0.000324951 1 -0.0577764 0.00254156 0.0896537
FixedParameters: 0 0 0

#Transform 20
Transform: AffineTransform_float_3_3
Parameters: 1 -0.000306265 -0.000433662 0.000305851 0.999999 -0.00145713 0.000434026 0.00145687 0.999999 0.00196363 -0.0172099 -0.0326946
FixedParameters: 0 0 0

#Transform 21
Transform: AffineTransform_float_3_3
Parameters: 1 7.17148e-05 -0.000565527 -7.30026e-05 0.999997 -0.00235596 0.000565509 0.00235604 0.999997 -0.0248923 -0.181596 -0.0763394
FixedParameters: 0 0 0

#Transform 22
Transform: AffineTransform_float_3_3
Parameters: 0.999999 -0.000787398 0.000606898 0.000787243 0.999999 0.000127478 -0.000607098 -0.000126522 1 -0.0382101 -0.109172 -0.0608135
FixedParameters: 0 0 0

#Transform 23
Transform: AffineTransform_float_3_3
Parameters: 0.999999 -0.000350799 0.000641682 0.000349802 0.999999 0.000777224 -0.000642227 -0.000776774 0.999999 -0.0768954 -0.0879771 0.165025
FixedParameters: 0 0 0

#Transform 24
Transform: AffineTransform_float_3_3
Parameters: 0.999998 -0.000862911 0.00175906 0.000859708 0.999997 0.00223362 -0.00176109 -0.00223238 0.999996 -0.0472959 -0.109399 -0.158915
FixedParameters: 0 0 0

#Transform 25
Transform: AffineTransform_float_3_3
Parameters: 1 -0.000883189 0.000785429 0.000880892 0.999997 0.00246625 -0.00078723 -0.00246575 0.999997 -0.0642238 -0.0166645 0.161406
FixedParameters: 0 0 0

#Transform 26
Transform: AffineTransform_float_3_3
Parameters: 0.999987 -0.00393181 -0.00340864 0.00393072 0.999992 -8.96946e-05 0.00340845 7.63046e-05 0.999994 0.0146527 -0.11123 -0.0550904
FixedParameters: 0 0 0

#Transform 27
Transform: AffineTransform_float_3_3
Parameters: 0.999998 3.65506e-05 0.00225508 -3.0815e-05 0.999997 -0.00244807 -0.00225431 0.00244793 0.999995 0.0543825 0.00795378 0.200824
FixedParameters: 0 0 0

#Transform 28
Transform: AffineTransform_float_3_3
Parameters: 1 5.65439e-05 0.00111526 -5.79982e-05 1 0.000652384 -0.00111519 -0.000651616 0.999999 -0.0544003 -0.0122414 0.260339
FixedParameters: 0 0 0

#Transform 29
Transform: AffineTransform_float_3_3
Parameters: 0.999999 -0.000810548 0.000178118 0.000810737 0.999999 0.000947145 -0.000178804 -0.000946856 1 -0.0738545 0.0595857 0.0822828
FixedParameters: 0 0 0

#Transform 30
Transform: AffineTransform_float_3_3
Parameters: 1 -0.000176198 0.000331708 0.000175665 0.999995 0.00287634 -0.000332397 -0.00287666 0.999996 -0.0873228 0.0090888 0.184291
FixedParameters: 0 0 0

#Transform 31
Transform: AffineTransform_float_3_3
Parameters: 1 0.000164286 0.000122009 -0.000164821 0.999994 0.00351298 -0.00012223 -0.00351302 0.999994 -0.0873668 -0.0468721 0.151507
FixedParameters: 0 0 0

#Transform 32
Transform: AffineTransform_float_3_3
Parameters: 1 -0.00050905 -0.000209449 0.000509498 0.999993 0.0038879 0.000207393 -0.00388811 0.999993 -0.103785 0.0416454 0.204557
FixedParameters: 0 0 0

#Transform 33
Transform: AffineTransform_float_3_3
Parameters: 0.999999 -7.81207e-05 -0.0012326 8.47627e-05 0.999984 0.00562018 0.00123144 -0.00562082 0.999983 -0.184645 -0.0406972 0.527069
FixedParameters: 0 0 0

#Transform 34
Transform: AffineTransform_float_3_3
Parameters: 0.999999 -0.00133317 0.00039171 0.00133218 0.99999 0.00418608 -0.000397241 -0.00418592 0.999992 -0.13391 0.0806623 0.515081
FixedParameters: 0 0 0

#Transform 35
Transform: AffineTransform_float_3_3
Parameters: 0.999988 -0.00477334 -0.000366955 0.00477395 0.999987 0.00160642 0.000360192 -0.00160858 0.999998 -0.0694334 -0.0279278 0.578017
FixedParameters: 0 0 0

#Transform 36
Transform: AffineTransform_float_3_3
Parameters: 0.999987 -0.00299373 -0.00410319 0.00302267 0.99997 0.00707396 0.00408211 -0.00708604 0.999967 -0.108933 0.37992 0.380478
FixedParameters: 0 0 0

#Transform 37
Transform: AffineTransform_float_3_3
Parameters: 0.999996 -0.00154282 -0.00217046 0.00156339 0.999957 0.00922271 0.00215615 -0.0092263 0.999955 -0.167107 0.124344 0.52531
FixedParameters: 0 0 0

#Transform 38
Transform: AffineTransform_float_3_3
Parameters: 0.999998 -0.000757069 -0.00197156 0.000775262 0.99996 0.00890867 0.00196485 -0.00891034 0.999959 -0.176314 0.0639068 0.458184
FixedParameters: 0 0 0

#Transform 39
Transform: AffineTransform_float_3_3
Parameters: 0.999994 -0.00219055 -0.00274661 0.00221365 0.999962 0.0084881 0.00272842 -0.00849389 0.99996 -0.156404 0.0801786 0.413891
FixedParameters: 0 0 0

#Transform 40
Transform: AffineTransform_float_3_3
Parameters: 0.999996 -0.0017633 -0.00214327 0.00177812 0.999973 0.00719673 0.00213001 -0.00720027 0.999972 -0.142271 0.0288387 0.382005
FixedParameters: 0 0 0

#Transform 41
Transform: AffineTransform_float_3_3
Parameters: 0.999995 -0.00186691 -0.0023068 0.00188066 0.99998 0.00608137 0.00229518 -0.00608463 0.999978 -0.144326 0.11237 0.312397
FixedParameters: 0 0 0

#Transform 42
Transform: AffineTransform_float_3_3
Parameters: 0.999994 -0.00236305 -0.00247507 0.00238293 0.999965 0.00803984 0.00245623 -0.00804617 0.999965 -0.139803 0.0779135 0.492788
FixedParameters: 0 0 0

#Transform 43
Transform: AffineTransform_float_3_3
Parameters: 0.999994 -0.00151005 -0.00329192 0.00152778 0.999983 0.00564797 0.00328327 -0.00565303 0.999978 -0.202085 0.11904 0.411945
FixedParameters: 0 0 0

#Transform 44
Transform: AffineTransform_float_3_3
Parameters: 0.999997 -0.00218397 -0.00104517 0.00219001 0.999978 0.00619962 0.00103169 -0.00620238 0.99998 -0.176336 0.141863 0.346884
FixedParameters: 0 0 0

#Transform 45
Transform: AffineTransform_float_3_3
Parameters: 0.999997 -0.00237262 -0.000714418 0.00237824 0.999969 0.00755649 0.000696939 -0.00755851 0.999971 -0.152077 0.107365 0.371809
FixedParameters: 0 0 0

#Transform 46
Transform: AffineTransform_float_3_3
Parameters: 0.999997 -0.00206685 -0.00139487 0.00207502 0.999983 0.00547118 0.00138362 -0.00547381 0.999983 -0.178402 0.0400943 0.302929
FixedParameters: 0 0 0

#Transform 47
Transform: AffineTransform_float_3_3
Parameters: 0.999998 -0.00195003 -0.00122215 0.0019585 0.99998 0.00615424 0.00121036 -0.00615676 0.99998 -0.18733 0.20187 0.396187
FixedParameters: 0 0 0

#Transform 48
Transform: AffineTransform_float_3_3
Parameters: 0.999975 -0.00422407 -0.00566459 0.00424402 0.999984 0.00353613 0.00564941 -0.00355986 0.999978 -0.226137 0.0986385 0.39544
FixedParameters: 0 0 0

#Transform 49
Transform: AffineTransform_float_3_3
Parameters: 0.999875 -0.00702234 -0.0142104 0.00709172 0.999963 0.00482858 0.0141761 -0.00492942 0.999887 -0.358302 0.186837 0.629202
FixedParameters: 0 0 0

#Transform 50
Transform: AffineTransform_float_3_3
Parameters: 0.999912 -0.00469002 -0.012401 0.00471441 0.999987 0.0019526 0.0123919 -0.00201041 0.999921 -0.348779 0.0702866 0.934853
FixedParameters: 0 0 0

#Transform 51
Transform: AffineTransform_float_3_3
Parameters: 0.999959 -0.00380258 -0.00815187 0.00381788 0.999991 0.00187464 0.00814472 -0.00190536 0.999965 -0.239241 0.109297 0.917988
FixedParameters: 0 0 0

#Transform 52
Transform: AffineTransform_float_3_3
Parameters: 0.999957 -0.00304198 -0.00867932 0.00307503 0.999988 0.00380094 0.00866711 -0.00382706 0.999955 -0.236682 0.0821534 0.761554
FixedParameters: 0 0 0

#Transform 53
Transform: AffineTransform_float_3_3
Parameters: 0.999955 -0.00190585 -0.00930812 0.0019395 0.999992 0.00360039 0.0093009 -0.00361861 0.99995 -0.296252 0.166488 0.952821
FixedParameters: 0 0 0

#Transform 54
Transform: AffineTransform_float_3_3
Parameters: 0.999958 -0.00187568 -0.00890109 0.00189487 0.999996 0.00213677 0.00889654 -0.00215323 0.999958 -0.280465 0.0306423 0.915488
FixedParameters: 0 0 0

#Transform 55
Transform: AffineTransform_float_3_3
Parameters: 0.999957 -0.00373809 -0.00841934 0.00377683 0.999983 0.00454681 0.00840156 -0.00457818 0.999954 -0.29061 0.0981386 0.898692
FixedParameters: 0 0 0

#Transform 56
Transform: AffineTransform_float_3_3
Parameters: 0.999953 -0.00478246 -0.00842997 0.00486618 0.999939 0.00995633 0.00838227 -0.00999668 0.999915 -0.212215 0.181457 1.07584
FixedParameters: 0 0 0

#Transform 57
Transform: AffineTransform_float_3_3
Parameters: 0.999975 -0.00100346 -0.0069969 0.00105273 0.999975 0.00696869 0.00699013 -0.00697629 0.999951 -0.241341 0.142891 1.01366
FixedParameters: 0 0 0

#Transform 58
Transform: AffineTransform_float_3_3
Parameters: 0.999974 0.000390689 -0.00722546 -0.000345453 0.99998 0.0063138 0.00722803 -0.0063102 0.999954 -0.269509 0.0924175 0.840875
FixedParameters: 0 0 0

#Transform 59
Transform: AffineTransform_float_3_3
Parameters: 0.999971 0.000311828 -0.00752585 -0.000272353 0.999986 0.00525618 0.00752762 -0.00525483 0.999958 -0.258354 0.0765829 0.756077
FixedParameters: 0 0 0

#Transform 60
Transform: AffineTransform_float_3_3
Parameters: 0.999972 -0.000116073 -0.00747284 0.000160542 0.999982 0.00594673 0.00747167 -0.00594827 0.999954 -0.246916 0.0736538 0.730118
FixedParameters: 0 0 0

#Transform 61
Transform: AffineTransform_float_3_3
Parameters: 0.999979 -0.00129243 -0.0064198 0.00132048 0.99999 0.00431367 0.00641372 -0.00432233 0.99997 -0.179415 0.0229439 0.604604
FixedParameters: 0 0 0

#Transform 62
Transform: AffineTransform_float_3_3
Parameters: 0.999974 -0.000459735 -0.0071004 0.000485557 0.999993 0.00363874 0.00709888 -0.00364225 0.999968 -0.169578 0.129003 0.525936
FixedParameters: 0 0 0

#Transform 63
Transform: AffineTransform_float_3_3
Parameters: 0.99998 -0.000831775 -0.00627706 0.000843296 0.999998 0.00186973 0.00627547 -0.00187527 0.999978 -0.19461 0.0934957 0.168685
FixedParameters: 0 0 0

#Transform 64
Transform: AffineTransform_float_3_3
Parameters: 0.999984 0.000249219 -0.00575345 -0.000240413 0.999999 0.00139226 0.0057539 -0.00139074 0.999982 -0.21031 0.026235 0.253342
FixedParameters: 0 0 0

#Transform 65
Transform: AffineTransform_float_3_3
Parameters: 0.999984 -1.43879e-05 -0.00552594 2.63434e-05 0.999997 0.00205991 0.0055255 -0.00206009 0.999983 -0.185896 -0.0309361 0.227424
FixedParameters: 0 0 0

#Transform 66
Transform: AffineTransform_float_3_3
Parameters: 0.999984 -9.6708e-05 -0.00561907 0.00010882 0.999998 0.00223745 0.00561846 -0.00223856 0.999982 -0.196529 -0.025538 0.147019
FixedParameters: 0 0 0

#Transform 67
Transform: AffineTransform_float_3_3
Parameters: 0.999985 0.000509053 -0.00543403 -0.000497587 0.999998 0.00209942 0.00543494 -0.00209659 0.999983 -0.171084 -0.0348136 0.117037
FixedParameters: 0 0 0

#Transform 68
Transform: AffineTransform_float_3_3
Parameters: 0.999985 5.02517e-05 -0.00560911 -4.02059e-05 0.999998 0.00178355 0.00560839 -0.00178345 0.999983 -0.172196 -0.0557319 0.12143
FixedParameters: 0 0 0

#Transform 69
Transform: AffineTransform_float_3_3
Parameters: 0.999986 -0.000199762 -0.00529824 0.000203428 1 0.000685399 0.00529785 -0.000686601 0.999986 -0.172707 -0.0137473 0.138052
FixedParameters: 0 0 0

#Transform 70
Transform: AffineTransform_float_3_3
Parameters: 0.999986 -0.000393406 -0.00536555 0.000394928 1 0.000219799 0.0053659 -0.000222199 0.999985 -0.154802 -0.011707 0.117439
FixedParameters: 0 0 0

#Transform 71
Transform: AffineTransform_float_3_3
Parameters: 0.999978 -0.00628525 -0.00234951 0.00628836 0.99998 0.00117983 0.00234199 -0.00119417 0.999997 -0.00286745 0.058812 -0.20659
FixedParameters: 0 0 0

#Transform 72
Transform: AffineTransform_float_3_3
Parameters: 0.999985 -0.00136483 -0.00540407 0.00136431 0.999999 -5.20523e-05 0.0054042 4.49461e-05 0.999985 -0.0252654 0.0142143 -0.114475
FixedParameters: 0 0 0

#Transform 73
Transform: AffineTransform_float_3_3
Parameters: 0.999991 -0.00024144 -0.00405525 0.000252387 0.999997 0.00272174 0.00405492 -0.00272327 0.999988 -0.0932553 0.0080684 -0.37567
FixedParameters: 0 0 0

#Transform 74
Transform: AffineTransform_float_3_3
Parameters: 0.999999 2.46766e-05 -0.00181992 -2.21857e-05 0.999999 0.00129605 0.00182018 -0.00129595 0.999998 -0.134448 -0.0577619 -0.321252
FixedParameters: 0 0 0

#Transform 75
Transform: AffineTransform_float_3_3
Parameters: 0.999989 6.94942e-05 -0.00472148 -9.55793e-05 0.999984 -0.00552359 0.00472087 0.0055244 0.999973 -0.210256 -0.165023 -0.0308049
FixedParameters: 0 0 0

#Transform 76
Transform: AffineTransform_float_3_3
Parameters: 0.999948 0.00535772 -0.00860397 -0.00519348 0.999807 0.0189089 0.0087041 -0.0188631 0.999785 -0.359951 0.350843 1.6836
FixedParameters: 0 0 0

#Transform 77
Transform: AffineTransform_float_3_3
Parameters: 0.999968 0.00442671 -0.00657489 -0.00424706 0.999622 0.0271237 0.00669231 -0.0270952 0.999611 -0.346905 0.316692 1.02315
FixedParameters: 0 0 0

#Transform 78
Transform: AffineTransform_float_3_3
Parameters: 0.999988 0.00342223 -0.0037106 -0.0033602 0.999859 0.0164417 0.00376568 -0.0164293 0.999858 -0.24804 0.123187 0.831524
FixedParameters: 0 0 0

#Transform 79
Transform: AffineTransform_float_3_3
Parameters: 0.999987 0.00377338 -0.00322137 -0.00373805 0.999933 0.0109409 0.00326321 -0.0109291 0.999935 -0.244363 0.119971 0.498254
FixedParameters: 0 0 0

#Transform 80
Transform: AffineTransform_float_3_3
Parameters: 0.999993 0.00313317 -0.00212118 -0.00311338 0.999949 0.00959754 0.00215072 -0.00959046 0.999951 -0.220827 0.0340302 0.493262
FixedParameters: 0 0 0

#Transform 81
Transform: AffineTransform_float_3_3
Parameters: 0.999998 0.00210102 -0.000769354 -0.00208636 0.99983 0.018347 0.000807973 -0.018346 0.999831 -0.167645 0.226222 0.111687
FixedParameters: 0 0 0

#Transform 82
Transform: AffineTransform_float_3_3
Parameters: 0.999797 -0.00717583 -0.0187896 0.00733426 0.999938 0.00840864 0.0187279 -0.00854537 0.999788 -0.295912 0.231482 0.877585
FixedParameters: 0 0 0

#Transform 83
Transform: AffineTransform_float_3_3
Parameters: 0.999453 -0.00961398 -0.0316265 0.00986557 0.999921 0.00781558 0.0315486 -0.00812343 0.999469 -0.763559 0.247196 1.67405
FixedParameters: 0 0 0

#Transform 84
Transform: AffineTransform_float_3_3
Parameters: 0.999648 -0.00853677 -0.0251249 0.0084364 0.999956 -0.00407756 0.025159 0.00386443 0.999676 -0.734377 0.0128019 0.366236
FixedParameters: 0 0 0

#Transform 85
Transform: AffineTransform_float_3_3
Parameters: 0.999689 -0.0081501 -0.0235603 0.00802867 0.999955 -0.0052169 0.0236016 0.0050261 0.999709 -0.694557 -0.0150793 0.279935
FixedParameters: 0 0 0

#Transform 86
Transform: AffineTransform_float_3_3
Parameters: 0.999731 -0.00842004 -0.0215806 0.00832773 0.999956 -0.00435498 0.0216162 0.00417401 0.999757 -0.652117 0.0475205 0.22359
FixedParameters: 0 0 0

#Transform 87
Transform: AffineTransform_float_3_3
Parameters: 0.999713 -0.00806702 -0.0225257 0.0080162 0.999965 -0.00235759 0.0225445 0.00217641 0.999743 -0.66636 0.00827437 0.383466
FixedParameters: 0 0 0

#Transform 88
Transform: AffineTransform_float_3_3
Parameters: 0.999702 -0.0086545 -0.022825 0.00859967 0.99996 -0.00250505 0.0228453 0.00230796 0.999737 -0.673919 0.0295401 0.356104
FixedParameters: 0 0 0

#Transform 89
Transform: AffineTransform_float_3_3
Parameters: 0.999697 -0.00811499 -0.0232661 0.00805864 0.999964 -0.00249199 0.0232859 0.00230399 0.999726 -0.668812 -0.0149189 0.333965
FixedParameters: 0 0 0

#Transform 90
Transform: AffineTransform_float_3_3
Parameters: 0.999675 -0.00745026 -0.0243799 0.00736702 0.999966 -0.00349046 0.0244061 0.00330952 0.999697 -0.728533 0.0708718 0.339199
FixedParameters: 0 0 0

#Transform 91
Transform: AffineTransform_float_3_3
Parameters: 0.999708 -0.00785212 -0.0228691 0.00774725 0.999959 -0.00469121 0.0229047 0.0045128 0.999727 -0.703475 -0.0020616 0.371758
FixedParameters: 0 0 0

#Transform 92
Transform: AffineTransform_float_3_3
Parameters: 0.999743 -0.00720231 -0.0214991 0.00714403 0.99997 -0.00280037 0.0215193 0.00264663 0.999765 -0.703615 0.081201 0.0604286
FixedParameters: 0 0 0

#Transform 93
Transform: AffineTransform_float_3_3
Parameters: 0.999817 -0.0032113 -0.0188221 0.00318285 0.999994 -0.00154898 0.0188269 0.00148903 0.999822 -0.656329 0.202351 -0.258138
FixedParameters: 0 0 0

#Transform 94
Transform: AffineTransform_float_3_3
Parameters: 0.999842 -0.00315494 -0.0175235 0.00311813 0.999993 -0.00209748 0.0175296 0.00204251 0.999844 -0.634595 0.0154994 -0.127494
FixedParameters: 0 0 0

#Transform 95
Transform: AffineTransform_float_3_3
Parameters: 0.99985 -0.0027519 -0.0171142 0.00270704 0.999993 -0.00261298 0.0171212 0.00256601 0.99985 -0.621989 0.0555637 -0.237725
FixedParameters: 0 0 0

#Transform 96
Transform: AffineTransform_float_3_3
Parameters: 0.99986 -0.00242281 -0.0165457 0.0023565 0.999989 -0.00401868 0.0165556 0.00397931 0.999854 -0.60851 -0.0405886 -0.206643
FixedParameters: 0 0 0

#Transform 97
Transform: AffineTransform_float_3_3
Parameters: 0.999842 -0.00352509 -0.0173943 0.00347509 0.999989 -0.00291201 0.0174045 0.00285099 0.999844 -0.522078 0.0136847 -0.382891
FixedParameters: 0 0 0

#Transform 98
Transform: AffineTransform_float_3_3
Parameters: 0.999903 -0.00252564 -0.0136795 0.00249598 0.999994 -0.00218223 0.0136849 0.00214777 0.999904 -0.506864 0.102753 -0.39767
FixedParameters: 0 0 0

#Transform 99
Transform: AffineTransform_float_3_3
Parameters: 0.999906 -0.00243322 -0.0134755 0.00242272 0.999997 -0.000799496 0.0134775 0.000766504 0.999909 -0.510234 0.0168786 -0.251452
FixedParameters: 0 0 0

#Transform 100
Transform: AffineTransform_float_3_3
Parameters: 0.9999 -0.00255794 -0.0139578 0.00256484 0.999997 0.000449099 0.0139569 -0.000485896 0.999903 -0.529948 0.0456953 -0.175348
FixedParameters: 0 0 0

#Transform 101
Transform: AffineTransform_float_3_3
Parameters: 0.999894 -0.00277655 -0.0142887 0.00277168 0.999996 -0.000405103 0.0142894 0.000365907 0.999898 -0.543133 0.0593691 -0.0505217
FixedParameters: 0 0 0

#Transform 102
Transform: AffineTransform_float_3_3
Parameters: 0.99986 -0.00282319 -0.0164644 0.00279443 0.999994 -0.00172725 0.0164688 0.00168074 0.999863 -0.592475 -0.0892964 0.00760083
FixedParameters: 0 0 0

#Transform 103
Transform: AffineTransform_float_3_3
Parameters: 0.999866 -0.00218691 -0.0162161 0.0022395 0.999992 0.00322875 0.0162097 -0.00326526 0.999864 -0.615722 -0.0116313 0.183663
FixedParameters: 0 0 0

#Transform 104
Transform: AffineTransform_float_3_3
Parameters: 0.999886 -0.00338244 -0.0147322 0.0033484 0.999992 -0.00229957 0.01474 0.00224942 0.999889 -0.567483 -0.129851 0.267942
FixedParameters: 0 0 0

#Transform 105
Transform: AffineTransform_float_3_3
Parameters: 0.999892 -0.00315188 -0.014366 0.00312061 0.999993 -0.00215156 0.0143725 0.00210643 0.999894 -0.582455 0.0217511 0.164758
FixedParameters: 0 0 0

#Transform 106
Transform: AffineTransform_float_3_3
Parameters: 0.999894 -0.00688972 -0.0128816 0.00686878 0.999975 -0.00172158 0.0128933 0.00163343 0.999915 -0.441931 -0.0723066 0.154122
FixedParameters: 0 0 0

#Transform 107
Transform: AffineTransform_float_3_3
Parameters: 0.999756 -0.00319753 -0.0218279 0.00324115 0.999993 0.00197968 0.0218212 -0.00204933 0.999759 -0.526242 0.64824 -0.30314
FixedParameters: 0 0 0

#Transform 108
Transform: AffineTransform_float_3_3
Parameters: 0.99985 -0.00206656 -0.0172052 0.00205371 0.999998 -0.000779076 0.0172071 0.000743928 0.999852 -0.464005 0.336151 1.25437
FixedParameters: 0 0 0

#Transform 109
Transform: AffineTransform_float_3_3
Parameters: 0.999844 -0.00155544 -0.0175799 0.00167887 0.999974 0.00700494 0.0175689 -0.00703406 0.999821 -0.587805 0.377986 1.36666
FixedParameters: 0 0 0

#Transform 110
Transform: AffineTransform_float_3_3
Parameters: 0.999906 -0.000503727 -0.0137068 0.00061587 0.999966 0.00818349 0.0137025 -0.00819051 0.999872 -0.578645 0.388198 1.27948
FixedParameters: 0 0 0

#Transform 111
Transform: AffineTransform_float_3_3
Parameters: 0.999933 0.00193706 -0.0114319 -0.00195337 0.999997 -0.00143913 0.0114287 0.00146187 0.999934 -0.457135 0.415677 -1.05782
FixedParameters: 0 0 0

#Transform 112
Transform: AffineTransform_float_3_3
Parameters: 0.999913 0.00101581 -0.013162 -0.00104773 0.999997 -0.00242618 0.0131594 0.00243882 0.99991 -0.28796 -0.0792489 -0.833058
FixedParameters: 0 0 0

#Transform 113
Transform: AffineTransform_float_3_3
Parameters: 0.999937 -0.000452757 -0.0112771 0.00043047 0.999998 -0.0019632 0.0112782 0.00195879 0.999934 -0.367219 0.0111123 -0.573749
FixedParameters: 0 0 0

#Transform 114
Transform: AffineTransform_float_3_3
Parameters: 0.999947 -0.000597266 -0.010296 0.000532125 0.99998 -0.00631061 0.0102994 0.00630539 0.999927 -0.415193 -0.0849915 -1.6336
FixedParameters: 0 0 0

#Transform 115
Transform: AffineTransform_float_3_3
Parameters: 0.999812 -0.00144899 -0.0193236 0.00096658 0.999689 -0.0249455 0.0193532 0.0249225 0.999502 -0.648014 -0.345889 -2.09565
FixedParameters: 0 0 0

#Transform 116
Transform: AffineTransform_float_3_3
Parameters: 0.999874 -0.00323697 -0.0154946 0.0027774 0.999558 -0.0295683 0.0155831 0.0295217 0.999443 -0.526481 -0.416441 -2.48059
FixedParameters: 0 0 0

#Transform 117
Transform: AffineTransform_float_3_3
Parameters: 0.999824 -0.00368645 -0.0184356 0.00318258 0.999623 -0.0272735 0.0185295 0.0272105 0.999458 -0.498684 -0.475256 -2.23341
FixedParameters: 0 0 0

#Transform 118
Transform: AffineTransform_float_3_3
Parameters: 0.999796 -0.00298444 -0.0199675 0.00253357 0.999741 -0.0225929 0.0200296 0.0225381 0.999545 -0.622426 -0.382313 -2.06879
FixedParameters: 0 0 0

#Transform 119
Transform: AffineTransform_float_3_3
Parameters: 0.999862 0.000556455 -0.0165715 -0.000964594 0.999696 -0.0246056 0.0165533 0.0246174 0.99956 -0.899588 -0.26921 -2.63559
FixedParameters: 0 0 0
