#Insight Transform File V1.0
#Transform 0
Transform: AffineTransform_float_3_3
Parameters: 0.999998 -0.000312149 -0.0020442 0.000310616 1 -0.00114784 0.00204476 0.00114717 0.999998 -0.0100584 -0.0320028 -0.0395494
FixedParameters: 0 0 0

#Transform 1
Transform: AffineTransform_float_3_3
Parameters: 0.999999 -0.000458841 -0.00118529 0.000457204 1 -0.00108454 0.00118592 0.00108346 0.999998 -0.00665435 0.0060494 -0.23744
FixedParameters: 0 0 0

#Transform 2
Transform: AffineTransform_float_3_3
Parameters: 1 -0.000582452 -0.000979154 0.000583422 0.999999 0.000971765 0.000978381 -0.000972234 0.999999 0.00439331 -0.0125807 -0.277527
FixedParameters: 0 0 0

#Transform 3
Transform: AffineTransform_float_3_3
Parameters: 0.999999 -0.000857017 -0.0010279 0.000857915 0.999999 0.00116912 0.00102754 -0.00117088 0.999999 0.010425 0.0210806 -0.295457
FixedParameters: 0 0 0

#Transform 4
Transform: AffineTransform_float_3_3
Parameters: 1 -0.00112145 -0.000438201 0.00112198 1 0.00060538 0.000436842 -0.00060562 1 0.0297346 -0.000644807 -0.328405
FixedParameters: 0 0 0

#Transform 5
Transform: AffineTransform_float_3_3
Parameters: 0.999997 -0.00157529 0.00218275 0.00157523 0.999999 0.000311157 -0.00218315 -0.000307845 0.999997 0.0437321 -0.000450923 -0.339892
FixedParameters: 0 0 0

#Transform 6
Transform: AffineTransform_float_3_3
Parameters: 0.999999 -0.00139234 0.00117604 0.00139221 0.999999 0.000607096 -0.00117716 -0.000605904 0.999999 0.0725506 -0.0579205 -0.267973
FixedParameters: 0 0 0

#Transform 7
Transform: AffineTransform_float_3_3
Parameters: 0.999999 -0.000959448 0.000928086 0.000958636 0.999999 0.000437684 -0.000928925 -0.000437315 0.999999 0.0381977 -0.0405783 -0.185092
FixedParameters: 0 0 0

#Transform 8
Transform: AffineTransform_float_3_3
Parameters: 0.999998 -0.000960292 0.00138351 0.000960388 1 -3.38776e-05 -0.00138344 3.51223e-05 0.999999 0.0395506 -0.0434952 -0.11704
FixedParameters: 0 0 0

#Transform 9
Transform: AffineTransform_float_3_3
Parameters: 1 -0.00054838 0.000861511 0.00054908 0.999999 -0.000406397 -0.000861064 0.000406602 0.999999 0.0185758 -0.0286678 -0.145338
FixedParameters: 0 0 0

#Transform 10
Transform: AffineTransform_float_3_3
Parameters: 0.999999 -0.000426375 0.00117767 0.000427007 0.999999 -0.000268368 -0.00117744 0.000268632 0.999999 0.00870275 -0.0140672 -0.177304
FixedParameters: 0 0 0

#Transform 11
Transform: AffineTransform_float_3_3
Parameters: 1 -0.000753925 0.000854017 0.000753579 1 -0.000343693 -0.000853138 0.000344308 0.999999 0.032154 -0.0388039 -0.185478
FixedParameters: 0 0 0

#Transform 12
Transform: AffineTransform_float_3_3
Parameters: 0.999999 -0.00104962 0.0014193 0.00105076 0.999999 -0.00085538 -0.00141807 0.000857619 0.999999 0.0486284 -0.0117096 -0.195412
FixedParameters: 0 0 0

#Transform 13
Transform: AffineTransform_float_3_3
Parameters: 1 -0.000519647 0.000934616 0.000520361 1 -0.00107351 -0.000934073 0.00107449 0.999999 0.0417464 0.0582641 -0.211532
FixedParameters: 0 0 0

#Transform 14
Transform: AffineTransform_float_3_3
Parameters: 0.999999 -0.000380322 0.000831519 0.000381198 0.999999 -0.00130468 -0.000831098 0.00130532 0.999999 0.0296073 0.00800765 -0.189335
FixedParameters: 0 0 0

#Transform 15
Transform: AffineTransform_float_3_3
Parameters: 1 0.000209648 -0.000219804 -0.000210596 0.999997 -0.00216095 0.000218895 0.00216104 0.999997 0.0211505 -0.0060481 -0.00557601
FixedParameters: 0 0 0

#Transform 16
Transform: AffineTransform_float_3_3
Parameters: 0.999999 -0.000308902 -0.00139027 0.000306837 1 -0.00120709 0.00139158 0.00120691 0.999998 -0.00673394 0.0434614 0.00489715
FixedParameters: 0 0 0

#Transform 17
Transform: AffineTransform_float_3_3
Parameters: 0.999999 -0.000222946 -0.000781092 0.000223318 1 0.000237826 0.000780986 -0.000238174 0.999999 0.00557767 -0.00706804 -0.034979
FixedParameters: 0 0 0

#Transform 18
Transform: AffineTransform_float_3_3
Parameters: 1 -0.000381066 -4.5932e-05 0.000381075 1 0.000102982 4.58534e-05 -0.000103017 1 0.0108357 -0.0109383 -0.0325933
FixedParameters: 0 0 0

#Transform 19
Transform: AffineTransform_float_3_3
Parameters: 1 -7.60601e-05 -0.000163581 7.59296e-05 1 -0.000399012 0.000163642 0.000398987 1 0.0213258 -0.00922456 0.0165898
FixedParameters: 0 0 0

#Transform 20
Transform: AffineTransform_float_3_3
Parameters: 1 -2.38719e-05 -0.000183756 2.45603e-05 1 -0.000666004 0.000183428 0.000665995 1 0.00194411 0.00318754 -0.00698227
FixedParameters: 0 0 0

#Transform 21
Transform: AffineTransform_float_3_3
Parameters: 1 -0.000148097 5.5093e-05 0.000148156 1 -0.000535992 -5.49342e-05 0.000536008 1 0.00267726 -0.00317726 -0.0206369
FixedParameters: 0 0 0

#Transform 22
Transform: AffineTransform_float_3_3
Parameters: 0.999999 -7.15636e-05 -0.000781473 7.17952e-05 1 0.00074528 0.000781726 -0.00074472 1 -0.0141147 0.0822969 0.00967015
FixedParameters: 0 0 0

#Transform 23
Transform: AffineTransform_float_3_3
Parameters: 0.999998 0.000219963 -0.0019695 -0.000211394 0.999992 0.00410602 0.00197099 -0.00410598 0.99999 -0.00577409 -0.0883416 0.342795
FixedParameters: 0 0 0

#Transform 24
Transform: AffineTransform_float_3_3
Parameters: 1 7.41674e-05 -0.000404347 -7.37129e-05 0.999997 0.00216116 0.000404093 -0.00216184 0.999998 0.0213548 0.0417297 0.179911
FixedParameters: 0 0 0

#Transform 25
Transform: AffineTransform_float_3_3
Parameters: 1 0.000209491 -0.000456284 -0.000208945 0.999998 0.0020141 0.000456554 -0.0020139 0.999998 0.0201702 -0.0241159 0.15818
FixedParameters: 0 0 0

#Transform 26
Transform: AffineTransform_float_3_3
Parameters: 1 0.000340667 -0.000969156 -0.000338994 0.999998 0.00219646 0.000969503 -0.00219654 0.999998 0.0226247 -0.0102085 0.162143
FixedParameters: 0 0 0

#Transform 27
Transform: AffineTransform_float_3_3
Parameters: 1 0.000664367 -0.000898433 -0.000662256 0.999998 0.00209326 0.000899704 -0.00209274 0.999997 0.0183017 -0.0406601 0.160488
FixedParameters: 0 0 0

#Transform 28
Transform: AffineTransform_float_3_3
Parameters: 0.999999 0.000292389 -0.00088849 -0.000290591 0.999998 0.00226326 0.000889596 -0.00226274 0.999997 0.0226271 -0.0422117 0.126839
FixedParameters: 0 0 0

#Transform 29
Transform: AffineTransform_float_3_3
Parameters: 0.999999 -5.97273e-05 -0.000753561 6.10997e-05 0.999998 0.00214829 0.000754021 -0.00214771 0.999998 0.0257351 -0.0708973 0.155416
FixedParameters: 0 0 0

#Transform 30
Transform: AffineTransform_float_3_3
Parameters: 0.999999 4.42808e-05 -0.000793278 -4.23697e-05 0.999996 0.0026075 0.000793291 -0.0026075 0.999997 0.0247496 -0.000196108 0.154615
FixedParameters: 0 0 0

#Transform 31
Transform: AffineTransform_float_3_3
Parameters: 0.999999 0.000181277 -0.0008459 -0.000179661 0.999998 0.00227015 0.000846507 -0.00226985 0.999997 0.0292119 -0.00277301 0.139823
FixedParameters: 0 0 0

#Transform 32
Transform: AffineTransform_float_3_3
Parameters: 0.999999 -5.94033e-05 -0.000753586 6.14239e-05 0.999996 0.00257829 0.000753995 -0.00257771 0.999997 0.0416328 -0.0610708 0.164221
FixedParameters: 0 0 0

#Transform 33
Transform: AffineTransform_float_3_3
Parameters: 0.999999 -0.000601521 -0.000545668 0.000602824 0.999999 0.00171967 0.000544889 -0.00172033 0.999999 0.0399279 -0.0112121 0.100604
FixedParameters: 0 0 0

#Transform 34
Transform: AffineTransform_float_3_3
Parameters: 1 -0.000144 0.000291935 0.000142832 0.999998 0.00199804 -0.000292508 -0.00199796 0.999998 0.0185197 -0.0255832 0.123399
FixedParameters: 0 0 0

#Transform 35
Transform: AffineTransform_float_3_3
Parameters: 0.999999 8.8803e-05 0.00083482 -8.89169e-05 0.999999 0.000843262 -0.000834097 -0.000842738 0.999999 0.0114691 0.025402 0.0484516
FixedParameters: 0 0 0

#Transform 36
Transform: AffineTransform_float_3_3
Parameters: 0.999999 -7.40537e-05 0.00082764 7.26858e-05 0.999999 0.00138919 -0.000828204 -0.00138981 0.999999 0.0235763 -0.0289053 0.0909016
FixedParameters: 0 0 0

#Transform 37
Transform: AffineTransform_float_3_3
Parameters: 1 0.000155015 0.000916377 -0.000156639 0.999999 0.00139486 -0.000916303 -0.00139514 0.999998 0.0287818 -0.0171652 0.0776538
FixedParameters: 0 0 0

#Transform 38
Transform: AffineTransform_float_3_3
Parameters: 1 0.000324438 0.0011437 -0.000326517 0.999999 0.00172463 -0.0011433 -0.00172537 0.999998 0.0178034 -0.016028 0.0876918
FixedParameters: 0 0 0

#Transform 39
Transform: AffineTransform_float_3_3
Parameters: 0.999999 0.000116831 0.000957706 -0.000118233 0.999998 0.00189402 -0.000957048 -0.00189498 0.999998 0.0150219 -0.00397033 0.0650808
FixedParameters: 0 0 0

#Transform 40
Transform: AffineTransform_float_3_3
Parameters: 1 -0.000106402 0.00120552 0.000104559 1 0.00115113 -0.00120612 -0.00115087 0.999998 0.0294942 0.0209979 0.0100854
FixedParameters: 0 0 0

#Transform 41
Transform: AffineTransform_float_3_3
Parameters: 1 -0.00037937 0.000330744 0.000379365 1 7.12547e-06 -0.000330749 -6.87452e-06 1 0.00135675 0.0335169 0.184719
FixedParameters: 0 0 0

#Transform 42
Transform: AffineTransform_float_3_3
Parameters: 1 -8.0092e-05 7.03866e-05 7.98587e-05 0.999998 0.001654 -7.06511e-05 -0.00165399 0.999998 -0.000233144 -0.0248776 0.302271
FixedParameters: 0 0 0

#Transform 43
Transform: AffineTransform_float_3_3
Parameters: 1 0.0001701 -2.5667e-05 -0.000170011 0.999998 0.001724 2.62533e-05 -0.00172399 0.999998 0.0147417 -0.018381 0.235021
FixedParameters: 0 0 0

#Transform 44
Transform: AffineTransform_float_3_3
Parameters: 1 0.000150128 0.000541164 -0.000150657 0.999999 0.00135092 -0.000541118 -0.00135108 0.999999 0.0273153 0.0132369 0.206417
FixedParameters: 0 0 0

#Transform 45
Transform: AffineTransform_float_3_3
Parameters: 1 0.000171955 0.000622776 -0.000172516 1 0.00119989 -0.000622722 -0.00120011 0.999999 0.046036 0.00598252 0.17193
FixedParameters: 0 0 0

#Transform 46
Transform: AffineTransform_float_3_3
Parameters: 1 0.000222522 0.000603336 -0.00022364 0.999999 0.000927201 -0.000602922 -0.000926798 1 0.0428084 -0.0262082 0.133877
FixedParameters: 0 0 0

#Transform 47
Transform: AffineTransform_float_3_3
Parameters: 1 0.000108186 0.00059171 -0.000108349 1 0.000137936 -0.00059168 -0.000138064 1 0.044194 -0.009753 0.0974756
FixedParameters: 0 0 0

#Transform 48
Transform: AffineTransform_float_3_3
Parameters: 1 0.000324938 0.000375137 -0.000324771 1 -0.000223122 -0.000375282 0.000222878 1 0.0433685 0.0114968 0.0606615
FixedParameters: 0 0 0

#Transform 49
Transform: AffineTransform_float_3_3
Parameters: 0.999999 7.96023e-05 0.000851361 -7.91291e-05 1 0.000269933 -0.000851678 -0.000270068 0.999999 0.0424886 0.0179901 0.0693851
FixedParameters: 0 0 0

#Transform 50
Transform: AffineTransform_float_3_3
Parameters: 0.999999 -0.000419653 0.000933177 0.000419398 0.999999 0.000636521 -0.000934071 -0.000636478 0.999999 0.0532932 -0.0444049 0.106358
FixedParameters: 0 0 0

#Transform 51
Transform: AffineTransform_float_3_3
Parameters: 1 -0.000173015 0.000429933 0.000172533 1 0.000560074 -0.000430127 -0.000559925 1 0.0488066 0.0330509 0.0615227
FixedParameters: 0 0 0

#Transform 52
Transform: AffineTransform_float_3_3
Parameters: 0.999999 3.29323e-05 0.000965577 -3.38632e-05 0.999999 0.000965303 -0.000965873 -0.000964696 0.999999 0.0421211 -0.00916387 0.0387087
FixedParameters: 0 0 0

#Transform 53
Transform: AffineTransform_float_3_3
Parameters: 0.999999 0.000283124 0.00120463 -0.000285182 0.999999 0.00124112 -0.00120429 -0.00124188 0.999999 0.0372443 0.0102288 -0.0317724
FixedParameters: 0 0 0

#Transform 54
Transform: AffineTransform_float_3_3
Parameters: 0.999999 0.000115075 0.00138382 -0.000117544 0.999999 0.0013593 -0.00138293 -0.0013597 0.999998 0.0153492 -0.00454198 -0.0182344
FixedParameters: 0 0 0

#Transform 55
Transform: AffineTransform_float_3_3
Parameters: 0.999999 2.7039e-05 0.0013033 -2.81446e-05 1 0.000782299 -0.00130362 -0.0007817 0.999999 0.0321321 -0.00797346 0.00101515
FixedParameters: 0 0 0

#Transform 56
Transform: AffineTransform_float_3_3
Parameters: 0.999999 2.16607e-05 0.0013058 -2.13943e-05 1 -0.000101692 -0.0013058 0.000102308 0.999999 0.0342546 0.0368027 -0.0765207
FixedParameters: 0 0 0

#Transform 57
Transform: AffineTransform_float_3_3
Parameters: 1 0.000158751 0.000253935 -0.000159284 1 0.00104896 -0.000253602 -0.00104904 1 0.0352539 -0.0215595 -0.0148128
FixedParameters: 0 0 0

#Transform 58
Transform: AffineTransform_float_3_3
Parameters: 0.999999 0.000166665 0.000847717 -0.00016803 0.999999 0.000805194 -0.000847448 -0.000804806 1 0.0242181 0.0366348 -0.00726025
FixedParameters: 0 0 0

#Transform 59
Transform: AffineTransform_float_3_3
Parameters: 0.999999 9.52417e-06 0.00147633 -9.49027e-06 1 0.000426452 -0.00147575 -0.000426549 0.999999 0.0417473 -0.0125817 -0.0227931
FixedParameters: 0 0 0

#Transform 60
Transform: AffineTransform_float_3_3
Parameters: 0.999999 -0.000136424 0.00174352 0.000137839 1 -0.000673631 -0.00174297 0.000673368 0.999998 0.0329814 0.0215536 -0.0689176
FixedParameters: 0 0 0

#Transform 61
Transform: AffineTransform_float_3_3
Parameters: 0.999999 0.000205019 0.00140868 -0.000204706 1 -0.000110953 -0.00140872 0.000111047 0.999999 0.021652 0.0510551 -0.0433062
FixedParameters: 0 0 0

#Transform 62
Transform: AffineTransform_float_3_3
Parameters: 0.999999 0.000250095 0.000899217 -0.000249914 1 0.000417775 -0.000899368 -0.000418225 0.999999 0.00288612 0.0409012 0.0203661
FixedParameters: 0 0 0

#Transform 63
Transform: AffineTransform_float_3_3
Parameters: 1 0.000476384 0.000204312 -0.000475572 1 0.000297903 -0.000204389 -0.000298097 1 -0.0164615 -0.0038077 0.156038
FixedParameters: 0 0 0

#Transform 64
Transform: AffineTransform_float_3_3
Parameters: 1 0.000290254 7.45966e-05 -0.000290306 1 0.000350978 -7.43928e-05 -0.000351022 1 -0.00173799 0.00489299 0.0947366
FixedParameters: 0 0 0

#Transform 65
Transform: AffineTransform_float_3_3
Parameters: 1 -0.000232388 0.000275912 0.000231959 0.999999 0.000777064 -0.000276273 -0.000776935 0.999999 -0.00875793 0.0152486 0.0685379
FixedParameters: 0 0 0

#Transform 66
Transform: AffineTransform_float_3_3
Parameters: 1 -9.59398e-05 0.00063053 9.51706e-05 0.999999 0.000896396 -0.000629768 -0.000895604 1 -0.0153957 0.0117578 0.0634407
FixedParameters: 0 0 0

#Transform 67
Transform: AffineTransform_float_3_3
Parameters: 0.999999 -0.000263219 0.0007272 0.00026232 1 0.000618191 -0.000727525 -0.000617808 0.999999 -0.0109417 0.0547612 0.0519851
FixedParameters: 0 0 0

#Transform 68
Transform: AffineTransform_float_3_3
Parameters: 0.999999 -0.000392744 0.0011796 0.000391422 0.999999 0.00110859 -0.00117989 -0.00110841 0.999999 -0.0171532 0.0309344 0.0375909
FixedParameters: 0 0 0

#Transform 69
Transform: AffineTransform_float_3_3
Parameters: 1 -0.000362374 0.00103684 0.000360358 0.999998 0.00159584 -0.00103742 -0.00159516 0.999999 -0.0209484 -0.01998 0.171712
FixedParameters: 0 0 0

#Transform 70
Transform: AffineTransform_float_3_3
Parameters: 0.999999 -0.000349024 0.00152626 0.00034744 1 0.000824661 -0.00152719 -0.000824338 0.999998 -0.0099706 0.0842917 0.1205
FixedParameters: 0 0 0

#Transform 71
Transform: AffineTransform_float_3_3
Parameters: 0.999997 -0.000761696 0.00208114 0.000759714 0.999999 0.00109797 -0.00208166 -0.00109703 0.999997 -0.00243235 0.000469424 0.159811
FixedParameters: 0 0 0

#Transform 72
Transform: AffineTransform_float_3_3
Parameters: 0.999997 -0.000770681 0.00205079 0.000769674 0.999999 0.000789175 -0.00205179 -0.000786826 0.999998 9.23643e-05 0.0286097 0.10185
FixedParameters: 0 0 0

#Transform 73
Transform: AffineTransform_float_3_3
Parameters: 0.999997 -0.0006469 0.00233946 0.000644415 0.999999 0.000885234 -0.00233909 -0.000883764 0.999997 0.016546 0.0273127 0.0919178
FixedParameters: 0 0 0

#Transform 74
Transform: AffineTransform_float_3_3
Parameters: 0.999995 -0.000937295 0.00306851 0.000934765 0.999999 0.000834856 -0.00306892 -0.000832143 0.999994 0.0285041 0.0372175 0.064044
FixedParameters: 0 0 0

#Transform 75
Transform: AffineTransform_float_3_3
Parameters: 0.999996 -0.000725851 0.00298687 0.000722648 0.999999 0.000970353 -0.00298712 -0.000967647 0.999995 0.0320674 0.0200563 0.0394656
FixedParameters: 0 0 0

#Transform 76
Transform: AffineTransform_float_3_3
Parameters: 0.999996 -0.00089644 0.00290731 0.000893123 0.999999 0.00123859 -0.00290781 -0.00123642 0.999996 0.0293351 -0.0220162 0.0551226
FixedParameters: 0 0 0

#Transform 77
Transform: AffineTransform_float_3_3
Parameters: 0.999995 -0.000913373 0.00305843 0.000909602 0.999999 0.00125177 -0.00305899 -0.00124923 0.999995 0.0282308 0.00892175 0.0504204
FixedParameters: 0 0 0

#Transform 78
Transform: AffineTransform_float_3_3
Parameters: 0.999995 -0.000915166 0.00306108 0.000913619 1 0.000312782 -0.00306072 -0.000310217 0.999995 0.0282572 0.00970094 0.0222698
FixedParameters: 0 0 0

#Transform 79
Transform: AffineTransform_float_3_3
Parameters: 0.999994 -0.000768197 0.00339294 0.000767871 1 4.90549e-05 -0.00339301 -4.69445e-05 0.999994 0.0238415 0.0432369 0.00618277
FixedParameters: 0 0 0

#Transform 80
Transform: AffineTransform_float_3_3
Parameters: 0.999996 -0.000668026 0.00296687 0.000668731 0.999999 -0.000274827 -0.00296614 0.000277173 0.999995 0.0235076 0.0118402 -0.0121265
FixedParameters: 0 0 0

#Transform 81
Transform: AffineTransform_float_3_3
Parameters: 0.999995 -0.000521915 0.00291025 0.000521895 1 -0.000156292 -0.00290973 0.000157709 0.999996 0.0245946 -0.000746137 -0.0373973
FixedParameters: 0 0 0

#Transform 82
Transform: AffineTransform_float_3_3
Parameters: 0.999999 -9.36324e-05 0.000876067 9.29197e-05 1 0.000939082 -0.000876602 -0.000938919 0.999999 -0.0530385 0.107484 0.310621
FixedParameters: 0 0 0

#Transform 83
Transform: AffineTransform_float_3_3
Parameters: 0.999999 -0.000475217 0.00145786 0.000473255 0.999999 0.000992821 -0.00145916 -0.000992178 0.999998 -0.0175485 0.0810496 0.204867
FixedParameters: 0 0 0

#Transform 84
Transform: AffineTransform_float_3_3
Parameters: 0.999998 -0.000568574 0.00203383 0.000567251 0.999999 0.000961751 -0.00203378 -0.000960251 0.999997 0.00785714 0.0512558 0.11804
FixedParameters: 0 0 0

#Transform 85
Transform: AffineTransform_float_3_3
Parameters: 0.999998 2.42949e-05 0.00175468 -3.04321e-05 0.999993 0.00365242 -0.00175385 -0.00365258 0.999992 -0.0921226 0.192177 0.652691
FixedParameters: 0 0 0

#Transform 86
Transform: AffineTransform_float_3_3
Parameters: 0.999999 0.000604673 -0.000763952 -0.000602773 0.999997 0.00232359 0.000765252 -0.00232341 0.999997 -0.0167798 0.0642526 0.72718
FixedParameters: 0 0 0

#Transform 87
Transform: AffineTransform_float_3_3
Parameters: 0.999999 0.000121205 0.00140908 -0.000120446 0.999999 -0.000600705 -0.00140886 0.000600295 0.999999 0.0189388 0.128121 0.3365
FixedParameters: 0 0 0

#Transform 88
Transform: AffineTransform_float_3_3
Parameters: 0.999998 8.15178e-05 0.00225781 -7.95626e-05 0.999999 -0.00105325 -0.0022569 0.00105275 0.999997 0.0444068 0.0926207 0.321207
FixedParameters: 0 0 0

#Transform 89
Transform: AffineTransform_float_3_3
Parameters: 0.999997 -0.000158183 0.00272022 0.000161908 0.999999 -0.00167417 -0.00271975 0.00167483 0.999995 0.0511853 0.0734748 0.29247
FixedParameters: 0 0 0

#Transform 90
Transform: AffineTransform_float_3_3
Parameters: 0.999994 -0.000367759 0.00326694 0.000373153 0.999998 -0.00164893 -0.00326578 0.00165107 0.999993 0.0739532 0.0746744 0.264016
FixedParameters: 0 0 0

#Transform 91
Transform: AffineTransform_float_3_3
Parameters: 0.999994 -0.000161179 0.00343998 0.000166893 0.999998 -0.00166544 -0.00344043 0.00166555 0.999993 0.0505279 0.0666583 0.263329
FixedParameters: 0 0 0

#Transform 92
Transform: AffineTransform_float_3_3
Parameters: 0.999995 -0.000239017 0.00311104 0.000244777 0.999999 -0.00179085 -0.00311024 0.00179215 0.999994 0.0617197 0.0814015 0.242343
FixedParameters: 0 0 0

#Transform 93
Transform: AffineTransform_float_3_3
Parameters: 0.999997 -0.000159211 0.00272016 0.000162172 0.999999 -0.00129617 -0.00271923 0.00129683 0.999996 0.0461911 0.0822639 0.235579
FixedParameters: 0 0 0

#Transform 94
Transform: AffineTransform_float_3_3
Parameters: 0.999996 -0.000124009 0.00281245 0.000127029 0.999999 -0.00109825 -0.00281203 0.00109875 0.999996 0.0471674 0.0550126 0.234871
FixedParameters: 0 0 0

#Transform 95
Transform: AffineTransform_float_3_3
Parameters: 0.999997 -0.000159166 0.00272016 0.000162219 1 -0.0013135 -0.00271923 0.0013135 0.999996 0.0432157 0.0639417 0.172577
FixedParameters: 0 0 0

#Transform 96
Transform: AffineTransform_float_3_3
Parameters: 0.999996 -0.000124709 0.00281334 0.000126902 1 -0.00072125 -0.00281243 0.00072175 0.999996 0.0416171 0.053096 0.176079
FixedParameters: 0 0 0

#Transform 97
Transform: AffineTransform_float_3_3
Parameters: 0.999996 -0.000435617 0.00282752 0.000439581 0.999999 -0.0014877 -0.00282664 0.0014893 0.999995 0.0517574 0.0755862 0.150013
FixedParameters: 0 0 0

#Transform 98
Transform: AffineTransform_float_3_3
Parameters: 0.999995 -0.000564298 0.00287739 0.000568393 0.999999 -0.00148431 -0.00287613 0.00148669 0.999994 0.0497904 0.0553395 0.157823
FixedParameters: 0 0 0

#Transform 99
Transform: AffineTransform_float_3_3
Parameters: 0.999996 -0.000589853 0.0027257 0.000593358 1 -0.00105066 -0.00272467 0.00105234 0.999995 0.0400623 0.0837364 0.18797
FixedParameters: 0 0 0

#Transform 100
Transform: AffineTransform_float_3_3
Parameters: 0.999998 -0.000967143 0.00182292 0.000967081 0.999999 -0.000336849 -0.00182284 0.000338152 0.999999 0.0276851 0.105191 0.0971624
FixedParameters: 0 0 0

#Transform 101
Transform: AffineTransform_float_3_3
Parameters: 0.999999 0.00076889 0.000228966 -0.00076933 0.999997 0.00222283 -0.00022684 -0.00222318 0.999998 -0.0931059 0.095438 1.19808
FixedParameters: 0 0 0

#Transform 102
Transform: AffineTransform_float_3_3
Parameters: 0.999999 0.0011153 0.00070906 -0.00111687 0.999996 0.00257408 -0.000706259 -0.00257492 0.999997 -0.07651 0.180217 1.04346
FixedParameters: 0 0 0

#Transform 103
Transform: AffineTransform_float_3_3
Parameters: 0.999999 0.000521971 0.000810616 -0.000522487 0.999999 0.000893912 -0.000810042 -0.000894087 0.999999 -0.0241158 0.11492 0.747555
FixedParameters: 0 0 0

#Transform 104
Transform: AffineTransform_float_3_3
Parameters: 0.999999 0.000550712 0.00121527 -0.000551062 1 0.000527667 -0.00121504 -0.000528334 0.999999 -0.0203396 0.104691 0.704693
FixedParameters: 0 0 0

#Transform 105
Transform: AffineTransform_float_3_3
Parameters: 0.999998 0.000628009 0.0015166 -0.000628136 1 4.13833e-05 -0.00151655 -4.26166e-05 0.999999 -0.00551516 0.110469 0.647841
FixedParameters: 0 0 0

#Transform 106
Transform: AffineTransform_float_3_3
Parameters: 0.999998 0.000434492 0.00163735 -0.000434648 1 4.67538e-05 -0.00163731 -4.8246e-05 0.999999 -0.00422222 0.0856101 0.648151
FixedParameters: 0 0 0

#Transform 107
Transform: AffineTransform_float_3_3
Parameters: 0.999995 0.000198584 0.00293961 -0.000199476 1 -6.98377e-06 -0.00293925 7.01898e-06 0.999996 0.017874 0.0940492 0.640619
FixedParameters: 0 0 0

#Transform 108
Transform: AffineTransform_float_3_3
Parameters: 0.999996 0.000254797 0.00256867 -0.000257828 0.999999 0.00120461 -0.0025682 -0.00120539 0.999996 0.0139152 0.0738756 0.687729
FixedParameters: 0 0 0

#Transform 109
Transform: AffineTransform_float_3_3
Parameters: 0.999998 0.000317559 0.00200775 -0.000320778 0.999999 0.00126616 -0.00200767 -0.00126684 0.999997 0.002213 0.138049 0.6663
FixedParameters: 0 0 0

#Transform 110
Transform: AffineTransform_float_3_3
Parameters: 0.999997 1.09935e-05 0.00212651 -1.06624e-05 1 0.000141779 -0.00212687 -0.000141222 0.999998 0.00955273 0.135912 0.597984
FixedParameters: 0 0 0

#Transform 111
Transform: AffineTransform_float_3_3
Parameters: 0.999996 -0.000461342 0.00273591 0.000461944 1 -0.000279677 -0.00273529 0.000281324 0.999996 0.0363581 0.0839669 0.613141
FixedParameters: 0 0 0

#Transform 112
Transform: AffineTransform_float_3_3
Parameters: 0.999994 -0.000819892 0.00329163 0.000821219 0.999999 -0.00039685 -0.00329155 0.00039915 0.999995 0.0655849 0.0707476 0.585147
FixedParameters: 0 0 0

#Transform 113
Transform: AffineTransform_float_3_3
Parameters: 0.999992 -0.000846512 0.00389748 0.000848989 1 -0.000647782 -0.00389752 0.00065122 0.999992 0.072424 0.0523992 0.527661
FixedParameters: 0 0 0

#Transform 114
Transform: AffineTransform_float_3_3
Parameters: 0.999994 -0.000890395 0.00335168 0.000895544 0.999998 -0.0016779 -0.00335062 0.00168011 0.999993 0.0713603 0.0975393 0.530786
FixedParameters: 0 0 0

#Transform 115
Transform: AffineTransform_float_3_3
Parameters: 0.999994 -0.000927095 0.00351432 0.000926905 0.999999 2.87069e-05 -0.00351437 -2.52927e-05 0.999993 0.0650028 0.0893753 0.552642
FixedParameters: 0 0 0

#Transform 116
Transform: AffineTransform_float_3_3
Parameters: 0.999993 -0.000970559 0.00340955 0.000967242 1 0.000677416 -0.00341029 -0.000674581 0.999994 0.0726639 0.0934768 0.640977
FixedParameters: 0 0 0

#Transform 117
Transform: AffineTransform_float_3_3
Parameters: 0.999994 -0.00121949 0.00304288 0.0012191 1 6.6358e-05 -0.00304304 -6.26414e-05 0.999995 0.0724945 0.0846027 0.690851
FixedParameters: 0 0 0

#Transform 118
Transform: AffineTransform_float_3_3
Parameters: 0.999995 -0.00098185 0.00280842 0.00098447 0.999999 -0.000861385 -0.00280694 0.000864614 0.999996 0.0530662 0.149671 0.608462
FixedParameters: 0 0 0

#Transform 119
Transform: AffineTransform_float_3_3
Parameters: 0.999994 -0.00101921 0.00333935 0.00102177 1 -0.000715479 -0.0033381 0.00071852 0.999994 0.0696866 0.0711061 0.634123
FixedParameters: 0 0 0
