# transform file /out/sourcedata/freesurfer/sub-v1s18x0051275_ses-1/mri/transforms/cc_up.lta
# created by oesteban on Mon Mar  9 08:26:07 2026

type      = 0 # LINEAR_VOX_TO_VOX
nxforms   = 1
mean      = 124.0000 130.0000 127.0000
sigma     = 10000.0000
1 4 4
9.961162805557251e-01 5.080869421362877e-02 7.190867513418198e-02 -1.460442447662354e+01 
-5.067682266235352e-02 9.987084269523621e-01 -3.658310975879431e-03 2.511266517639160e+01 
-7.200167328119278e-02 0.000000000000000e+00 9.974045157432556e-01 2.360715103149414e+01 
0.000000000000000e+00 0.000000000000000e+00 0.000000000000000e+00 1.000000000000000e+00 
src volume info
valid = 1  # volume info valid
filename = /out/sourcedata/freesurfer/sub-v1s18x0051275_ses-1/mri/norm.mgz
volume = 256 256 256
voxelsize = 1.000000000000000e+00 1.000000000000000e+00 1.000000000000000e+00
xras   = -1.000000000000000e+00 0.000000000000000e+00 0.000000000000000e+00
yras   = 0.000000000000000e+00 0.000000000000000e+00 -1.000000119209290e+00
zras   = 0.000000000000000e+00 1.000000000000000e+00 0.000000000000000e+00
cras   = 4.765930175781250e+00 7.653289794921875e+00 1.072465515136719e+01
dst volume info
valid = 1  # volume info valid
filename = /out/sourcedata/freesurfer/sub-v1s18x0051275_ses-1/mri/norm.mgz
volume = 256 256 256
voxelsize = 1.000000000000000e+00 1.000000000000000e+00 1.000000000000000e+00
xras   = -1.000000000000000e+00 0.000000000000000e+00 0.000000000000000e+00
yras   = 0.000000000000000e+00 0.000000000000000e+00 -1.000000119209290e+00
zras   = 0.000000000000000e+00 1.000000000000000e+00 0.000000000000000e+00
cras   = 4.765930175781250e+00 7.653289794921875e+00 1.072465515136719e+01
