# transform file /out/sourcedata/freesurfer/sub-v1s18x0051209_ses-1/mri/transforms/cc_up.lta
# created by oesteban on Mon Mar  9 05:24:52 2026

type      = 0 # LINEAR_VOX_TO_VOX
nxforms   = 1
mean      = 127.0000 126.0000 130.0000
sigma     = 10000.0000
1 4 4
9.977110028266907e-01 6.680812686681747e-02 1.047025993466377e-02 -9.173163414001465e+00 
-6.680445373058319e-02 9.977658987045288e-01 -7.010647095739841e-04 2.593626213073730e+01 
-1.049370504915714e-02 -5.820766785236131e-11 9.999450445175171e-01 7.358043193817139e+00 
0.000000000000000e+00 0.000000000000000e+00 0.000000000000000e+00 1.000000000000000e+00 
src volume info
valid = 1  # volume info valid
filename = /out/sourcedata/freesurfer/sub-v1s18x0051209_ses-1/mri/norm.mgz
volume = 256 256 256
voxelsize = 1.000000000000000e+00 1.000000000000000e+00 1.000000000000000e+00
xras   = -9.999999403953552e-01 2.919932740041986e-09 0.000000000000000e+00
yras   = -1.862645149230957e-09 -2.910383045673370e-11 -9.999999403953552e-01
zras   = -2.920387487392873e-09 1.000000000000000e+00 -2.910383045673370e-11
cras   = 4.800224304199219e+00 5.253929138183594e+00 -3.167733764648438e+01
dst volume info
valid = 1  # volume info valid
filename = /out/sourcedata/freesurfer/sub-v1s18x0051209_ses-1/mri/norm.mgz
volume = 256 256 256
voxelsize = 1.000000000000000e+00 1.000000000000000e+00 1.000000000000000e+00
xras   = -9.999999403953552e-01 2.919932740041986e-09 0.000000000000000e+00
yras   = -1.862645149230957e-09 -2.910383045673370e-11 -9.999999403953552e-01
zras   = -2.920387487392873e-09 1.000000000000000e+00 -2.910383045673370e-11
cras   = 4.800224304199219e+00 5.253929138183594e+00 -3.167733764648438e+01
