type      = 1 # LINEAR_RAS_TO_RAS
nxforms   = 1
mean      = 0.0000 0.0000 0.0000
sigma     = 1.0000
1 4 4
1.082265973091125e+00 -5.669000092893839e-03 5.237000063061714e-02 -3.108261108398438e+00 
1.706000044941902e-02 1.077795982360840e+00 1.385720074176788e-01 -2.172032928466797e+01 
-5.460499972105026e-02 -8.430700004100800e-02 1.147662997245789e+00 4.522248840332031e+01 
0.000000000000000e+00 0.000000000000000e+00 0.000000000000000e+00 1.000000000000000e+00 
src volume info
valid = 1  # volume info valid
filename = /out/sourcedata/freesurfer/sub-v1s18x0051209_ses-1/mri/orig_nu.mgz
volume = 256 256 256
voxelsize = 1.000000000000000e+00 1.000000000000000e+00 1.000000000000000e+00
xras   = -9.999999403953552e-01 2.919932740041986e-09 0.000000000000000e+00
yras   = -1.862645149230957e-09 -2.910383045673370e-11 -9.999999403953552e-01
zras   = -2.920387487392873e-09 1.000000000000000e+00 -2.910383045673370e-11
cras   = 4.800224304199219e+00 5.253929138183594e+00 -3.167733764648438e+01
dst volume info
valid = 1  # volume info valid
filename = /opt/freesurfer/average/mni305.cor.mgz
volume = 256 256 256
voxelsize = 1.000000000000000e+00 1.000000000000000e+00 1.000000000000000e+00
xras   = -1.000000000000000e+00 0.000000000000000e+00 0.000000000000000e+00
yras   = 0.000000000000000e+00 0.000000000000000e+00 -1.000000000000000e+00
zras   = 0.000000000000000e+00 1.000000000000000e+00 0.000000000000000e+00
cras   = 0.000000000000000e+00 0.000000000000000e+00 0.000000000000000e+00
subject fsaverage
fscale 0.100000
