# transform file transforms/talairach.lta
# created by oesteban on Mon Mar  9 04:06:25 2026

type      = 0 # LINEAR_VOX_TO_VOX
nxforms   = 1
mean      = 127.0000 128.0000 130.0000
sigma     = 10000.0000
1 4 4
1.045605421066284e+00 3.579092770814896e-02 1.613004505634308e-02 -1.493997573852539e+01 
-3.607426956295967e-02 1.193176269531250e+00 7.177494466304779e-02 -3.762014770507812e+01 
-1.369440089911222e-02 -7.579719275236130e-02 1.053653478622437e+00 -1.490414237976074e+01 
0.000000000000000e+00 0.000000000000000e+00 0.000000000000000e+00 1.000000000000000e+00 
src volume info
valid = 1  # volume info valid
filename = nu.mgz
volume = 256 256 256
voxelsize = 1.000000000000000e+00 1.000000000000000e+00 1.000000000000000e+00
xras   = -9.999999403953552e-01 2.919932740041986e-09 0.000000000000000e+00
yras   = -1.862645149230957e-09 -2.910383045673370e-11 -9.999999403953552e-01
zras   = -2.920387487392873e-09 1.000000000000000e+00 -2.910383045673370e-11
cras   = 4.800224304199219e+00 5.253929138183594e+00 -3.167733764648438e+01
dst volume info
valid = 1  # volume info valid
filename = /opt/freesurfer/average/RB_all_2020-01-02.gca
volume = 256 256 256
voxelsize = 1.000000000000000e+00 1.000000000000000e+00 1.000000000000000e+00
xras   = -1.000000000000000e+00 0.000000000000000e+00 0.000000000000000e+00
yras   = 0.000000000000000e+00 0.000000000000000e+00 -1.000000000000000e+00
zras   = 0.000000000000000e+00 1.000000000000000e+00 0.000000000000000e+00
cras   = 0.000000000000000e+00 0.000000000000000e+00 0.000000000000000e+00
