type      = 0 # LINEAR_VOX_TO_VOX
nxforms   = 1
mean      = 0.0000 0.0000 0.0000
sigma     = 1.0000
1 4 4
1.082265853881836e+00 5.237000063061714e-02 5.669003352522850e-03 -1.835716247558594e+01 
-5.460499599575996e-02 1.147662878036499e+00 8.430700004100800e-02 -3.086523437500000e+01 
-1.705999486148357e-02 -1.385719925165176e-01 1.077795982360840e+00 -1.040234375000000e+01 
0.000000000000000e+00 0.000000000000000e+00 0.000000000000000e+00 1.000000000000000e+00 
src volume info
valid = 1  # volume info valid
filename = /out/sourcedata/freesurfer/sub-v1s18x0051209_ses-1/mri/orig.mgz
volume = 256 256 256
voxelsize = 1.000000000000000e+00 1.000000000000000e+00 1.000000000000000e+00
xras   = -9.999999403953552e-01 2.919932740041986e-09 0.000000000000000e+00
yras   = -1.862645149230957e-09 -2.910383045673370e-11 -9.999999403953552e-01
zras   = -2.920387487392873e-09 1.000000000000000e+00 -2.910383045673370e-11
cras   = 4.800224304199219e+00 5.253929138183594e+00 -3.167733764648438e+01
dst volume info
valid = 1  # volume info valid
filename = /opt/freesurfer/average/mni305.cor.mgz
volume = 256 256 256
voxelsize = 1.000000000000000e+00 1.000000000000000e+00 1.000000000000000e+00
xras   = -1.000000000000000e+00 0.000000000000000e+00 0.000000000000000e+00
yras   = 0.000000000000000e+00 0.000000000000000e+00 -1.000000000000000e+00
zras   = 0.000000000000000e+00 1.000000000000000e+00 0.000000000000000e+00
cras   = 0.000000000000000e+00 0.000000000000000e+00 0.000000000000000e+00
subject fsaverage
fscale 0.100000
