# transform file /out/sourcedata/freesurfer/sub-v1s18x0051218_ses-1/mri/transforms/cc_up.lta
# created by oesteban on Mon Mar  9 05:34:05 2026

type      = 0 # LINEAR_VOX_TO_VOX
nxforms   = 1
mean      = 130.0000 139.0000 124.0000
sigma     = 10000.0000
1 4 4
9.986652731895447e-01 -4.837012663483620e-02 1.811082661151886e-02 2.505435228347778e+00 
4.836217314004898e-02 9.988294839859009e-01 8.770494605414569e-04 -5.226130485534668e+00 
-1.813205145299435e-02 5.820766091346741e-11 9.998356103897095e-01 3.037360954284668e+01 
0.000000000000000e+00 0.000000000000000e+00 0.000000000000000e+00 1.000000000000000e+00 
src volume info
valid = 1  # volume info valid
filename = /out/sourcedata/freesurfer/sub-v1s18x0051218_ses-1/mri/norm.mgz
volume = 256 256 256
voxelsize = 1.000000000000000e+00 1.000000000000000e+00 1.000000000000000e+00
xras   = -1.000000000000000e+00 0.000000000000000e+00 0.000000000000000e+00
yras   = 0.000000000000000e+00 0.000000000000000e+00 -9.999999403953552e-01
zras   = 0.000000000000000e+00 1.000000000000000e+00 0.000000000000000e+00
cras   = 1.336831665039062e+01 6.442626953125000e+00 8.227745056152344e+00
dst volume info
valid = 1  # volume info valid
filename = /out/sourcedata/freesurfer/sub-v1s18x0051218_ses-1/mri/norm.mgz
volume = 256 256 256
voxelsize = 1.000000000000000e+00 1.000000000000000e+00 1.000000000000000e+00
xras   = -1.000000000000000e+00 0.000000000000000e+00 0.000000000000000e+00
yras   = 0.000000000000000e+00 0.000000000000000e+00 -9.999999403953552e-01
zras   = 0.000000000000000e+00 1.000000000000000e+00 0.000000000000000e+00
cras   = 1.336831665039062e+01 6.442626953125000e+00 8.227745056152344e+00
