# transform file /out/sourcedata/freesurfer/sub-v1s18x0051264_ses-1/mri/transforms/cc_up.lta
# created by oesteban on Mon Mar  9 08:05:34 2026

type      = 0 # LINEAR_VOX_TO_VOX
nxforms   = 1
mean      = 127.0000 125.0000 127.0000
sigma     = 10000.0000
1 4 4
9.964708685874939e-01 3.597385063767433e-02 -7.583964616060257e-02 5.926917076110840e+00 
-3.587011247873306e-02 9.993526935577393e-01 2.730011241510510e-03 2.732627487182617e+01 
7.588876783847809e-02 0.000000000000000e+00 9.971162676811218e-01 -3.361950397491455e+00 
0.000000000000000e+00 0.000000000000000e+00 0.000000000000000e+00 1.000000000000000e+00 
src volume info
valid = 1  # volume info valid
filename = /out/sourcedata/freesurfer/sub-v1s18x0051264_ses-1/mri/norm.mgz
volume = 256 256 256
voxelsize = 1.000000000000000e+00 1.000000000000000e+00 1.000000000000000e+00
xras   = -1.000000000000000e+00 0.000000000000000e+00 0.000000000000000e+00
yras   = 0.000000000000000e+00 0.000000000000000e+00 -9.999999403953552e-01
zras   = 0.000000000000000e+00 1.000000000000000e+00 0.000000000000000e+00
cras   = -1.231910705566406e+00 8.863945007324219e+00 -9.886596679687500e+00
dst volume info
valid = 1  # volume info valid
filename = /out/sourcedata/freesurfer/sub-v1s18x0051264_ses-1/mri/norm.mgz
volume = 256 256 256
voxelsize = 1.000000000000000e+00 1.000000000000000e+00 1.000000000000000e+00
xras   = -1.000000000000000e+00 0.000000000000000e+00 0.000000000000000e+00
yras   = 0.000000000000000e+00 0.000000000000000e+00 -9.999999403953552e-01
zras   = 0.000000000000000e+00 1.000000000000000e+00 0.000000000000000e+00
cras   = -1.231910705566406e+00 8.863945007324219e+00 -9.886596679687500e+00
