# transform file /out/sourcedata/freesurfer/sub-v1s18x0051205_ses-1/mri/transforms/cc_up.lta
# created by oesteban on Mon Mar  9 05:16:16 2026

type      = 0 # LINEAR_VOX_TO_VOX
nxforms   = 1
mean      = 128.0000 121.0000 118.0000
sigma     = 10000.0000
1 4 4
9.995389580726624e-01 -2.836857177317142e-02 -1.082117948681116e-02 4.951797008514404e+00 
2.836690843105316e-02 9.995974898338318e-01 -3.071049868594855e-04 2.346722602844238e+01 
1.082553714513779e-02 0.000000000000000e+00 9.999414086341858e-01 3.163072013854980e+01 
0.000000000000000e+00 0.000000000000000e+00 0.000000000000000e+00 1.000000000000000e+00 
src volume info
valid = 1  # volume info valid
filename = /out/sourcedata/freesurfer/sub-v1s18x0051205_ses-1/mri/norm.mgz
volume = 256 256 256
voxelsize = 1.000000000000000e+00 1.000000000000000e+00 1.000000000000000e+00
xras   = -1.000000000000000e+00 0.000000000000000e+00 0.000000000000000e+00
yras   = 0.000000000000000e+00 0.000000000000000e+00 -1.000000000000000e+00
zras   = 0.000000000000000e+00 1.000000000000000e+00 0.000000000000000e+00
cras   = -6.108093261718750e-01 7.653289794921875e+00 1.915980529785156e+01
dst volume info
valid = 1  # volume info valid
filename = /out/sourcedata/freesurfer/sub-v1s18x0051205_ses-1/mri/norm.mgz
volume = 256 256 256
voxelsize = 1.000000000000000e+00 1.000000000000000e+00 1.000000000000000e+00
xras   = -1.000000000000000e+00 0.000000000000000e+00 0.000000000000000e+00
yras   = 0.000000000000000e+00 0.000000000000000e+00 -1.000000000000000e+00
zras   = 0.000000000000000e+00 1.000000000000000e+00 0.000000000000000e+00
cras   = -6.108093261718750e-01 7.653289794921875e+00 1.915980529785156e+01
