#Insight Transform File V1.0
#Transform 0
Transform: AffineTransform_float_3_3
Parameters: 1 -0.000309399 -0.000623512 0.000308572 0.999999 -0.00138267 0.000623922 0.00138227 0.999999 0.0260608 -0.0102331 -0.0808986
FixedParameters: 0 0 0

#Transform 1
Transform: AffineTransform_float_3_3
Parameters: 0.999998 0.00025322 -0.001595 -0.000252915 1 -0.000323247 0.00159523 0.000323502 0.999999 0.0939685 -0.0266137 -0.111818
FixedParameters: 0 0 0

#Transform 2
Transform: AffineTransform_float_3_3
Parameters: 0.999999 -0.000702064 -0.00170005 0.000700067 0.999998 -0.00150032 0.00170161 0.00149907 0.999998 0.0630772 0.0256548 0.00513654
FixedParameters: 0 0 0

#Transform 3
Transform: AffineTransform_float_3_3
Parameters: 0.999999 -0.000353742 -0.000828221 0.000353432 1 -0.00018755 0.000828354 0.000186964 0.999999 0.0163193 0.0102598 -0.0597773
FixedParameters: 0 0 0

#Transform 4
Transform: AffineTransform_float_3_3
Parameters: 0.999999 -0.00040547 -0.000631173 0.000405975 1 0.000399715 0.000630848 -0.000400227 0.999999 0.0216135 -0.0293291 -0.0706506
FixedParameters: 0 0 0

#Transform 5
Transform: AffineTransform_float_3_3
Parameters: 0.999999 -0.000133504 -0.00143304 0.000132705 1 0.000205152 0.00143262 -0.000205152 0.999999 0.0330128 -0.0319156 -0.0836184
FixedParameters: 0 0 0

#Transform 6
Transform: AffineTransform_float_3_3
Parameters: 0.999999 -0.00011514 -0.00144343 0.000115232 1 0.000202503 0.00144252 -0.000201954 0.999999 0.0453914 -0.0421325 -0.0782027
FixedParameters: 0 0 0

#Transform 7
Transform: AffineTransform_float_3_3
Parameters: 1 0.000131709 -0.00111085 -0.000131154 0.999999 0.000273078 0.00111089 -0.0002733 0.999999 0.0399713 -0.0352476 -0.0982902
FixedParameters: 0 0 0

#Transform 8
Transform: AffineTransform_float_3_3
Parameters: 0.999999 4.73959e-05 -0.000814903 -4.72629e-05 1 0.000383627 0.00081407 -0.000383526 0.999999 0.0227026 -0.0180856 -0.118789
FixedParameters: 0 0 0

#Transform 9
Transform: AffineTransform_float_3_3
Parameters: 0.999999 9.90771e-05 -0.000704071 -9.96846e-05 1 0.000186325 0.000704601 -0.00018617 0.999999 0.0329698 -0.0184992 -0.114492
FixedParameters: 0 0 0

#Transform 10
Transform: AffineTransform_float_3_3
Parameters: 1 0.000114046 -0.00103414 -0.000114141 1 0.000388379 0.00103467 -0.000388127 0.999999 0.0325115 -0.0233508 -0.0916393
FixedParameters: 0 0 0

#Transform 11
Transform: AffineTransform_float_3_3
Parameters: 0.999999 0.00023614 -0.000818245 -0.000236374 1 0.000388454 0.000818921 -0.000388052 0.999999 0.0360049 -0.0207164 -0.0735877
FixedParameters: 0 0 0

#Transform 12
Transform: AffineTransform_float_3_3
Parameters: 1 0.000103237 -0.0010428 -0.000102928 0.999999 0.000576965 0.00104343 -0.000576393 1 0.0237648 -0.0389722 -0.0383538
FixedParameters: 0 0 0

#Transform 13
Transform: AffineTransform_float_3_3
Parameters: 0.999999 -0.000431525 -0.00079562 0.000431657 1 0.000611792 0.000795633 -0.000611608 1 0.019365 -0.0418947 -0.0172146
FixedParameters: 0 0 0

#Transform 14
Transform: AffineTransform_float_3_3
Parameters: 0.999999 -0.000337467 -0.000923412 0.000338984 0.999999 0.000806939 0.000922915 -0.000806707 0.999999 0.0220605 -0.0168432 -0.0133564
FixedParameters: 0 0 0

#Transform 15
Transform: AffineTransform_float_3_3
Parameters: 1 -0.000257607 -0.000478127 0.000257867 0.999999 0.000786505 0.000476853 -0.000786727 0.999999 0.0140773 -0.0153982 -0.0450946
FixedParameters: 0 0 0

#Transform 16
Transform: AffineTransform_float_3_3
Parameters: 1 1.57906e-05 -0.000595614 -1.55274e-05 0.999999 0.00134118 0.000595328 -0.00134112 0.999999 -0.00695787 -0.0181068 -0.0142466
FixedParameters: 0 0 0

#Transform 17
Transform: AffineTransform_float_3_3
Parameters: 1 4.0558e-05 4.59984e-05 -4.06245e-05 0.999999 0.000723639 -4.59396e-05 -0.000723643 0.999999 -0.0138418 -0.00732084 0.0341428
FixedParameters: 0 0 0

#Transform 18
Transform: AffineTransform_float_3_3
Parameters: 0.999999 -0.000137588 -0.000750398 0.000137688 1 0.000628601 0.000750766 -0.000627936 1 -0.000856587 -0.0226229 -0.0224421
FixedParameters: 0 0 0

#Transform 19
Transform: AffineTransform_float_3_3
Parameters: 1 -0.000143875 -0.000598746 0.000143455 1 0.000375844 0.000599131 -0.000376002 0.999999 5.88563e-05 -0.0175157 -0.0310078
FixedParameters: 0 0 0

#Transform 20
Transform: AffineTransform_float_3_3
Parameters: 1 6.07213e-05 -0.000106747 -6.06937e-05 1 0.000129018 0.000106763 -0.000129005 1 0.00844422 -0.0213118 -0.0296453
FixedParameters: 0 0 0

#Transform 21
Transform: AffineTransform_float_3_3
Parameters: 1 -3.35275e-05 -0.000161464 3.3327e-05 1 -0.000620833 0.000161506 0.000620822 1 0.0120011 0.0374801 0.0605317
FixedParameters: 0 0 0

#Transform 22
Transform: AffineTransform_float_3_3
Parameters: 1 -0.00020894 0.000359897 0.000209009 0.999999 -0.00077831 -0.000360441 0.000778485 0.999999 0.02041 0.0185005 0.0957387
FixedParameters: 0 0 0

#Transform 23
Transform: AffineTransform_float_3_3
Parameters: 0.999999 -0.00034807 0.000618395 0.000349475 1 -0.0011143 -0.000617568 0.00111473 0.999999 0.019912 0.00979081 0.104992
FixedParameters: 0 0 0

#Transform 24
Transform: AffineTransform_float_3_3
Parameters: 1 -0.000656957 0.000909898 0.000657791 0.999999 -0.00120651 -0.000908688 0.00120774 0.999999 0.0151857 0.00621521 0.125005
FixedParameters: 0 0 0

#Transform 25
Transform: AffineTransform_float_3_3
Parameters: 1 -0.000726675 0.000780573 0.000727372 0.999999 -0.00131949 -0.00077903 0.00132067 0.999999 0.0248357 0.025846 0.115699
FixedParameters: 0 0 0

#Transform 26
Transform: AffineTransform_float_3_3
Parameters: 1 -0.000586536 0.00106474 0.000587059 1 -0.000678886 -0.00106349 0.000678778 0.999999 0.00443118 0.0262524 0.068945
FixedParameters: 0 0 0

#Transform 27
Transform: AffineTransform_float_3_3
Parameters: 1 -0.000597525 0.00104117 0.000598165 0.999999 -0.00075086 -0.00103981 0.000750747 0.999999 0.00228376 0.0176905 0.0672502
FixedParameters: 0 0 0

#Transform 28
Transform: AffineTransform_float_3_3
Parameters: 0.999999 -0.000491508 0.00143379 0.000492943 0.999999 -0.00145888 -0.0014331 0.001459 0.999998 -0.0100922 0.0274717 0.0957811
FixedParameters: 0 0 0

#Transform 29
Transform: AffineTransform_float_3_3
Parameters: 0.999998 -0.00084243 0.00176722 0.000846446 0.999997 -0.00242999 -0.00176499 0.00243208 0.999996 -0.00955549 0.0474224 0.188717
FixedParameters: 0 0 0

#Transform 30
Transform: AffineTransform_float_3_3
Parameters: 0.999998 -0.000921145 0.00161568 0.000925152 0.999996 -0.00265633 -0.00161265 0.00265756 0.999995 0.00136586 0.0593025 0.20787
FixedParameters: 0 0 0

#Transform 31
Transform: AffineTransform_float_3_3
Parameters: 0.999999 -0.000813564 0.00100422 0.000815308 0.999998 -0.00177764 -0.00100252 0.00177934 0.999998 0.0262409 0.0720088 0.182527
FixedParameters: 0 0 0

#Transform 32
Transform: AffineTransform_float_3_3
Parameters: 0.999999 -0.000837422 0.00100021 0.000838697 0.999998 -0.00157725 -0.000998795 0.00157762 0.999998 0.0123896 0.0710761 0.140516
FixedParameters: 0 0 0

#Transform 33
Transform: AffineTransform_float_3_3
Parameters: 0.999999 -0.000850633 0.00112418 0.000852765 0.999998 -0.00176107 -0.00112238 0.00176304 0.999998 0.00983517 0.0551943 0.154886
FixedParameters: 0 0 0

#Transform 34
Transform: AffineTransform_float_3_3
Parameters: 1 -0.000695953 0.000880565 0.000697121 0.999999 -0.00143756 -0.000878939 0.00143797 0.999998 0.012928 0.0358578 0.127814
FixedParameters: 0 0 0

#Transform 35
Transform: AffineTransform_float_3_3
Parameters: 0.999999 -0.00076453 0.00105421 0.000765521 0.999999 -0.000727937 -0.001054 0.000728202 0.999999 0.00718488 0.0298746 0.141228
FixedParameters: 0 0 0

#Transform 36
Transform: AffineTransform_float_3_3
Parameters: 0.999999 -0.00116107 0.00107944 0.00116079 0.999999 0.000335878 -0.00107939 -0.000334768 0.999999 0.00650262 0.00585445 0.230764
FixedParameters: 0 0 0

#Transform 37
Transform: AffineTransform_float_3_3
Parameters: 0.999999 -0.000755008 0.00108751 0.000755921 1 -0.000444046 -0.00108687 0.000444317 0.999999 -0.0143556 0.0965318 0.0379
FixedParameters: 0 0 0

#Transform 38
Transform: AffineTransform_float_3_3
Parameters: 0.999999 -0.000751103 0.00108551 0.000751879 1 -0.000596222 -0.00108553 0.000597021 0.999999 0.0199275 0.0225493 0.136898
FixedParameters: 0 0 0

#Transform 39
Transform: AffineTransform_float_3_3
Parameters: 1 -0.000612702 0.00100653 0.000612112 1 -0.000152755 -0.0010059 0.000153145 0.999999 0.019913 0.0104199 0.0622538
FixedParameters: 0 0 0

#Transform 40
Transform: AffineTransform_float_3_3
Parameters: 0.999999 -0.000383087 0.000876813 0.000383858 0.999999 -0.000454101 -0.000876451 0.000454259 0.999999 0.0321994 0.0403716 0.0100839
FixedParameters: 0 0 0

#Transform 41
Transform: AffineTransform_float_3_3
Parameters: 1 -0.00068507 0.000680514 0.000685701 1 -0.000845449 -0.000680273 0.000845549 0.999999 0.0517525 0.0119979 0.160848
FixedParameters: 0 0 0

#Transform 42
Transform: AffineTransform_float_3_3
Parameters: 1 -0.000950393 0.000736323 0.00095069 1 -0.000554355 -0.000736187 0.000554922 0.999999 0.0441478 0.0129045 0.138434
FixedParameters: 0 0 0

#Transform 43
Transform: AffineTransform_float_3_3
Parameters: 1 -0.000975086 0.000661434 0.000976051 0.999999 -0.00110177 -0.000660152 0.00110308 0.999999 0.0443283 0.0109154 0.119593
FixedParameters: 0 0 0

#Transform 44
Transform: AffineTransform_float_3_3
Parameters: 1 -0.00104648 0.000543069 0.00104652 0.999999 -0.00097131 -0.000542822 0.000971638 0.999999 0.0286832 0.0146435 0.129985
FixedParameters: 0 0 0

#Transform 45
Transform: AffineTransform_float_3_3
Parameters: 1 -0.00114065 0.000329788 0.00114176 0.999997 -0.00180977 -0.000327838 0.00181055 0.999999 0.053196 0.0177327 0.132454
FixedParameters: 0 0 0

#Transform 46
Transform: AffineTransform_float_3_3
Parameters: 0.999999 -0.000920793 0.00102051 0.000922672 0.999998 -0.00117391 -0.0010192 0.0011753 0.999999 0.0353048 0.0399835 0.165058
FixedParameters: 0 0 0

#Transform 47
Transform: AffineTransform_float_3_3
Parameters: 0.999999 -0.000919308 0.000807645 0.00092019 0.999999 -0.000867666 -0.000806966 0.000868318 0.999999 0.0433592 0.0536688 0.168121
FixedParameters: 0 0 0

#Transform 48
Transform: AffineTransform_float_3_3
Parameters: 1 -0.000850621 0.000768683 0.000851053 0.999999 -0.000865526 -0.000766766 0.000865991 0.999999 0.0461602 0.0534534 0.168062
FixedParameters: 0 0 0

#Transform 49
Transform: AffineTransform_float_3_3
Parameters: 1 -0.0010443 0.000277142 0.00104563 0.999998 -0.00169241 -0.00027498 0.00169265 0.999998 0.0506738 0.0483186 0.162464
FixedParameters: 0 0 0

#Transform 50
Transform: AffineTransform_float_3_3
Parameters: 0.999999 -0.00122934 8.09522e-05 0.00122949 0.999997 -0.00169614 -7.90126e-05 0.00169551 0.999998 0.0689463 0.0355477 0.187624
FixedParameters: 0 0 0

#Transform 51
Transform: AffineTransform_float_3_3
Parameters: 0.999999 -0.00127918 0.000411179 0.00127989 0.999997 -0.00204062 -0.000407646 0.00204086 0.999998 0.0752115 0.0548432 0.21799
FixedParameters: 0 0 0

#Transform 52
Transform: AffineTransform_float_3_3
Parameters: 1 -0.000695663 0.000910388 0.000697745 0.999997 -0.00240189 -0.000909056 0.00240324 0.999996 0.103014 0.0951706 0.16946
FixedParameters: 0 0 0

#Transform 53
Transform: AffineTransform_float_3_3
Parameters: 0.999999 -0.000678263 0.000378568 0.000679556 0.999995 -0.00286867 -0.000376214 0.00286922 0.999996 0.119809 0.0898133 0.164044
FixedParameters: 0 0 0

#Transform 54
Transform: AffineTransform_float_3_3
Parameters: 0.999999 -0.00066856 0.000228016 0.000668987 0.999995 -0.00286644 -0.000225724 0.00286679 0.999996 0.114064 0.0758772 0.160483
FixedParameters: 0 0 0

#Transform 55
Transform: AffineTransform_float_3_3
Parameters: 0.999999 -0.000667767 0.000372929 0.000669315 0.999994 -0.00322148 -0.000370115 0.00322202 0.999995 0.126706 0.0561636 0.188815
FixedParameters: 0 0 0

#Transform 56
Transform: AffineTransform_float_3_3
Parameters: 1 -0.000848214 0.00047586 0.00084995 0.999994 -0.0032696 -0.000472718 0.00326961 0.999994 0.153071 0.0727754 0.201351
FixedParameters: 0 0 0

#Transform 57
Transform: AffineTransform_float_3_3
Parameters: 0.999999 -0.000668158 0.000373729 0.000669707 0.999993 -0.00380115 -0.000370908 0.00380086 0.999993 0.159711 0.107285 0.212669
FixedParameters: 0 0 0

#Transform 58
Transform: AffineTransform_float_3_3
Parameters: 1 -0.000936927 0.000328677 0.000938222 0.999993 -0.00344346 -0.000325943 0.00344415 0.999994 0.156354 0.0982208 0.239461
FixedParameters: 0 0 0

#Transform 59
Transform: AffineTransform_float_3_3
Parameters: 1 -0.000967676 0.000191532 0.000968357 0.999995 -0.0030923 -0.000188448 0.00309272 0.999995 0.162551 0.0828213 0.222603
FixedParameters: 0 0 0

#Transform 60
Transform: AffineTransform_float_3_3
Parameters: 0.999999 -0.000661712 0.000369445 0.000663212 0.999994 -0.00318527 -0.000366718 0.00318581 0.999995 0.14884 0.0816462 0.219612
FixedParameters: 0 0 0

#Transform 61
Transform: AffineTransform_float_3_3
Parameters: 1 -0.000578799 0.000322529 0.000580307 0.999993 -0.00362126 -0.000319776 0.00362082 0.999993 0.137684 0.0800522 0.197062
FixedParameters: 0 0 0

#Transform 62
Transform: AffineTransform_float_3_3
Parameters: 0.999999 -0.000642475 0.000443566 0.000643482 0.999995 -0.00307873 -0.000440607 0.00307936 0.999995 0.127297 0.0809744 0.221306
FixedParameters: 0 0 0

#Transform 63
Transform: AffineTransform_float_3_3
Parameters: 1 -0.000677906 0.000852638 0.000679796 0.999995 -0.0029641 -0.000850075 0.00296398 0.999995 0.120145 0.0806472 0.239738
FixedParameters: 0 0 0

#Transform 64
Transform: AffineTransform_float_3_3
Parameters: 1 -0.000698599 0.000830759 0.000700815 0.999996 -0.00271279 -0.000828916 0.00271352 0.999996 0.120542 0.0856343 0.230383
FixedParameters: 0 0 0

#Transform 65
Transform: AffineTransform_float_3_3
Parameters: 1 -0.000689079 0.000842696 0.000690628 0.999995 -0.00279573 -0.000840299 0.00279648 0.999996 0.115933 0.0923521 0.222326
FixedParameters: 0 0 0

#Transform 66
Transform: AffineTransform_float_3_3
Parameters: 0.999999 -0.000851566 0.00107246 0.000855406 0.999994 -0.00367557 -0.00106925 0.00367669 0.999993 0.0793441 0.122 0.332184
FixedParameters: 0 0 0

#Transform 67
Transform: AffineTransform_float_3_3
Parameters: 0.999999 -0.000789404 0.00104089 0.000791292 0.999997 -0.00243898 -0.00103855 0.00243935 0.999997 0.0712456 0.125942 0.300751
FixedParameters: 0 0 0

#Transform 68
Transform: AffineTransform_float_3_3
Parameters: 0.999999 -0.000823068 0.00105987 0.000825674 0.999997 -0.0023108 -0.00105808 0.00231263 0.999997 0.0806821 0.0827829 0.260899
FixedParameters: 0 0 0

#Transform 69
Transform: AffineTransform_float_3_3
Parameters: 0.999999 -0.00091628 0.000949443 0.000920205 0.999993 -0.00373853 -0.000946135 0.00373954 0.999992 0.0823319 0.0991411 0.276721
FixedParameters: 0 0 0

#Transform 70
Transform: AffineTransform_float_3_3
Parameters: 0.999999 -0.00111831 0.0010567 0.00112071 0.999997 -0.00245413 -0.00105409 0.00245574 0.999996 0.0818195 0.11416 0.310591
FixedParameters: 0 0 0

#Transform 71
Transform: AffineTransform_float_3_3
Parameters: 0.999999 -0.000945164 0.000827474 0.000947502 0.999996 -0.00280002 -0.000824128 0.0028003 0.999996 0.093749 0.127449 0.290921
FixedParameters: 0 0 0

#Transform 72
Transform: AffineTransform_float_3_3
Parameters: 0.999999 -0.000903022 0.00108162 0.000906315 0.999996 -0.00258348 -0.00107896 0.00258467 0.999995 0.0772117 0.109543 0.32687
FixedParameters: 0 0 0

#Transform 73
Transform: AffineTransform_float_3_3
Parameters: 0.999999 -0.000870134 0.00084514 0.000871882 0.999997 -0.00239156 -0.00084299 0.00239226 0.999997 0.0885161 0.103549 0.28122
FixedParameters: 0 0 0

#Transform 74
Transform: AffineTransform_float_3_3
Parameters: 0.999999 -0.000758806 0.000999496 0.000761646 0.999996 -0.0025808 -0.000997575 0.00258103 0.999996 0.0889847 0.091389 0.286828
FixedParameters: 0 0 0

#Transform 75
Transform: AffineTransform_float_3_3
Parameters: 0.999999 -0.000971466 0.000871407 0.000973813 0.999997 -0.00217922 -0.000869724 0.00218013 0.999997 0.0898446 0.0833562 0.288888
FixedParameters: 0 0 0

#Transform 76
Transform: AffineTransform_float_3_3
Parameters: 0.999999 -0.00092124 0.00105008 0.00092367 0.999997 -0.0022607 -0.00104791 0.0022622 0.999997 0.0837433 0.090643 0.288276
FixedParameters: 0 0 0

#Transform 77
Transform: AffineTransform_float_3_3
Parameters: 0.999999 -0.00105042 0.000770831 0.00105294 0.999996 -0.0025737 -0.000767912 0.00257402 0.999997 0.0874591 0.0908507 0.293148
FixedParameters: 0 0 0

#Transform 78
Transform: AffineTransform_float_3_3
Parameters: 0.999999 -0.000812077 0.00114103 0.000814989 0.999997 -0.00229178 -0.00113931 0.00229235 0.999997 0.0639744 0.0956642 0.309053
FixedParameters: 0 0 0

#Transform 79
Transform: AffineTransform_float_3_3
Parameters: 0.999998 -0.000971383 0.00125231 0.000975 0.999995 -0.00290414 -0.00124899 0.00290533 0.999995 0.0652708 0.114512 0.317459
FixedParameters: 0 0 0

#Transform 80
Transform: AffineTransform_float_3_3
Parameters: 1 -0.000890629 0.000613334 0.000892592 0.999996 -0.00273976 -0.000610907 0.00274092 0.999996 0.086027 0.113766 0.301085
FixedParameters: 0 0 0

#Transform 81
Transform: AffineTransform_float_3_3
Parameters: 1 -0.000905293 0.000806193 0.000907046 0.999999 -0.00139353 -0.000804535 0.00139415 0.999999 0.0757774 0.11048 0.305859
FixedParameters: 0 0 0

#Transform 82
Transform: AffineTransform_float_3_3
Parameters: 1 -0.000771873 0.00073036 0.000773333 0.999999 -0.00133693 -0.000729162 0.00133808 0.999999 0.0750917 0.110276 0.235148
FixedParameters: 0 0 0

#Transform 83
Transform: AffineTransform_float_3_3
Parameters: 1 -0.000915286 0.000380088 0.00091549 0.999999 -0.000952071 -0.000379263 0.000951933 0.999999 0.0816918 0.0877236 0.281303
FixedParameters: 0 0 0

#Transform 84
Transform: AffineTransform_float_3_3
Parameters: 0.999999 -0.00110026 0.000542109 0.00110089 0.999999 -0.00146002 -0.000540646 0.00146092 0.999998 0.090162 0.0974363 0.30325
FixedParameters: 0 0 0

#Transform 85
Transform: AffineTransform_float_3_3
Parameters: 0.999999 -0.00121788 0.000544885 0.00121763 1 -0.000222389 -0.000545273 0.000223399 0.999999 0.0874469 0.0862837 0.28274
FixedParameters: 0 0 0

#Transform 86
Transform: AffineTransform_float_3_3
Parameters: 0.999999 -0.00118232 0.000629876 0.00118208 0.999999 0.000166769 -0.000630318 -0.000166136 1 0.0669199 0.0849413 0.205876
FixedParameters: 0 0 0

#Transform 87
Transform: AffineTransform_float_3_3
Parameters: 0.999999 -0.00156015 0.000868194 0.00156209 0.999996 -0.00225449 -0.000864629 0.00225558 0.999997 0.0754098 0.0240201 0.21185
FixedParameters: 0 0 0

#Transform 88
Transform: AffineTransform_float_3_3
Parameters: 0.999998 -0.00197225 3.90169e-06 0.00197257 0.999997 -0.00167279 -9.21482e-07 0.00167302 0.999999 0.0574814 0.141931 0.248206
FixedParameters: 0 0 0

#Transform 89
Transform: AffineTransform_float_3_3
Parameters: 0.999998 -0.00149686 0.000615292 0.00149721 0.999999 -0.000713301 -0.000614074 0.000713452 1 0.0570002 0.0373091 0.361873
FixedParameters: 0 0 0

#Transform 90
Transform: AffineTransform_float_3_3
Parameters: 0.999999 -0.00127249 6.81999e-05 0.00127293 0.999999 -0.000488825 -6.83799e-05 0.000488666 1 0.0689989 0.106744 0.280442
FixedParameters: 0 0 0

#Transform 91
Transform: AffineTransform_float_3_3
Parameters: 0.999999 -0.00124477 5.15824e-05 0.00124472 0.999999 0.000226583 -5.21963e-05 -0.000227311 1 0.030536 0.118144 0.15094
FixedParameters: 0 0 0

#Transform 92
Transform: AffineTransform_float_3_3
Parameters: 0.999999 -0.00153362 0.000213522 0.00153363 0.999998 0.00113588 -0.000216137 -0.0011361 1 0.0199027 0.0608158 0.208335
FixedParameters: 0 0 0

#Transform 93
Transform: AffineTransform_float_3_3
Parameters: 0.999999 -0.00151545 0.000396492 0.0015152 0.999999 0.00095976 -0.000398544 -0.000958922 1 0.0267261 0.00953983 0.26888
FixedParameters: 0 0 0

#Transform 94
Transform: AffineTransform_float_3_3
Parameters: 1 -0.00117357 0.000284988 0.00117354 1 4.5053e-05 -0.000285156 -4.47261e-05 1 0.0464684 0.114759 0.224336
FixedParameters: 0 0 0

#Transform 95
Transform: AffineTransform_float_3_3
Parameters: 0.999999 -0.00126293 0.00016011 0.00126234 0.999999 0.000633698 -0.000160411 -0.000633645 0.999999 0.0450665 0.0546086 0.326837
FixedParameters: 0 0 0

#Transform 96
Transform: AffineTransform_float_3_3
Parameters: 0.999999 -0.0013266 0.000494308 0.0013264 0.999999 0.000195796 -0.000494889 -0.000194826 1 0.0380408 0.0775055 0.314694
FixedParameters: 0 0 0

#Transform 97
Transform: AffineTransform_float_3_3
Parameters: 0.999999 -0.00114544 0.000605135 0.00114577 0.999999 -0.00108975 -0.000604437 0.00109084 0.999998 0.0516861 0.0869208 0.303647
FixedParameters: 0 0 0

#Transform 98
Transform: AffineTransform_float_3_3
Parameters: 0.999999 -0.00110999 0.000878439 0.00111186 0.999997 -0.00190322 -0.000876753 0.00190387 0.999998 0.0404991 0.113399 0.314135
FixedParameters: 0 0 0

#Transform 99
Transform: AffineTransform_float_3_3
Parameters: 0.999999 -0.00125133 0.000742379 0.00125305 0.999998 -0.00181005 -0.000739534 0.0018111 0.999998 0.0426695 0.10035 0.387302
FixedParameters: 0 0 0

#Transform 100
Transform: AffineTransform_float_3_3
Parameters: 0.999999 -0.00126251 0.000835397 0.00126446 0.999997 -0.00203456 -0.000832812 0.00203589 0.999997 0.0509525 0.126336 0.358002
FixedParameters: 0 0 0

#Transform 101
Transform: AffineTransform_float_3_3
Parameters: 0.999998 -0.00105504 0.00112134 0.00105857 0.999994 -0.00340059 -0.00111725 0.00340173 0.999994 0.0603407 0.13962 0.365517
FixedParameters: 0 0 0

#Transform 102
Transform: AffineTransform_float_3_3
Parameters: 0.999999 -0.00123385 0.00112096 0.00123785 0.999991 -0.00403022 -0.0011158 0.00403232 0.999991 0.0528461 0.138826 0.431569
FixedParameters: 0 0 0

#Transform 103
Transform: AffineTransform_float_3_3
Parameters: 0.999999 -0.0011997 0.00114566 0.00120392 0.99999 -0.00425558 -0.00114104 0.00425717 0.99999 0.0378072 0.119755 0.409531
FixedParameters: 0 0 0

#Transform 104
Transform: AffineTransform_float_3_3
Parameters: 0.999998 -0.000884952 0.00137453 0.00089102 0.999991 -0.00417297 -0.00137044 0.00417371 0.999991 0.0690667 0.138373 0.314913
FixedParameters: 0 0 0

#Transform 105
Transform: AffineTransform_float_3_3
Parameters: 0.999999 -0.000811749 0.00133766 0.000821316 0.999976 -0.00700913 -0.00133217 0.00701026 0.999975 0.0643713 0.162012 0.378466
FixedParameters: 0 0 0

#Transform 106
Transform: AffineTransform_float_3_3
Parameters: 0.999999 0.000398896 0.000640653 -0.000396989 0.999996 -0.00275847 -0.000641668 0.00275799 0.999996 0.0758685 0.180737 -0.0671106
FixedParameters: 0 0 0

#Transform 107
Transform: AffineTransform_float_3_3
Parameters: 0.999999 -9.62907e-05 0.000783681 9.89615e-05 0.999996 -0.00304132 -0.000782727 0.00304152 0.999995 0.0352006 0.0750398 0.182622
FixedParameters: 0 0 0

#Transform 108
Transform: AffineTransform_float_3_3
Parameters: 0.999999 -0.000824606 0.00149472 0.000828817 0.999995 -0.00309472 -0.00149229 0.00309546 0.999994 0.0424418 0.14604 0.451327
FixedParameters: 0 0 0

#Transform 109
Transform: AffineTransform_float_3_3
Parameters: 0.999998 -0.000654656 0.00142799 0.000658081 0.999996 -0.00249572 -0.00142708 0.00249583 0.999996 0.0436043 0.130435 0.294269
FixedParameters: 0 0 0

#Transform 110
Transform: AffineTransform_float_3_3
Parameters: 0.999998 -0.000855501 0.00133152 0.000859924 0.999995 -0.00302354 -0.00132862 0.00302458 0.999995 0.0561106 0.131666 0.313607
FixedParameters: 0 0 0

#Transform 111
Transform: AffineTransform_float_3_3
Parameters: 0.999998 -0.000860885 0.00201787 0.000869019 0.999992 -0.00392666 -0.00201443 0.0039285 0.99999 0.0576245 0.128048 0.313866
FixedParameters: 0 0 0

#Transform 112
Transform: AffineTransform_float_3_3
Parameters: 0.999997 -0.000924705 0.00191583 0.000932286 0.999993 -0.00376348 -0.00191262 0.00376485 0.999992 0.0567561 0.146803 0.350246
FixedParameters: 0 0 0

#Transform 113
Transform: AffineTransform_float_3_3
Parameters: 0.999998 -0.000788396 0.00183968 0.000797272 0.999986 -0.00519918 -0.0018352 0.00520052 0.999985 0.0609976 0.146441 0.367708
FixedParameters: 0 0 0

#Transform 114
Transform: AffineTransform_float_3_3
Parameters: 0.999998 -0.000715612 0.00172009 0.000724163 0.999985 -0.00545807 -0.00171594 0.00545896 0.999983 0.0456153 0.185299 0.327928
FixedParameters: 0 0 0

#Transform 115
Transform: AffineTransform_float_3_3
Parameters: 0.999999 -0.000765322 0.00157105 0.000776813 0.999973 -0.00728097 -0.00156555 0.00728187 0.999973 0.0811604 0.208572 0.359774
FixedParameters: 0 0 0

#Transform 116
Transform: AffineTransform_float_3_3
Parameters: 0.999998 -0.000923153 0.00174152 0.000940265 0.99995 -0.00989774 -0.0017332 0.00989968 0.999949 0.11242 0.199088 0.343636
FixedParameters: 0 0 0

#Transform 117
Transform: AffineTransform_float_3_3
Parameters: 0.999998 -0.000432378 0.00150275 0.000444688 0.999968 -0.0079493 -0.00149985 0.00794995 0.999968 0.0835016 0.212268 0.320004
FixedParameters: 0 0 0

#Transform 118
Transform: AffineTransform_float_3_3
Parameters: 0.999999 -0.00079555 0.00117495 0.000802554 0.999979 -0.00635237 -0.00117058 0.00635316 0.999979 0.0983543 0.194349 0.240091
FixedParameters: 0 0 0

#Transform 119
Transform: AffineTransform_float_3_3
Parameters: 0.999999 -0.000371117 0.00173625 0.000383911 0.999974 -0.00718274 -0.00173389 0.00718338 0.999972 0.0857632 0.213114 0.160216
FixedParameters: 0 0 0
