# transform file /out/sourcedata/freesurfer/sub-v1s18x0051267_ses-1/mri/transforms/cc_up.lta
# created by oesteban on Mon Mar  9 08:30:32 2026

type      = 0 # LINEAR_VOX_TO_VOX
nxforms   = 1
mean      = 129.0000 126.0000 122.0000
sigma     = 10000.0000
1 4 4
9.927437901496887e-01 -8.373773097991943e-02 8.629921823740005e-02 9.610322117805481e-01 
8.342311531305313e-02 9.964877367019653e-01 7.251970935612917e-03 3.926280021667480e+00 
-8.660338819026947e-02 0.000000000000000e+00 9.962428212165833e-01 3.350811767578125e+01 
0.000000000000000e+00 0.000000000000000e+00 0.000000000000000e+00 1.000000000000000e+00 
src volume info
valid = 1  # volume info valid
filename = /out/sourcedata/freesurfer/sub-v1s18x0051267_ses-1/mri/norm.mgz
volume = 256 256 256
voxelsize = 1.000000000000000e+00 1.000000000000000e+00 1.000000000000000e+00
xras   = -1.000000000000000e+00 0.000000000000000e+00 7.450580596923828e-09
yras   = -7.450580596923828e-09 0.000000000000000e+00 -1.000000119209290e+00
zras   = 0.000000000000000e+00 1.000000000000000e+00 0.000000000000000e+00
cras   = -2.958824157714844e+00 6.442634582519531e+00 -3.285079956054688e+00
dst volume info
valid = 1  # volume info valid
filename = /out/sourcedata/freesurfer/sub-v1s18x0051267_ses-1/mri/norm.mgz
volume = 256 256 256
voxelsize = 1.000000000000000e+00 1.000000000000000e+00 1.000000000000000e+00
xras   = -1.000000000000000e+00 0.000000000000000e+00 7.450580596923828e-09
yras   = -7.450580596923828e-09 0.000000000000000e+00 -1.000000119209290e+00
zras   = 0.000000000000000e+00 1.000000000000000e+00 0.000000000000000e+00
cras   = -2.958824157714844e+00 6.442634582519531e+00 -3.285079956054688e+00
