#Insight Transform File V1.0
#Transform 0
Transform: AffineTransform_float_3_3
Parameters: 0.999999 -0.000791849 -0.0016777 0.000790358 0.999999 -0.000716066 0.00167842 0.00071494 0.999998 0.106599 -0.0175285 -0.358548
FixedParameters: 0 0 0

#Transform 1
Transform: AffineTransform_float_3_3
Parameters: 0.999998 -0.00138939 -0.00184467 0.00138953 0.999999 4.47964e-05 0.00184455 -4.70063e-05 0.999999 0.155193 -0.0332019 -0.29106
FixedParameters: 0 0 0

#Transform 2
Transform: AffineTransform_float_3_3
Parameters: 0.999998 -0.0009541 -0.00128227 0.000954 0.999999 -3.94965e-05 0.00128234 3.78025e-05 0.999999 0.146012 -0.0102793 -0.338141
FixedParameters: 0 0 0

#Transform 3
Transform: AffineTransform_float_3_3
Parameters: 0.999999 -0.000185961 -0.00154305 0.000185257 1 0.000189231 0.00154247 -0.000189761 0.999999 0.101034 0.00689352 -0.374407
FixedParameters: 0 0 0

#Transform 4
Transform: AffineTransform_float_3_3
Parameters: 1 -0.000173688 -0.00113908 0.000173719 1 1.3759e-05 0.00113907 -1.3402e-05 1 0.0754818 0.00658929 -0.302413
FixedParameters: 0 0 0

#Transform 5
Transform: AffineTransform_float_3_3
Parameters: 1 -0.000133542 -0.00100481 0.000133466 1 -0.00049081 0.00100453 0.000491318 1 0.0564065 -0.0220821 -0.307404
FixedParameters: 0 0 0

#Transform 6
Transform: AffineTransform_float_3_3
Parameters: 0.999999 7.71892e-05 -0.00128064 -7.7954e-05 1 -0.00031149 0.00128058 0.000311784 0.999999 0.0685883 0.0212022 -0.3899
FixedParameters: 0 0 0

#Transform 7
Transform: AffineTransform_float_3_3
Parameters: 0.999999 0.000237426 -0.00153753 -0.00023689 1 0.000163899 0.00153759 -0.000163075 0.999999 0.0717268 0.0101725 -0.395654
FixedParameters: 0 0 0

#Transform 8
Transform: AffineTransform_float_3_3
Parameters: 0.999999 0.000100564 -0.00184315 -0.000100326 0.999999 0.00028489 0.00184365 -0.000285105 0.999998 0.0828498 0.0164804 -0.355912
FixedParameters: 0 0 0

#Transform 9
Transform: AffineTransform_float_3_3
Parameters: 0.999999 0.00013667 -0.00136494 -0.000135412 1 0.000932808 0.00136468 -0.000933146 0.999999 0.0646121 -0.00427285 -0.262422
FixedParameters: 0 0 0

#Transform 10
Transform: AffineTransform_float_3_3
Parameters: 0.999999 0.000103102 -0.00180207 -0.000102128 1 0.000870808 0.00180214 -0.000871076 0.999999 0.0747998 -0.00194269 -0.324595
FixedParameters: 0 0 0

#Transform 11
Transform: AffineTransform_float_3_3
Parameters: 0.999999 0.000299775 -0.00143865 -0.000298841 0.999999 0.00108859 0.00143921 -0.00108846 0.999998 0.0650728 0.00307728 -0.386089
FixedParameters: 0 0 0

#Transform 12
Transform: AffineTransform_float_3_3
Parameters: 0.999999 0.000344531 -0.00145949 -0.000344318 1 0.000514482 0.00145933 -0.000514186 0.999999 0.0532351 0.00594475 -0.41159
FixedParameters: 0 0 0

#Transform 13
Transform: AffineTransform_float_3_3
Parameters: 0.999998 7.13145e-05 -0.00195857 -7.08439e-05 1 0.000103347 0.00195855 -0.000102879 0.999999 0.039784 0.0633556 -0.289883
FixedParameters: 0 0 0

#Transform 14
Transform: AffineTransform_float_3_3
Parameters: 0.999999 -2.06901e-05 -0.00133402 1.78896e-05 0.999998 -0.0022178 0.00133363 0.00221719 0.999997 -0.0492349 0.0701762 0.0595792
FixedParameters: 0 0 0

#Transform 15
Transform: AffineTransform_float_3_3
Parameters: 1 0.000157402 -0.000237881 -0.000157464 0.999998 -0.00192106 0.00023673 0.00192116 0.999998 -0.0862945 0.0449775 0.118013
FixedParameters: 0 0 0

#Transform 16
Transform: AffineTransform_float_3_3
Parameters: 0.999999 0.000622916 -0.000348245 -0.00062405 0.999998 -0.00213957 0.000346352 0.00213928 0.999998 -0.086136 0.033353 0.115828
FixedParameters: 0 0 0

#Transform 17
Transform: AffineTransform_float_3_3
Parameters: 1 0.000189326 -0.000235694 -0.000188579 1 -0.00115455 0.000235686 0.00115469 1 -0.0619858 0.051908 0.0974694
FixedParameters: 0 0 0

#Transform 18
Transform: AffineTransform_float_3_3
Parameters: 1 0.000227618 -0.000167329 -0.000227945 1 -0.000977096 0.000166884 0.000976419 0.999999 -0.0496095 -0.0110256 0.0600916
FixedParameters: 0 0 0

#Transform 19
Transform: AffineTransform_float_3_3
Parameters: 1 5.56076e-05 -0.000584416 -5.53274e-05 1 -0.000538987 0.000583943 0.000539076 0.999999 -0.00692795 0.0224615 0.0572433
FixedParameters: 0 0 0

#Transform 20
Transform: AffineTransform_float_3_3
Parameters: 1 -0.000147413 -2.96368e-05 0.000148286 1 -0.000624935 2.94084e-05 0.000624951 1 -0.000399221 0.0151621 0.00850941
FixedParameters: 0 0 0

#Transform 21
Transform: AffineTransform_float_3_3
Parameters: 1 0.000412758 0.000171666 -0.000412689 1 -0.000202346 -0.000171833 0.000202204 1 0.00203312 0.0180181 -0.0930195
FixedParameters: 0 0 0

#Transform 22
Transform: AffineTransform_float_3_3
Parameters: 1 0.000174131 -0.000353678 -0.000174275 1 -0.000202214 0.000353607 0.000202337 1 -0.0105378 0.00446685 -0.0966477
FixedParameters: 0 0 0

#Transform 23
Transform: AffineTransform_float_3_3
Parameters: 1 0.000436311 -0.000366152 -0.000436365 1 -7.39418e-05 0.000366088 7.42612e-05 1 0.00863665 0.00777512 -0.0862933
FixedParameters: 0 0 0

#Transform 24
Transform: AffineTransform_float_3_3
Parameters: 1 0.000398193 -0.000455405 -0.000398305 1 -0.000123034 0.000455307 0.000123396 1 0.0107405 0.0159391 -0.111015
FixedParameters: 0 0 0

#Transform 25
Transform: AffineTransform_float_3_3
Parameters: 1 0.000442179 0.00024832 -0.000442011 1 -0.000338294 -0.00024862 0.000338074 1 0.00912298 0.0197532 -0.133156
FixedParameters: 0 0 0

#Transform 26
Transform: AffineTransform_float_3_3
Parameters: 1 0.000452451 0.000243759 -0.000452438 1 -2.75024e-05 -0.000243784 2.72818e-05 1 0.00208929 0.00732894 -0.128308
FixedParameters: 0 0 0

#Transform 27
Transform: AffineTransform_float_3_3
Parameters: 1 0.000446671 0.000246325 -0.000446571 1 -0.000202385 -0.000246506 0.000202165 1 -0.00864557 0.0317522 -0.158036
FixedParameters: 0 0 0

#Transform 28
Transform: AffineTransform_float_3_3
Parameters: 1 0.000353205 4.05578e-05 -0.000353189 1 -0.000202289 -4.07007e-05 0.000202261 1 -0.0141709 0.031363 -0.164769
FixedParameters: 0 0 0

#Transform 29
Transform: AffineTransform_float_3_3
Parameters: 1 0.000635457 -1.29295e-05 -0.000635461 1 -0.000149433 1.27395e-05 0.000149449 1 -0.0316524 0.00521776 -0.167486
FixedParameters: 0 0 0

#Transform 30
Transform: AffineTransform_float_3_3
Parameters: 1 0.000669877 0.000145021 -0.000669891 1 -6.44127e-05 -0.000145093 6.48761e-05 1 -0.0333612 0.0331344 -0.170995
FixedParameters: 0 0 0

#Transform 31
Transform: AffineTransform_float_3_3
Parameters: 0.999999 0.000708144 -0.000118331 -0.000708149 0.999999 -2.02834e-05 0.000118302 2.0451e-05 1 -0.0314626 0.0228573 -0.156722
FixedParameters: 0 0 0

#Transform 32
Transform: AffineTransform_float_3_3
Parameters: 0.999999 0.000760194 -0.000544373 -0.000759936 1 0.000615917 0.000544401 -0.00061587 0.999999 -0.0167444 0.00643433 -0.145783
FixedParameters: 0 0 0

#Transform 33
Transform: AffineTransform_float_3_3
Parameters: 0.999999 0.00082104 -0.000203234 -0.000821284 0.999999 0.000414034 0.000203006 -0.000413728 1 -0.0299875 0.0233873 -0.173448
FixedParameters: 0 0 0

#Transform 34
Transform: AffineTransform_float_3_3
Parameters: 0.999999 0.000743986 -0.000446164 -0.000744099 0.999999 0.000336044 0.000445756 -0.000335408 1 -0.0322254 0.0346261 -0.19138
FixedParameters: 0 0 0

#Transform 35
Transform: AffineTransform_float_3_3
Parameters: 1 0.00102456 -0.000117907 -0.0010245 0.999999 0.000138335 0.000118257 -0.000138092 1 -0.0514832 0.0430204 -0.209864
FixedParameters: 0 0 0

#Transform 36
Transform: AffineTransform_float_3_3
Parameters: 0.999999 0.00090842 -0.000424311 -0.000908696 0.999999 0.000161838 0.000423696 -0.000161095 1 -0.0493571 0.0455743 -0.205494
FixedParameters: 0 0 0

#Transform 37
Transform: AffineTransform_float_3_3
Parameters: 0.999999 0.000930771 -7.55398e-05 -0.000930775 0.999999 -2.30609e-05 7.54967e-05 2.32014e-05 1 -0.0644208 0.0460486 -0.212204
FixedParameters: 0 0 0

#Transform 38
Transform: AffineTransform_float_3_3
Parameters: 0.999999 0.00086501 0.000161039 -0.000865551 1 0.000294513 -0.000161422 -0.000294162 0.999999 -0.0534954 0.0480077 -0.252113
FixedParameters: 0 0 0

#Transform 39
Transform: AffineTransform_float_3_3
Parameters: 0.999999 0.00100812 6.70012e-05 -0.00100808 0.999999 -0.00028679 -6.75793e-05 0.000286655 1 -0.0790325 0.0472316 -0.27381
FixedParameters: 0 0 0

#Transform 40
Transform: AffineTransform_float_3_3
Parameters: 1 0.00109457 -0.000180505 -0.00109455 1 7.15442e-05 0.000180743 -7.12429e-05 1 -0.0685373 0.0653382 -0.2763
FixedParameters: 0 0 0

#Transform 41
Transform: AffineTransform_float_3_3
Parameters: 1 0.00113531 -0.000129581 -0.00113521 0.999999 0.000265206 0.00013025 -0.000265663 1 -0.0689154 0.0459486 -0.28629
FixedParameters: 0 0 0

#Transform 42
Transform: AffineTransform_float_3_3
Parameters: 0.999999 0.00135945 5.08932e-05 -0.00135988 0.999999 0.000223042 -5.11129e-05 -0.000223303 1 -0.0532321 0.0397712 -0.292967
FixedParameters: 0 0 0

#Transform 43
Transform: AffineTransform_float_3_3
Parameters: 0.999999 0.001218 0.000393923 -0.00121854 0.999999 0.000156853 -0.000394367 -0.000157182 0.999999 -0.0761065 0.0512773 -0.295839
FixedParameters: 0 0 0

#Transform 44
Transform: AffineTransform_float_3_3
Parameters: 0.999999 0.00124314 0.000251663 -0.00124315 1 6.57628e-06 -0.000251565 -7.2959e-06 1 -0.0734684 0.0404364 -0.32048
FixedParameters: 0 0 0

#Transform 45
Transform: AffineTransform_float_3_3
Parameters: 0.999999 0.00129592 0.000358516 -0.00129642 1 0.000115338 -0.000359042 -0.000116389 1 -0.0831804 0.0647187 -0.329287
FixedParameters: 0 0 0

#Transform 46
Transform: AffineTransform_float_3_3
Parameters: 0.999999 0.00128886 -4.43149e-05 -0.00128883 0.999999 0.000336168 4.5263e-05 -0.000336146 1 -0.0703178 0.0484376 -0.317455
FixedParameters: 0 0 0

#Transform 47
Transform: AffineTransform_float_3_3
Parameters: 0.999999 0.00130715 -0.000135074 -0.00130708 0.999999 0.000256256 0.000135825 -0.000255996 1 -0.0577736 0.0647938 -0.337507
FixedParameters: 0 0 0

#Transform 48
Transform: AffineTransform_float_3_3
Parameters: 0.999999 0.00144895 -0.000199466 -0.00144887 0.999999 0.000218652 0.00020018 -0.000218167 1 -0.0625752 0.0225429 -0.318489
FixedParameters: 0 0 0

#Transform 49
Transform: AffineTransform_float_3_3
Parameters: 0.999999 0.00146828 -0.000208356 -0.00146819 0.999999 0.000142013 0.000208839 -0.000142152 1 -0.0527809 0.0459266 -0.328954
FixedParameters: 0 0 0

#Transform 50
Transform: AffineTransform_float_3_3
Parameters: 0.999998 0.00154957 -0.000532765 -0.00154972 0.999999 0.000251814 0.000532716 -0.000250285 0.999999 -0.0639261 0.0410681 -0.307635
FixedParameters: 0 0 0

#Transform 51
Transform: AffineTransform_float_3_3
Parameters: 0.999999 0.00152404 -0.000233472 -0.00152392 0.999999 0.000256731 0.000234335 -0.000256112 1 -0.0535749 0.0541572 -0.312454
FixedParameters: 0 0 0

#Transform 52
Transform: AffineTransform_float_3_3
Parameters: 0.999999 0.00142113 -0.000118295 -0.00142164 0.999998 0.00130353 0.000120185 -0.001304 0.999999 -0.0243003 0.0466314 -0.448983
FixedParameters: 0 0 0

#Transform 53
Transform: AffineTransform_float_3_3
Parameters: 0.999999 0.00173457 -0.000438285 -0.0017335 0.999998 0.00108876 0.000439896 -0.00108802 1 -0.0353795 0.0513629 -0.450965
FixedParameters: 0 0 0

#Transform 54
Transform: AffineTransform_float_3_3
Parameters: 0.999999 0.00142527 -0.0006781 -0.00142461 0.999999 0.00109562 0.000679404 -0.00109449 0.999999 -0.0295137 0.0777952 -0.400748
FixedParameters: 0 0 0

#Transform 55
Transform: AffineTransform_float_3_3
Parameters: 0.999999 0.00132477 -0.000571601 -0.00132389 0.999998 0.00149563 0.000573745 -0.00149492 0.999999 -0.0171868 0.0265891 -0.407439
FixedParameters: 0 0 0

#Transform 56
Transform: AffineTransform_float_3_3
Parameters: 0.999998 0.00161239 0.000532086 -0.00161209 0.999998 -0.000780154 -0.000533264 0.000779098 1 -0.145584 0.012675 -0.1698
FixedParameters: 0 0 0

#Transform 57
Transform: AffineTransform_float_3_3
Parameters: 0.999996 0.00171161 0.00235127 -0.00170921 0.999998 -0.000826809 -0.00235232 0.00082307 0.999996 -0.195784 0.0519127 -0.141603
FixedParameters: 0 0 0

#Transform 58
Transform: AffineTransform_float_3_3
Parameters: 0.999997 0.00167386 0.00169944 -0.00167318 0.999999 -0.000755968 -0.00170111 0.00075305 0.999998 -0.138204 0.107299 -0.36317
FixedParameters: 0 0 0

#Transform 59
Transform: AffineTransform_float_3_3
Parameters: 0.999997 0.00178041 0.00130667 -0.00178089 0.999999 -0.000193948 -0.00130692 0.000191339 0.999999 -0.101858 0.0956423 -0.407676
FixedParameters: 0 0 0

#Transform 60
Transform: AffineTransform_float_3_3
Parameters: 0.999998 0.00190665 0.00124885 -0.00190636 0.999998 0.00023224 -0.00124828 -0.000234908 0.999999 -0.105333 0.0587743 -0.422276
FixedParameters: 0 0 0

#Transform 61
Transform: AffineTransform_float_3_3
Parameters: 0.999999 0.00144443 0.000508112 -0.00144466 0.999999 0.000689154 -0.000507426 -0.000689967 1 -0.0561565 0.0716287 -0.45695
FixedParameters: 0 0 0

#Transform 62
Transform: AffineTransform_float_3_3
Parameters: 0.999998 0.00169626 0.00100615 -0.00169733 0.999998 0.00119886 -0.00100378 -0.00120018 0.999999 -0.0460525 0.0885566 -0.513446
FixedParameters: 0 0 0

#Transform 63
Transform: AffineTransform_float_3_3
Parameters: 0.999998 0.00155535 0.00134167 -0.00155595 0.999999 0.000721938 -0.00134113 -0.000724022 0.999999 -0.0738243 0.118438 -0.506546
FixedParameters: 0 0 0

#Transform 64
Transform: AffineTransform_float_3_3
Parameters: 0.999997 0.00187977 0.00145594 -0.00188035 0.999998 0.000668181 -0.00145506 -0.000671564 0.999998 -0.0795378 0.016752 -0.417382
FixedParameters: 0 0 0

#Transform 65
Transform: AffineTransform_float_3_3
Parameters: 0.999998 0.0017192 0.00108103 -0.00171983 0.999998 0.000912896 -0.00107959 -0.000914522 0.999999 -0.0728152 0.077023 -0.460816
FixedParameters: 0 0 0

#Transform 66
Transform: AffineTransform_float_3_3
Parameters: 0.999997 0.00223638 6.64606e-05 -0.00223646 0.999997 0.000971956 -6.42447e-05 -0.000972469 1 -0.0836894 0.0616043 -0.45166
FixedParameters: 0 0 0

#Transform 67
Transform: AffineTransform_float_3_3
Parameters: 0.999997 0.00239317 7.11348e-05 -0.00239275 0.999997 0.000459852 -7.00925e-05 -0.000459628 1 -0.0748337 0.100407 -0.527294
FixedParameters: 0 0 0

#Transform 68
Transform: AffineTransform_float_3_3
Parameters: 0.999999 0.00187222 -0.000140778 -0.00187158 0.999998 0.000384173 0.000141044 -0.000384495 1 -0.0665374 0.0857856 -0.546572
FixedParameters: 0 0 0

#Transform 69
Transform: AffineTransform_float_3_3
Parameters: 0.999998 0.00196437 -0.000443317 -0.00196367 0.999998 0.000654309 0.000443804 -0.000653443 0.999999 -0.0531947 0.0842462 -0.536106
FixedParameters: 0 0 0

#Transform 70
Transform: AffineTransform_float_3_3
Parameters: 0.999999 0.00186124 -0.000222389 -0.00186069 0.999998 0.00104325 0.000224123 -0.00104254 1 -0.056311 0.0725181 -0.493683
FixedParameters: 0 0 0

#Transform 71
Transform: AffineTransform_float_3_3
Parameters: 0.999998 0.00199644 -0.000587682 -0.00199646 0.999998 0.00103357 0.000589163 -0.00103215 0.999999 -0.06316 0.0643067 -0.499527
FixedParameters: 0 0 0

#Transform 72
Transform: AffineTransform_float_3_3
Parameters: 0.999998 0.00222443 -0.000386876 -0.00222357 0.999997 0.00100055 0.000389257 -0.00099904 0.999999 -0.0661135 0.09456 -0.541686
FixedParameters: 0 0 0

#Transform 73
Transform: AffineTransform_float_3_3
Parameters: 0.999998 0.00167556 -0.000140021 -0.00167555 0.999998 7.0857e-05 0.00014034 -7.04813e-05 1 -0.0680131 0.110163 -0.45363
FixedParameters: 0 0 0

#Transform 74
Transform: AffineTransform_float_3_3
Parameters: 0.999999 0.00180768 0.000459848 -0.00180887 0.999997 0.00135464 -0.000457161 -0.00135567 1 -0.0617102 0.156714 -0.606207
FixedParameters: 0 0 0

#Transform 75
Transform: AffineTransform_float_3_3
Parameters: 0.999998 0.00193009 0.000380777 -0.00193038 0.999997 0.00161011 -0.000377172 -0.00161102 0.999999 -0.0754839 0.0414941 -0.548007
FixedParameters: 0 0 0

#Transform 76
Transform: AffineTransform_float_3_3
Parameters: 0.999998 0.00198654 0.000352652 -0.001987 0.999997 0.00138406 -0.000350673 -0.00138418 0.999999 -0.0616004 0.0949377 -0.596563
FixedParameters: 0 0 0

#Transform 77
Transform: AffineTransform_float_3_3
Parameters: 0.999998 0.00186696 0.000563208 -0.00186807 0.999997 0.00179213 -0.000559192 -0.00179292 0.999999 -0.0761807 0.0810218 -0.613636
FixedParameters: 0 0 0

#Transform 78
Transform: AffineTransform_float_3_3
Parameters: 0.999999 0.00181414 -5.84289e-05 -0.00181447 0.999998 0.000388541 5.90785e-05 -0.000388448 1 -0.0285411 0.115898 -0.513754
FixedParameters: 0 0 0

#Transform 79
Transform: AffineTransform_float_3_3
Parameters: 0.999999 0.000922626 6.18055e-06 -0.00092266 1 2.82305e-05 -6.11397e-06 -2.75841e-05 1 -0.00125477 0.104035 -0.513033
FixedParameters: 0 0 0

#Transform 80
Transform: AffineTransform_float_3_3
Parameters: 0.999999 0.00156949 6.8075e-05 -0.00156998 0.999998 0.000531472 -6.72325e-05 -0.000531806 0.999999 -0.0342629 0.0867306 -0.528244
FixedParameters: 0 0 0

#Transform 81
Transform: AffineTransform_float_3_3
Parameters: 0.999999 0.00134555 -0.00033556 -0.00134562 0.999999 0.000468523 0.000335979 -0.000468399 1 -0.0233431 0.119787 -0.48208
FixedParameters: 0 0 0

#Transform 82
Transform: AffineTransform_float_3_3
Parameters: 0.999998 0.00189875 0.000412766 -0.00189826 0.999998 0.000460241 -0.000411334 -0.000460465 1 -0.0782675 0.088342 -0.503332
FixedParameters: 0 0 0

#Transform 83
Transform: AffineTransform_float_3_3
Parameters: 0.999999 0.00181314 0.000371393 -0.001813 0.999998 0.000436548 -0.000371035 -0.000436581 1 -0.0619196 0.113467 -0.557247
FixedParameters: 0 0 0

#Transform 84
Transform: AffineTransform_float_3_3
Parameters: 0.999998 0.00165073 0.000358693 -0.00165082 0.999999 0.000730028 -0.000357574 -0.000729898 1 -0.0547545 0.108515 -0.583441
FixedParameters: 0 0 0

#Transform 85
Transform: AffineTransform_float_3_3
Parameters: 0.999998 0.0015657 -0.000372235 -0.00156545 0.999997 0.0014484 0.000374953 -0.00144804 0.999999 -0.0282978 0.15844 -0.704492
FixedParameters: 0 0 0

#Transform 86
Transform: AffineTransform_float_3_3
Parameters: 0.999998 0.00117821 -0.00110159 -0.00117705 0.999998 0.00130008 0.00110323 -0.00129897 0.999999 0.0652428 0.235466 -0.830278
FixedParameters: 0 0 0

#Transform 87
Transform: AffineTransform_float_3_3
Parameters: 0.999998 0.00162797 -0.00098776 -0.00162778 0.999999 0.000256088 0.000987802 -0.000255061 1 0.00849554 0.170357 -0.80688
FixedParameters: 0 0 0

#Transform 88
Transform: AffineTransform_float_3_3
Parameters: 0.999998 0.00164864 -0.00099587 -0.00164766 0.999998 0.000858705 0.000997001 -0.000857637 0.999999 -0.011776 0.132955 -0.753779
FixedParameters: 0 0 0

#Transform 89
Transform: AffineTransform_float_3_3
Parameters: 0.999998 0.00195115 -0.000341102 -0.00195038 0.999997 0.00100969 0.000342891 -0.00100848 1 -0.0497524 0.127496 -0.718549
FixedParameters: 0 0 0

#Transform 90
Transform: AffineTransform_float_3_3
Parameters: 0.999999 0.00153162 -4.61201e-05 -0.00153161 0.999999 7.69061e-05 4.64372e-05 -7.68584e-05 1 -0.0262558 0.152405 -0.663164
FixedParameters: 0 0 0

#Transform 91
Transform: AffineTransform_float_3_3
Parameters: 0.999999 0.0014739 0.000205102 -0.00147468 0.999999 0.000824089 -0.000203565 -0.000824061 1 -0.0181038 0.161618 -0.660002
FixedParameters: 0 0 0

#Transform 92
Transform: AffineTransform_float_3_3
Parameters: 0.999998 0.00150487 0.00056653 -0.00150534 0.999998 0.000827991 -0.000565343 -0.000829041 1 -0.00729882 0.134275 -0.629342
FixedParameters: 0 0 0

#Transform 93
Transform: AffineTransform_float_3_3
Parameters: 0.999998 0.00164089 0.000254844 -0.00164133 0.999998 0.000978279 -0.000253847 -0.000978487 1 -0.0281806 0.112232 -0.637834
FixedParameters: 0 0 0

#Transform 94
Transform: AffineTransform_float_3_3
Parameters: 0.999998 0.00163007 0.000159905 -0.00163034 0.999999 0.00101401 -0.000158812 -0.00101466 1 -0.0287457 0.140559 -0.669687
FixedParameters: 0 0 0

#Transform 95
Transform: AffineTransform_float_3_3
Parameters: 0.999998 0.00159509 0.000204649 -0.00159513 0.999998 0.00125796 -0.000201941 -0.0012587 0.999999 -0.0304173 0.136929 -0.667874
FixedParameters: 0 0 0

#Transform 96
Transform: AffineTransform_float_3_3
Parameters: 0.999998 0.00194577 0.000466337 -0.0019469 0.999997 0.00124382 -0.000463693 -0.00124435 0.999999 -0.0452101 0.154957 -0.633266
FixedParameters: 0 0 0

#Transform 97
Transform: AffineTransform_float_3_3
Parameters: 0.999999 0.00123193 0.000310248 -0.00123175 1 -0.000284421 -0.000310866 0.000283562 1 -0.0307053 0.149761 -0.607242
FixedParameters: 0 0 0

#Transform 98
Transform: AffineTransform_float_3_3
Parameters: 0.999999 0.00129667 0.000896751 -0.00129704 0.999999 0.000694524 -0.000895345 -0.000696166 0.999999 0.0182145 0.126496 -0.623951
FixedParameters: 0 0 0

#Transform 99
Transform: AffineTransform_float_3_3
Parameters: 0.999999 0.00112668 0.000837119 -0.00112787 0.999998 0.0015124 -0.000835495 -0.00151286 0.999998 0.0184007 0.115162 -0.614429
FixedParameters: 0 0 0

#Transform 100
Transform: AffineTransform_float_3_3
Parameters: 0.999993 0.00160761 0.00333921 -0.00162002 0.999992 0.00360251 -0.00333335 -0.0036077 0.999987 0.062913 0.178124 -1.10322
FixedParameters: 0 0 0

#Transform 101
Transform: AffineTransform_float_3_3
Parameters: 0.999995 0.00172387 0.00290065 -0.00173096 0.999996 0.00238869 -0.00289672 -0.00239412 0.999993 0.0193167 0.146028 -0.877769
FixedParameters: 0 0 0

#Transform 102
Transform: AffineTransform_float_3_3
Parameters: 0.999987 0.00133904 0.0047707 -0.00134208 0.999998 0.000615717 -0.00477034 -0.000622032 0.999988 0.0155123 0.0943502 -0.789472
FixedParameters: 0 0 0

#Transform 103
Transform: AffineTransform_float_3_3
Parameters: 0.99999 0.00120976 0.00447122 -0.00121279 1 0.000800696 -0.00447007 -0.000805847 0.99999 0.0114094 0.152742 -0.779855
FixedParameters: 0 0 0

#Transform 104
Transform: AffineTransform_float_3_3
Parameters: 0.999994 0.00143489 0.0031319 -0.00144148 0.999996 0.00241092 -0.00312796 -0.00241516 0.999992 0.0289833 0.118737 -0.747723
FixedParameters: 0 0 0

#Transform 105
Transform: AffineTransform_float_3_3
Parameters: 0.99999 0.00169656 0.00415017 -0.00170995 0.999993 0.00318633 -0.00414454 -0.00319388 0.999986 -0.0287155 0.114338 -0.81141
FixedParameters: 0 0 0

#Transform 106
Transform: AffineTransform_float_3_3
Parameters: 0.999993 0.00175459 0.00324031 -0.00176822 0.99999 0.00410495 -0.00323346 -0.0041101 0.999986 0.0566568 0.134913 -0.934806
FixedParameters: 0 0 0

#Transform 107
Transform: AffineTransform_float_3_3
Parameters: 0.999993 0.00152489 0.00334358 -0.0015352 0.999995 0.00301886 -0.00333915 -0.00302431 0.99999 0.00244082 0.118314 -0.73571
FixedParameters: 0 0 0

#Transform 108
Transform: AffineTransform_float_3_3
Parameters: 0.999992 0.00156921 0.00349797 -0.00157957 0.999994 0.00302009 -0.00349374 -0.00302479 0.999989 0.00267369 0.120525 -0.731233
FixedParameters: 0 0 0

#Transform 109
Transform: AffineTransform_float_3_3
Parameters: 0.999993 0.00158428 0.0034287 -0.0015941 0.999995 0.00287212 -0.00342437 -0.00287748 0.99999 -0.00942889 0.136682 -0.748173
FixedParameters: 0 0 0

#Transform 110
Transform: AffineTransform_float_3_3
Parameters: 0.999993 0.00180703 0.0034359 -0.0018181 0.999994 0.003117 -0.0034307 -0.00312326 0.999989 -0.0206491 0.138236 -0.767965
FixedParameters: 0 0 0

#Transform 111
Transform: AffineTransform_float_3_3
Parameters: 0.999993 0.00167582 0.00340608 -0.00168539 0.999994 0.00298492 -0.00340133 -0.00299006 0.99999 -0.0182939 0.141986 -0.801318
FixedParameters: 0 0 0

#Transform 112
Transform: AffineTransform_float_3_3
Parameters: 0.999994 0.00158265 0.00291072 -0.0015933 0.999993 0.00344777 -0.00290561 -0.00345301 0.99999 -0.0183912 0.116207 -0.809253
FixedParameters: 0 0 0

#Transform 113
Transform: AffineTransform_float_3_3
Parameters: 0.999994 0.00163715 0.00311088 -0.00164444 0.999996 0.00246811 -0.00310668 -0.00247292 0.999992 -0.014326 0.154258 -0.803673
FixedParameters: 0 0 0

#Transform 114
Transform: AffineTransform_float_3_3
Parameters: 0.999995 0.00173345 0.00261033 -0.00174204 0.999993 0.00319698 -0.00260548 -0.00320144 0.999992 0.00743731 0.138249 -0.831676
FixedParameters: 0 0 0

#Transform 115
Transform: AffineTransform_float_3_3
Parameters: 0.999995 0.00176066 0.00284055 -0.00177029 0.999992 0.00350867 -0.00283441 -0.00351326 0.99999 0.0204258 0.127672 -0.825993
FixedParameters: 0 0 0

#Transform 116
Transform: AffineTransform_float_3_3
Parameters: 0.999994 0.00154939 0.0028686 -0.00155798 0.999994 0.00305619 -0.00286356 -0.00306109 0.999991 0.00801339 0.145269 -0.835716
FixedParameters: 0 0 0

#Transform 117
Transform: AffineTransform_float_3_3
Parameters: 0.999996 0.00154679 0.00259245 -0.00155572 0.999992 0.00353268 -0.00258732 -0.00353606 0.99999 0.0114798 0.145811 -0.833704
FixedParameters: 0 0 0

#Transform 118
Transform: AffineTransform_float_3_3
Parameters: 0.999997 0.00157888 0.00222047 -0.00158629 0.999994 0.00328757 -0.00221591 -0.00329152 0.999992 0.0207128 0.139785 -0.809971
FixedParameters: 0 0 0

#Transform 119
Transform: AffineTransform_float_3_3
Parameters: 0.999996 0.00176204 0.00189096 -0.00177066 0.999989 0.00428592 -0.00188325 -0.00429027 0.999989 0.0203153 0.137133 -0.797633
FixedParameters: 0 0 0
