# transform file /out/sourcedata/freesurfer/sub-v1s18x0051249_ses-1/mri/transforms/cc_up.lta
# created by oesteban on Mon Mar  9 07:18:14 2026

type      = 0 # LINEAR_VOX_TO_VOX
nxforms   = 1
mean      = 127.0000 121.0000 120.0000
sigma     = 10000.0000
1 4 4
9.949068427085876e-01 7.145595550537109e-02 -7.109583169221878e-02 8.688850700855255e-02 
-7.127420604228973e-02 9.974438548088074e-01 5.093239713460207e-03 2.788422584533691e+01 
7.127802819013596e-02 -4.656613428188905e-10 9.974565505981445e-01 -2.917166471481323e+00 
0.000000000000000e+00 0.000000000000000e+00 0.000000000000000e+00 1.000000000000000e+00 
src volume info
valid = 1  # volume info valid
filename = /out/sourcedata/freesurfer/sub-v1s18x0051249_ses-1/mri/norm.mgz
volume = 256 256 256
voxelsize = 1.000000000000000e+00 1.000000000000000e+00 1.000000000000000e+00
xras   = -1.000000000000000e+00 0.000000000000000e+00 0.000000000000000e+00
yras   = 0.000000000000000e+00 0.000000000000000e+00 -1.000000000000000e+00
zras   = 0.000000000000000e+00 1.000000000000000e+00 0.000000000000000e+00
cras   = -3.114242553710938e+00 2.520777130126953e+01 3.252193450927734e+01
dst volume info
valid = 1  # volume info valid
filename = /out/sourcedata/freesurfer/sub-v1s18x0051249_ses-1/mri/norm.mgz
volume = 256 256 256
voxelsize = 1.000000000000000e+00 1.000000000000000e+00 1.000000000000000e+00
xras   = -1.000000000000000e+00 0.000000000000000e+00 0.000000000000000e+00
yras   = 0.000000000000000e+00 0.000000000000000e+00 -1.000000000000000e+00
zras   = 0.000000000000000e+00 1.000000000000000e+00 0.000000000000000e+00
cras   = -3.114242553710938e+00 2.520777130126953e+01 3.252193450927734e+01
