#Insight Transform File V1.0
#Transform 0
Transform: AffineTransform_float_3_3
Parameters: 0.999999 -0.00122078 -0.000187817 0.00122072 0.999998 0.00134477 0.000185828 -0.00134523 0.999999 0.0442763 0.0140785 -0.0317523
FixedParameters: 0 0 0

#Transform 1
Transform: AffineTransform_float_3_3
Parameters: 1 -0.00103955 -0.000295778 0.0010398 0.999998 0.00138256 0.000294198 -0.00138244 0.999999 -0.0114971 0.0595813 -0.0453076
FixedParameters: 0 0 0

#Transform 2
Transform: AffineTransform_float_3_3
Parameters: 1 8.29486e-05 0.000474266 -8.29392e-05 1 -1.00393e-05 -0.000474268 9.96066e-06 1 -0.0549097 -0.0289239 0.124441
FixedParameters: 0 0 0

#Transform 3
Transform: AffineTransform_float_3_3
Parameters: 1 -1.84399e-06 0.00103583 3.0975e-06 1 -0.001055 -0.00103546 0.001055 0.999999 -0.0660611 -0.017546 0.162991
FixedParameters: 0 0 0

#Transform 4
Transform: AffineTransform_float_3_3
Parameters: 0.999999 0.000696902 0.000777667 -0.000696545 0.999999 -0.000828204 -0.000778458 0.000827796 1 -0.064064 0.00243776 0.153021
FixedParameters: 0 0 0

#Transform 5
Transform: AffineTransform_float_3_3
Parameters: 0.999999 0.000114942 0.000782888 -0.000113509 0.999999 -0.000914751 -0.000783097 0.000915249 0.999999 -0.026466 -0.00352755 0.122978
FixedParameters: 0 0 0

#Transform 6
Transform: AffineTransform_float_3_3
Parameters: 1 -0.000253302 0.000393135 0.000253496 0.999999 -0.0007079 -0.000393708 0.000708099 0.999999 -0.00479349 0.0594192 0.0872291
FixedParameters: 0 0 0

#Transform 7
Transform: AffineTransform_float_3_3
Parameters: 1 0.00081304 0.000784457 -0.000814095 0.999999 0.0004407 -0.000784671 -0.0004413 1 -0.120534 0.0124476 0.160897
FixedParameters: 0 0 0

#Transform 8
Transform: AffineTransform_float_3_3
Parameters: 0.999999 0.00111855 0.000593681 -0.00111861 0.999999 0.000533675 -0.000593781 -0.000534326 1 -0.0972516 0.00999995 0.200299
FixedParameters: 0 0 0

#Transform 9
Transform: AffineTransform_float_3_3
Parameters: 0.999999 0.000226315 0.000680245 -0.000225847 1 0.000340846 -0.000680454 -0.000341154 0.999999 -0.0644242 0.0253356 0.168095
FixedParameters: 0 0 0

#Transform 10
Transform: AffineTransform_float_3_3
Parameters: 0.999999 -0.000125257 0.000763096 0.000124498 0.999999 0.0013461 -0.000762864 -0.0013459 0.999999 -0.0497523 -0.0630505 0.144033
FixedParameters: 0 0 0

#Transform 11
Transform: AffineTransform_float_3_3
Parameters: 0.999999 0.000126836 0.000909013 -0.000126893 1 3.10166e-05 -0.000909005 -3.19833e-05 1 -0.0709822 0.0960882 0.0687711
FixedParameters: 0 0 0

#Transform 12
Transform: AffineTransform_float_3_3
Parameters: 1 -0.000104881 0.000466795 0.000104221 0.999999 0.00070718 -0.000466943 -0.000707819 1 -0.0281177 -0.0558789 0.147291
FixedParameters: 0 0 0

#Transform 13
Transform: AffineTransform_float_3_3
Parameters: 1 0.000116563 0.00039888 -0.000116196 0.999999 0.000706953 -0.000399078 -0.000707046 0.999999 -0.0244365 -0.0164762 0.102283
FixedParameters: 0 0 0

#Transform 14
Transform: AffineTransform_float_3_3
Parameters: 1 -0.000192361 0.000438363 0.000191178 0.999999 0.00134808 -0.00043888 -0.00134792 0.999999 -0.043285 0.0300165 0.0468019
FixedParameters: 0 0 0

#Transform 15
Transform: AffineTransform_float_3_3
Parameters: 1 -0.000190372 0.000290949 0.000190212 1 0.000275055 -0.000291054 -0.000274945 1 -0.0704973 0.0469289 0.0588469
FixedParameters: 0 0 0

#Transform 16
Transform: AffineTransform_float_3_3
Parameters: 1 0.000310725 1.53317e-05 -0.000310741 1 0.000547995 -1.49911e-05 -0.000548004 1 -0.0495088 0.0803881 0.0315241
FixedParameters: 0 0 0

#Transform 17
Transform: AffineTransform_float_3_3
Parameters: 0.999999 0.000790249 5.55316e-05 -0.000789854 1 -0.000283176 -5.50479e-05 0.000283825 1 -0.0751401 0.0530616 -0.0275702
FixedParameters: 0 0 0

#Transform 18
Transform: AffineTransform_float_3_3
Parameters: 0.999999 0.00071115 0.000119693 -0.000711089 0.999999 -0.000253085 -0.000120053 0.000252915 1 -0.0306618 -0.00375416 -0.00106918
FixedParameters: 0 0 0

#Transform 19
Transform: AffineTransform_float_3_3
Parameters: 1 0.000199772 0.00018181 -0.000200579 1 -0.000344036 -0.000181585 0.000343964 1 -0.0218059 -0.0252041 0.0271016
FixedParameters: 0 0 0

#Transform 20
Transform: AffineTransform_float_3_3
Parameters: 0.999999 0.000145258 0.000866337 -0.000145057 1 0.000421874 -0.000866578 -0.000422126 0.999999 -0.0308596 -0.00449465 0.0110178
FixedParameters: 0 0 0

#Transform 21
Transform: AffineTransform_float_3_3
Parameters: 0.999999 0.000379991 0.000670727 -0.000379302 1 -0.000514254 -0.000671117 0.000513745 0.999999 -0.0236809 0.0220575 0.00401125
FixedParameters: 0 0 0

#Transform 22
Transform: AffineTransform_float_3_3
Parameters: 1 -0.000233933 -0.000107431 0.000234015 1 0.000384975 0.000107251 -0.000385025 1 0.00563933 -0.0495814 0.00154453
FixedParameters: 0 0 0

#Transform 23
Transform: AffineTransform_float_3_3
Parameters: 1 2.4517e-05 -0.000275739 -2.45065e-05 1 1.90068e-05 0.00027574 -1.89932e-05 1 0.0401795 -0.0235091 -0.0271904
FixedParameters: 0 0 0

#Transform 24
Transform: AffineTransform_float_3_3
Parameters: 1 0.000160132 -0.000447169 -0.00015893 0.999999 0.0017512 0.000446796 -0.0017518 0.999999 -0.059802 0.179729 -0.143268
FixedParameters: 0 0 0

#Transform 25
Transform: AffineTransform_float_3_3
Parameters: 1 -1.56623e-05 -8.72508e-05 1.58659e-05 1 0.001167 8.7214e-05 -0.001167 1 0.00431804 -0.118883 0.094887
FixedParameters: 0 0 0

#Transform 26
Transform: AffineTransform_float_3_3
Parameters: 1 -0.00109575 4.57054e-05 0.00109505 0.999998 0.00139705 -4.7471e-05 -0.00139695 0.999999 0.0519528 -0.0160673 0.00583297
FixedParameters: 0 0 0

#Transform 27
Transform: AffineTransform_float_3_3
Parameters: 1 -0.00062461 -0.00024143 0.000624484 0.999999 0.00167485 0.000239701 -0.00167515 0.999999 0.0728836 -0.0341149 0.000251064
FixedParameters: 0 0 0

#Transform 28
Transform: AffineTransform_float_3_3
Parameters: 1 -0.00115944 -0.000118514 0.00115923 0.999999 0.00152839 0.000116265 -0.00152861 0.999998 0.0887657 0.036191 -0.131157
FixedParameters: 0 0 0

#Transform 29
Transform: AffineTransform_float_3_3
Parameters: 1 -0.000868443 -0.000586572 0.000868378 0.999999 -5.55094e-05 0.000586668 5.44905e-05 1 0.0861987 0.174358 -0.200792
FixedParameters: 0 0 0

#Transform 30
Transform: AffineTransform_float_3_3
Parameters: 0.999999 -0.00120704 -0.000239622 0.0012068 0.999999 0.000686241 0.000239259 -0.00068676 0.999999 0.105718 0.0108748 -0.132992
FixedParameters: 0 0 0

#Transform 31
Transform: AffineTransform_float_3_3
Parameters: 0.999998 -0.00141484 -0.00077517 0.00141508 0.999998 0.00112077 0.000773655 -0.00112223 0.999999 0.14856 0.0268358 -0.113612
FixedParameters: 0 0 0

#Transform 32
Transform: AffineTransform_float_3_3
Parameters: 0.999999 -0.00101979 -0.000804039 0.00102021 0.999999 0.000841181 0.000802684 -0.00084282 1 0.153094 -0.0411814 -0.0542499
FixedParameters: 0 0 0

#Transform 33
Transform: AffineTransform_float_3_3
Parameters: 0.999999 -0.000825295 -0.000373471 0.000824636 0.999999 -0.000396308 0.000373192 0.000395692 1 0.14359 0.0289343 -0.111748
FixedParameters: 0 0 0

#Transform 34
Transform: AffineTransform_float_3_3
Parameters: 0.999999 -0.00124238 -0.000329394 0.00124157 1 0.000182121 0.000329304 -0.00018288 1 0.175094 0.0131932 -0.0877861
FixedParameters: 0 0 0

#Transform 35
Transform: AffineTransform_float_3_3
Parameters: 0.999998 -0.0013354 -0.000882017 0.00133647 0.999999 0.00092469 0.000880839 -0.000926309 0.999999 0.199043 0.0165112 -0.0955091
FixedParameters: 0 0 0

#Transform 36
Transform: AffineTransform_float_3_3
Parameters: 0.999999 -0.000981372 -0.000805155 0.000982095 0.999999 0.00102808 0.000803499 -0.00102892 0.999999 0.156811 0.0867225 -0.163392
FixedParameters: 0 0 0

#Transform 37
Transform: AffineTransform_float_3_3
Parameters: 0.999999 -0.000629833 -0.00123573 0.000630818 0.999999 0.000775559 0.00123512 -0.00077644 0.999999 0.154964 0.0542181 -0.122753
FixedParameters: 0 0 0

#Transform 38
Transform: AffineTransform_float_3_3
Parameters: 0.999999 -0.000851568 -0.00128495 0.000853166 0.999998 0.00156811 0.0012843 -0.00156889 0.999997 0.158128 0.0134909 -0.0902627
FixedParameters: 0 0 0

#Transform 39
Transform: AffineTransform_float_3_3
Parameters: 0.999999 -0.000623507 -0.00115132 0.000624882 1 0.00100128 0.00115043 -0.00100272 0.999999 0.177327 0.0525972 -0.108769
FixedParameters: 0 0 0

#Transform 40
Transform: AffineTransform_float_3_3
Parameters: 1 -0.000336354 -0.00105587 0.000337652 1 0.00105564 0.00105552 -0.00105636 0.999999 0.167371 0.0149908 -0.0863184
FixedParameters: 0 0 0

#Transform 41
Transform: AffineTransform_float_3_3
Parameters: 0.999999 -0.00060441 -0.00113202 0.000606616 0.999998 0.00163665 0.0011317 -0.00163735 0.999998 0.178783 0.0259527 -0.118412
FixedParameters: 0 0 0

#Transform 42
Transform: AffineTransform_float_3_3
Parameters: 1 -0.000567068 -0.00103718 0.000569489 0.999998 0.00206675 0.00103555 -0.00206725 0.999998 0.141801 0.00889474 -0.0521504
FixedParameters: 0 0 0

#Transform 43
Transform: AffineTransform_float_3_3
Parameters: 1 -0.00057701 -0.00105886 0.000577916 0.999999 0.000867727 0.00105822 -0.000868272 0.999999 0.12425 0.0836588 -0.0954391
FixedParameters: 0 0 0

#Transform 44
Transform: AffineTransform_float_3_3
Parameters: 0.999999 -0.00014205 -0.000924446 0.00014298 1 0.000503207 0.000924302 -0.000502793 1 0.142919 -0.0226346 -0.0348092
FixedParameters: 0 0 0

#Transform 45
Transform: AffineTransform_float_3_3
Parameters: 0.999999 -0.000367683 -0.000882765 0.000368779 1 0.00114868 0.000882282 -0.00114933 0.999999 0.150381 -0.0234768 -0.0547648
FixedParameters: 0 0 0

#Transform 46
Transform: AffineTransform_float_3_3
Parameters: 0.999999 -0.000491206 -0.00140445 0.000493139 1 0.00101965 0.00140381 -0.00102035 0.999999 0.17925 0.0438426 -0.1128
FixedParameters: 0 0 0

#Transform 47
Transform: AffineTransform_float_3_3
Parameters: 0.999999 -0.000596475 -0.00136358 0.000598432 0.999998 0.00174286 0.00136259 -0.00174314 0.999998 0.211767 0.00446158 -0.102835
FixedParameters: 0 0 0

#Transform 48
Transform: AffineTransform_float_3_3
Parameters: 0.999999 -0.000681931 -0.00133036 0.000683476 0.999999 0.0012813 0.00132934 -0.0012817 0.999998 0.210982 0.0419208 -0.157877
FixedParameters: 0 0 0

#Transform 49
Transform: AffineTransform_float_3_3
Parameters: 0.999999 -0.000694908 -0.00115901 0.000696712 0.999999 0.00118053 0.00115773 -0.00118147 0.999999 0.206284 -0.0207074 -0.115801
FixedParameters: 0 0 0

#Transform 50
Transform: AffineTransform_float_3_3
Parameters: 1 -0.000707005 -0.000861012 0.000707091 1 4.97297e-05 0.000860942 -5.02703e-05 1 0.176417 0.0639264 -0.135485
FixedParameters: 0 0 0

#Transform 51
Transform: AffineTransform_float_3_3
Parameters: 0.999999 -0.000967928 -0.000760083 0.00096828 0.999999 0.00121913 0.00075938 -0.00121987 0.999999 0.19572 -0.041495 -0.0275755
FixedParameters: 0 0 0

#Transform 52
Transform: AffineTransform_float_3_3
Parameters: 0.999999 -0.00123738 -0.00026564 0.00123823 0.999999 0.00092054 0.000264293 -0.00092046 1 0.165006 0.0748827 -0.109266
FixedParameters: 0 0 0

#Transform 53
Transform: AffineTransform_float_3_3
Parameters: 0.999999 -0.00174284 0.000144394 0.00174219 0.999998 0.00152645 -0.000147487 -0.00152655 0.999999 0.168123 0.012973 -0.0957997
FixedParameters: 0 0 0

#Transform 54
Transform: AffineTransform_float_3_3
Parameters: 0.999998 -0.00159142 -0.000167771 0.00159177 0.999997 0.0016836 0.000164639 -0.0016834 0.999999 0.182727 0.0031928 -0.0489617
FixedParameters: 0 0 0

#Transform 55
Transform: AffineTransform_float_3_3
Parameters: 1 -0.00107384 0.000306625 0.00107343 0.999998 0.00125433 -0.000308386 -0.00125367 0.999999 0.149353 0.0121117 -0.0712371
FixedParameters: 0 0 0

#Transform 56
Transform: AffineTransform_float_3_3
Parameters: 0.999999 -0.00141015 0.000314021 0.00141022 0.999999 0.000468973 -0.000314411 -0.000468027 0.999999 0.170476 0.0509157 -0.105229
FixedParameters: 0 0 0

#Transform 57
Transform: AffineTransform_float_3_3
Parameters: 0.999999 -0.00175617 -8.18463e-05 0.00175572 0.999999 0.000737388 8.05512e-05 -0.000737614 1 0.147969 0.0831513 -0.121671
FixedParameters: 0 0 0

#Transform 58
Transform: AffineTransform_float_3_3
Parameters: 0.999999 -0.000509051 0.000526049 0.000509083 0.999999 0.00120027 -0.000526702 -0.00119973 0.999999 0.0608798 0.049567 -0.0926134
FixedParameters: 0 0 0

#Transform 59
Transform: AffineTransform_float_3_3
Parameters: 1 -0.000337887 0.000459161 0.000336454 0.999998 0.00195615 -0.000459549 -0.00195585 0.999998 0.084987 -0.0529434 0.012235
FixedParameters: 0 0 0

#Transform 60
Transform: AffineTransform_float_3_3
Parameters: 1 3.53322e-05 0.000328495 -3.58067e-05 0.999999 0.00127699 -0.000327472 -0.00127701 0.999999 0.0880842 -0.0104261 -0.0510456
FixedParameters: 0 0 0

#Transform 61
Transform: AffineTransform_float_3_3
Parameters: 1 -0.000533633 0.00046323 0.000533177 0.999998 0.00188725 -0.000464675 -0.00188675 0.999998 0.111424 -0.0410812 -0.0843876
FixedParameters: 0 0 0

#Transform 62
Transform: AffineTransform_float_3_3
Parameters: 1 -0.000358449 0.000914588 0.000356735 0.999999 0.00164446 -0.000915195 -0.00164454 0.999999 0.105561 -0.0225403 -0.107439
FixedParameters: 0 0 0

#Transform 63
Transform: AffineTransform_float_3_3
Parameters: 0.999999 -0.00116314 0.000878135 0.0011609 0.999998 0.00168268 -0.000880181 -0.00168131 0.999998 0.117724 0.0577352 -0.15266
FixedParameters: 0 0 0

#Transform 64
Transform: AffineTransform_float_3_3
Parameters: 0.999999 -0.00159473 0.000932559 0.0015936 0.999997 0.00188115 -0.000935189 -0.00187885 0.999998 0.114445 0.00310337 -0.124226
FixedParameters: 0 0 0

#Transform 65
Transform: AffineTransform_float_3_3
Parameters: 0.999999 -0.0016629 0.000756539 0.00166181 0.999998 0.00120092 -0.000758666 -0.00119908 0.999999 0.101948 -0.051984 0.038174
FixedParameters: 0 0 0

#Transform 66
Transform: AffineTransform_float_3_3
Parameters: 0.999998 -0.00191187 0.000880672 0.00191046 0.999997 0.00141701 -0.000883289 -0.00141499 0.999998 0.126198 -0.050729 -0.055923
FixedParameters: 0 0 0

#Transform 67
Transform: AffineTransform_float_3_3
Parameters: 0.999997 -0.00218028 0.00121007 0.00217729 0.999994 0.00266476 -0.00121551 -0.00266224 0.999996 0.148638 -0.0525227 -0.0873212
FixedParameters: 0 0 0

#Transform 68
Transform: AffineTransform_float_3_3
Parameters: 0.999998 -0.00213892 0.000818065 0.00213731 0.999996 0.00208874 -0.000822335 -0.00208726 0.999997 0.159386 -0.0240792 -0.110692
FixedParameters: 0 0 0

#Transform 69
Transform: AffineTransform_float_3_3
Parameters: 0.999996 -0.00257744 0.000942836 0.00257435 0.999994 0.00248908 -0.000948769 -0.00248692 0.999996 0.124916 0.0184263 -0.150617
FixedParameters: 0 0 0

#Transform 70
Transform: AffineTransform_float_3_3
Parameters: 0.999994 -0.00316104 0.00171315 0.00315618 0.99999 0.00312253 -0.00172333 -0.00311647 0.999993 0.116647 -0.0640737 -0.0756983
FixedParameters: 0 0 0

#Transform 71
Transform: AffineTransform_float_3_3
Parameters: 0.999995 -0.00268047 0.00179657 0.0026755 0.999993 0.00280739 -0.00180394 -0.00280261 0.999994 0.0898904 -0.100839 -0.00362615
FixedParameters: 0 0 0

#Transform 72
Transform: AffineTransform_float_3_3
Parameters: 0.999997 -0.00222009 0.000940794 0.00221856 0.999994 0.00245721 -0.000946471 -0.00245579 0.999997 0.126874 -0.0147401 -0.0741705
FixedParameters: 0 0 0

#Transform 73
Transform: AffineTransform_float_3_3
Parameters: 0.999998 -0.00207664 0.00101213 0.00207504 0.999995 0.00232543 -0.00101655 -0.00232257 0.999997 0.115348 0.00135723 -0.103421
FixedParameters: 0 0 0

#Transform 74
Transform: AffineTransform_float_3_3
Parameters: 0.999997 -0.00220525 0.000979356 0.00220289 0.999993 0.00315515 -0.000986169 -0.00315285 0.999994 0.129495 -0.122525 -0.0661874
FixedParameters: 0 0 0

#Transform 75
Transform: AffineTransform_float_3_3
Parameters: 0.999998 -0.00191795 0.000646427 0.00191535 0.999995 0.00268544 -0.000651695 -0.00268357 0.999996 0.146413 -0.0512121 -0.0752241
FixedParameters: 0 0 0

#Transform 76
Transform: AffineTransform_float_3_3
Parameters: 0.999998 -0.00193923 0.000444505 0.00193771 0.999995 0.00268506 -0.000449891 -0.00268394 0.999997 0.142516 0.0264894 -0.123391
FixedParameters: 0 0 0

#Transform 77
Transform: AffineTransform_float_3_3
Parameters: 0.999998 -0.00183657 0.000876119 0.00183417 0.999995 0.00239707 -0.000880258 -0.00239593 0.999997 0.154888 -0.0119904 -0.070394
FixedParameters: 0 0 0

#Transform 78
Transform: AffineTransform_float_3_3
Parameters: 0.999999 -0.001385 0.000510769 0.00138352 0.999995 0.00286137 -0.000514963 -0.00286063 0.999996 0.164593 -0.0463995 -0.0768716
FixedParameters: 0 0 0

#Transform 79
Transform: AffineTransform_float_3_3
Parameters: 0.999998 -0.00179879 0.000926899 0.00179652 0.999994 0.00289799 -0.000932088 -0.002896 0.999995 0.149533 -0.031936 -0.0891056
FixedParameters: 0 0 0

#Transform 80
Transform: AffineTransform_float_3_3
Parameters: 0.999998 -0.00194562 0.000546989 0.00194352 0.999994 0.00304439 -0.000552874 -0.00304361 0.999996 0.176422 -0.0513387 -0.0824612
FixedParameters: 0 0 0

#Transform 81
Transform: AffineTransform_float_3_3
Parameters: 0.999998 -0.00184464 0.00138021 0.00184014 0.999994 0.00321866 -0.00138627 -0.00321633 0.999993 0.129958 -0.0498195 -0.0732581
FixedParameters: 0 0 0

#Transform 82
Transform: AffineTransform_float_3_3
Parameters: 0.999999 -0.00100913 0.000965725 0.00100559 0.999993 0.00372877 -0.000969305 -0.00372823 0.999993 0.120852 -0.0584703 -0.0964149
FixedParameters: 0 0 0

#Transform 83
Transform: AffineTransform_float_3_3
Parameters: 0.999999 -0.000778599 0.00105854 0.000774414 0.999991 0.00414995 -0.00106141 -0.00414904 0.999991 0.0846774 -0.0635074 -0.0918945
FixedParameters: 0 0 0

#Transform 84
Transform: AffineTransform_float_3_3
Parameters: 1 -0.000510387 0.000933177 0.000506527 0.999993 0.00364761 -0.000934818 -0.00364739 0.999993 0.094942 -0.0982416 -0.0652234
FixedParameters: 0 0 0

#Transform 85
Transform: AffineTransform_float_3_3
Parameters: 0.999998 -0.00122622 0.00148242 0.00122151 0.999994 0.00313861 -0.00148653 -0.00313639 0.999993 0.143973 -0.0659578 -0.100049
FixedParameters: 0 0 0

#Transform 86
Transform: AffineTransform_float_3_3
Parameters: 0.999999 -0.00134922 0.00116767 0.00134463 0.999992 0.00368837 -0.00117274 -0.00368663 0.999993 0.183384 -0.0793106 -0.127591
FixedParameters: 0 0 0

#Transform 87
Transform: AffineTransform_float_3_3
Parameters: 0.999998 -0.00125721 0.00142945 0.00125088 0.999991 0.00407459 -0.00143423 -0.00407241 0.999991 0.176059 -0.0929577 -0.134756
FixedParameters: 0 0 0

#Transform 88
Transform: AffineTransform_float_3_3
Parameters: 0.999998 -0.00157746 0.00157811 0.00157242 0.999993 0.00328341 -0.00158302 -0.00328058 0.999994 0.193198 -0.0567748 -0.101671
FixedParameters: 0 0 0

#Transform 89
Transform: AffineTransform_float_3_3
Parameters: 0.999998 -0.00122717 0.00150643 0.00122135 0.999992 0.00369877 -0.00151005 -0.00369723 0.999992 0.167205 -0.0411305 -0.109283
FixedParameters: 0 0 0

#Transform 90
Transform: AffineTransform_float_3_3
Parameters: 0.999999 -0.00113614 0.00130138 0.00113052 0.999991 0.00406574 -0.0013061 -0.00406426 0.999991 0.143282 -0.0792391 -0.121696
FixedParameters: 0 0 0

#Transform 91
Transform: AffineTransform_float_3_3
Parameters: 0.999999 -0.000598491 0.00126383 0.000593947 0.999993 0.00384389 -0.00126614 -0.00384311 0.999992 0.135681 -0.059807 -0.0638692
FixedParameters: 0 0 0

#Transform 92
Transform: AffineTransform_float_3_3
Parameters: 0.999998 -0.00122989 0.00149909 0.00122408 0.999993 0.00359264 -0.00150341 -0.00359037 0.999992 0.123652 0.00659563 -0.083272
FixedParameters: 0 0 0

#Transform 93
Transform: AffineTransform_float_3_3
Parameters: 0.999999 -0.000376568 0.00143426 0.000371114 0.999991 0.00403101 -0.00143536 -0.00402999 0.999991 0.124778 -0.0374562 -0.0470651
FixedParameters: 0 0 0

#Transform 94
Transform: AffineTransform_float_3_3
Parameters: 0.999998 -0.000839585 0.001515 0.000833587 0.999991 0.00411153 -0.00151904 -0.00411047 0.99999 0.113721 -0.0715376 -0.0369659
FixedParameters: 0 0 0

#Transform 95
Transform: AffineTransform_float_3_3
Parameters: 0.999999 -0.000568495 0.00123537 0.000563829 0.999993 0.00360583 -0.00123682 -0.00360517 0.999993 0.128662 -0.0079257 -0.075397
FixedParameters: 0 0 0

#Transform 96
Transform: AffineTransform_float_3_3
Parameters: 0.999999 -0.000185121 0.00147514 0.000179798 0.999992 0.00406727 -0.00147601 -0.00406673 0.99999 0.127283 -0.0251305 -0.0870576
FixedParameters: 0 0 0

#Transform 97
Transform: AffineTransform_float_3_3
Parameters: 0.999999 -0.000193862 0.00125636 0.000188212 0.999989 0.00453471 -0.00125712 -0.00453429 0.999989 0.116338 -0.0618888 -0.101042
FixedParameters: 0 0 0

#Transform 98
Transform: AffineTransform_float_3_3
Parameters: 0.999999 -0.000444817 0.00132972 0.000439017 0.999991 0.00412672 -0.00133109 -0.00412628 0.999991 0.123679 -0.021041 -0.102794
FixedParameters: 0 0 0

#Transform 99
Transform: AffineTransform_float_3_3
Parameters: 0.999999 -0.000617767 0.00107576 0.000612794 0.999991 0.0042808 -0.00107839 -0.00428021 0.999991 0.139632 -0.000873402 -0.180137
FixedParameters: 0 0 0

#Transform 100
Transform: AffineTransform_float_3_3
Parameters: 0.999999 -0.00050099 0.00132105 0.000495419 0.99999 0.00441779 -0.00132354 -0.00441721 0.999989 0.113224 -0.0148727 -0.134529
FixedParameters: 0 0 0

#Transform 101
Transform: AffineTransform_float_3_3
Parameters: 0.999999 -0.000160026 0.000901541 0.000156227 0.99999 0.00457415 -0.000902577 -0.00457386 0.999989 0.12302 -0.0649633 -0.0717616
FixedParameters: 0 0 0

#Transform 102
Transform: AffineTransform_float_3_3
Parameters: 0.999999 2.89255e-05 0.00103317 -3.39582e-05 0.999985 0.00549244 -0.00103314 -0.00549256 0.999985 0.133536 -0.0881788 -0.12236
FixedParameters: 0 0 0

#Transform 103
Transform: AffineTransform_float_3_3
Parameters: 1 0.000488658 0.00094889 -0.00049402 0.999987 0.00509487 -0.000946631 -0.00509513 0.999987 0.138639 -0.0643889 -0.11963
FixedParameters: 0 0 0

#Transform 104
Transform: AffineTransform_float_3_3
Parameters: 1 0.000168004 0.000552478 -0.000171269 0.999985 0.0054879 -0.000551705 -0.00548809 0.999985 0.136213 0.00256984 -0.209743
FixedParameters: 0 0 0

#Transform 105
Transform: AffineTransform_float_3_3
Parameters: 0.999999 -0.000238588 0.000938742 0.000233196 0.999985 0.00543335 -0.000939964 -0.00543365 0.999985 0.0964499 -0.0113831 -0.134235
FixedParameters: 0 0 0

#Transform 106
Transform: AffineTransform_float_3_3
Parameters: 0.999999 0.000721779 0.0011407 -0.00073018 0.999972 0.00746452 -0.00113535 -0.00746549 0.999972 0.0490785 -0.14989 0.0611677
FixedParameters: 0 0 0

#Transform 107
Transform: AffineTransform_float_3_3
Parameters: 0.999999 -0.000722726 0.00168602 0.000715551 0.99999 0.00442848 -0.00168898 -0.00442753 0.999989 0.12167 0.0658815 -0.253935
FixedParameters: 0 0 0

#Transform 108
Transform: AffineTransform_float_3_3
Parameters: 0.999998 -0.00108243 0.0020801 0.00107141 0.999986 0.00522064 -0.00208586 -0.00521836 0.999984 0.110972 0.0561199 -0.35083
FixedParameters: 0 0 0

#Transform 109
Transform: AffineTransform_float_3_3
Parameters: 0.999995 -0.00146612 0.00278855 0.00145168 0.999985 0.0052684 -0.0027958 -0.00526461 0.999982 0.105535 0.0371604 -0.331223
FixedParameters: 0 0 0

#Transform 110
Transform: AffineTransform_float_3_3
Parameters: 0.999993 -0.00162411 0.00340552 0.00160514 0.999984 0.00549509 -0.00341437 -0.00548991 0.999979 0.0767774 -0.0196896 -0.255674
FixedParameters: 0 0 0

#Transform 111
Transform: AffineTransform_float_3_3
Parameters: 0.999995 -0.0011508 0.00299399 0.00113473 0.999985 0.00536809 -0.00300073 -0.00536491 0.999981 0.0818358 -0.0106152 -0.271801
FixedParameters: 0 0 0

#Transform 112
Transform: AffineTransform_float_3_3
Parameters: 0.999995 -0.000780925 0.00307506 0.00076431 0.999986 0.00525938 -0.00307859 -0.00525763 0.999981 0.0876353 -0.0424953 -0.253856
FixedParameters: 0 0 0

#Transform 113
Transform: AffineTransform_float_3_3
Parameters: 0.999994 -0.000701612 0.00331896 0.00068206 0.999983 0.00573563 -0.00332339 -0.00573336 0.999978 0.0857791 -0.00178099 -0.289489
FixedParameters: 0 0 0

#Transform 114
Transform: AffineTransform_float_3_3
Parameters: 0.999995 -0.000323692 0.0030675 0.000307363 0.999986 0.00541217 -0.00306891 -0.00541183 0.99998 0.051223 -0.0417978 -0.257231
FixedParameters: 0 0 0

#Transform 115
Transform: AffineTransform_float_3_3
Parameters: 0.999996 -0.00063225 0.00275118 0.000617986 0.999985 0.00531892 -0.0027551 -0.00531707 0.999982 0.0600307 0.0093179 -0.302938
FixedParameters: 0 0 0

#Transform 116
Transform: AffineTransform_float_3_3
Parameters: 0.999993 -0.00119816 0.00350322 0.00117856 0.999983 0.00559577 -0.00351021 -0.00559123 0.999979 0.0566419 0.0225146 -0.33795
FixedParameters: 0 0 0

#Transform 117
Transform: AffineTransform_float_3_3
Parameters: 0.999992 -0.00119866 0.00378188 0.0011755 0.999981 0.00599623 -0.00378867 -0.00599177 0.999975 0.0245016 -0.0150338 -0.326203
FixedParameters: 0 0 0

#Transform 118
Transform: AffineTransform_float_3_3
Parameters: 0.999994 -0.000884348 0.00332036 0.00086519 0.999983 0.00578338 -0.00332511 -0.00578063 0.999978 0.0282986 -0.0203134 -0.302189
FixedParameters: 0 0 0

#Transform 119
Transform: AffineTransform_float_3_3
Parameters: 0.999994 -0.00108337 0.00330508 0.00106498 0.999984 0.00555268 -0.00331127 -0.00554932 0.999979 0.0542223 0.036783 -0.374432
FixedParameters: 0 0 0
