# transform file /out/sourcedata/freesurfer/sub-v1s18x0051256_ses-1/mri/transforms/cc_up.lta
# created by oesteban on Mon Mar  9 07:45:22 2026

type      = 0 # LINEAR_VOX_TO_VOX
nxforms   = 1
mean      = 128.0000 118.0000 126.0000
sigma     = 10000.0000
1 4 4
9.962172508239746e-01 8.637343347072601e-02 -9.530738927423954e-03 -7.705630302429199e+00 
-8.636948466300964e-02 9.962628483772278e-01 8.262906922027469e-04 3.847315597534180e+01 
9.566490538418293e-03 -5.820766091346741e-11 9.999542832374573e-01 1.576593589782715e+01 
0.000000000000000e+00 0.000000000000000e+00 0.000000000000000e+00 1.000000000000000e+00 
src volume info
valid = 1  # volume info valid
filename = /out/sourcedata/freesurfer/sub-v1s18x0051256_ses-1/mri/norm.mgz
volume = 256 256 256
voxelsize = 1.000000000000000e+00 1.000000000000000e+00 1.000000000000000e+00
xras   = -1.000000000000000e+00 0.000000000000000e+00 0.000000000000000e+00
yras   = 0.000000000000000e+00 0.000000000000000e+00 -1.000000119209290e+00
zras   = 0.000000000000000e+00 1.000000000000000e+00 0.000000000000000e+00
cras   = 1.133972167968750e+00 -2.159652709960938e-01 3.460739135742188e+00
dst volume info
valid = 1  # volume info valid
filename = /out/sourcedata/freesurfer/sub-v1s18x0051256_ses-1/mri/norm.mgz
volume = 256 256 256
voxelsize = 1.000000000000000e+00 1.000000000000000e+00 1.000000000000000e+00
xras   = -1.000000000000000e+00 0.000000000000000e+00 0.000000000000000e+00
yras   = 0.000000000000000e+00 0.000000000000000e+00 -1.000000119209290e+00
zras   = 0.000000000000000e+00 1.000000000000000e+00 0.000000000000000e+00
cras   = 1.133972167968750e+00 -2.159652709960938e-01 3.460739135742188e+00
