#Insight Transform File V1.0
#Transform 0
Transform: AffineTransform_float_3_3
Parameters: 0.999997 -0.0009928 -0.00223181 0.000978195 0.999978 -0.0065521 0.00223833 0.00654989 0.999976 0.114753 0.106382 -0.0282835
FixedParameters: 0 0 0

#Transform 1
Transform: AffineTransform_float_3_3
Parameters: 0.999997 -0.000890894 -0.00196351 0.000878125 0.999977 -0.00673697 0.00196932 0.00673501 0.999975 0.13112 0.0998944 -0.0409932
FixedParameters: 0 0 0

#Transform 2
Transform: AffineTransform_float_3_3
Parameters: 0.999997 -0.00109711 -0.00248523 0.0010799 0.999977 -0.00677722 0.0024928 0.0067747 0.999974 0.138545 0.134117 -0.037248
FixedParameters: 0 0 0

#Transform 3
Transform: AffineTransform_float_3_3
Parameters: 0.999996 -0.00162335 -0.00203844 0.00160672 0.999965 -0.00822888 0.00205084 0.00822521 0.999964 0.112385 0.0772147 0.0308178
FixedParameters: 0 0 0

#Transform 4
Transform: AffineTransform_float_3_3
Parameters: 0.999997 0.000125856 -0.00268842 -0.0001526 0.99995 -0.0100224 0.0026863 0.010022 0.999946 0.0546598 0.0738877 0.0203527
FixedParameters: 0 0 0

#Transform 5
Transform: AffineTransform_float_3_3
Parameters: 0.999991 -0.00274209 -0.00347157 0.00271111 0.999956 -0.00902549 0.00349528 0.00901592 0.999953 0.171936 0.0788541 0.0805983
FixedParameters: 0 0 0

#Transform 6
Transform: AffineTransform_float_3_3
Parameters: 0.999995 -0.00102933 -0.00279015 0.000998662 0.99994 -0.0108933 0.00280169 0.0108906 0.999937 0.101847 0.115589 -0.0303765
FixedParameters: 0 0 0

#Transform 7
Transform: AffineTransform_float_3_3
Parameters: 0.999995 -0.00107674 -0.00292617 0.00104565 0.999944 -0.0105686 0.00293688 0.0105654 0.99994 0.0804485 0.103358 -0.0450672
FixedParameters: 0 0 0

#Transform 8
Transform: AffineTransform_float_3_3
Parameters: 0.999997 -0.00121498 -0.00215434 0.00119272 0.999946 -0.0102402 0.00216655 0.0102373 0.999945 0.0823301 0.0832166 -0.0929853
FixedParameters: 0 0 0

#Transform 9
Transform: AffineTransform_float_3_3
Parameters: 0.999995 -0.00139877 -0.00263556 0.00137269 0.999951 -0.00987304 0.00265006 0.00986947 0.999948 0.102236 0.0776567 -0.131171
FixedParameters: 0 0 0

#Transform 10
Transform: AffineTransform_float_3_3
Parameters: 0.999992 -0.00221709 -0.0033085 0.00218681 0.999957 -0.00907839 0.00332904 0.00907104 0.999953 0.0535878 0.186817 -0.266906
FixedParameters: 0 0 0

#Transform 11
Transform: AffineTransform_float_3_3
Parameters: 0.999998 -0.00185885 -0.000990285 0.00184918 0.999957 -0.009141 0.00100765 0.00913881 0.999958 0.00127391 0.0857144 -0.260439
FixedParameters: 0 0 0

#Transform 12
Transform: AffineTransform_float_3_3
Parameters: 0.999997 -0.00193735 -0.00108969 0.00192571 0.999943 -0.0104925 0.00110996 0.0104905 0.999945 0.0188663 0.109845 -0.297845
FixedParameters: 0 0 0

#Transform 13
Transform: AffineTransform_float_3_3
Parameters: 0.999998 -0.00156396 -0.00143913 0.00155011 0.999952 -0.00971823 0.00145367 0.00971601 0.999951 -0.00993369 0.15862 -0.542685
FixedParameters: 0 0 0

#Transform 14
Transform: AffineTransform_float_3_3
Parameters: 0.999998 -0.0011138 -0.00162213 0.0010973 0.999949 -0.0100021 0.00163308 0.01 0.999949 -0.0459289 0.105436 -0.606019
FixedParameters: 0 0 0

#Transform 15
Transform: AffineTransform_float_3_3
Parameters: 0.999995 -0.000935769 -0.00315309 0.000905235 0.99995 -0.00991058 0.00316264 0.00990709 0.999946 -0.0843949 0.106124 -0.553843
FixedParameters: 0 0 0

#Transform 16
Transform: AffineTransform_float_3_3
Parameters: 0.999988 0.000372766 -0.00500196 -0.000418885 0.999959 -0.00906755 0.00499875 0.00906951 0.999946 -0.104037 0.11101 -0.43269
FixedParameters: 0 0 0

#Transform 17
Transform: AffineTransform_float_3_3
Parameters: 0.999985 0.000209818 -0.00542399 -0.000253231 0.999969 -0.00793699 0.00542212 0.00793874 0.999954 -0.192995 0.144277 -0.460823
FixedParameters: 0 0 0

#Transform 18
Transform: AffineTransform_float_3_3
Parameters: 0.999989 0.000762812 -0.00464339 -0.000802798 0.999962 -0.0086513 0.00463666 0.00865517 0.999951 -0.180956 0.147969 -0.388527
FixedParameters: 0 0 0

#Transform 19
Transform: AffineTransform_float_3_3
Parameters: 0.99999 0.000773105 -0.00444978 -0.000811421 0.999961 -0.00873577 0.00444312 0.00873874 0.999952 -0.132241 0.18262 -0.207423
FixedParameters: 0 0 0

#Transform 20
Transform: AffineTransform_float_3_3
Parameters: 1 4.66575e-05 -0.00116517 -4.94451e-05 0.999997 -0.00253648 0.00116469 0.00253731 0.999996 0.0119978 0.0260257 0.0222941
FixedParameters: 0 0 0

#Transform 21
Transform: AffineTransform_float_3_3
Parameters: 1 0.000346862 0.000474233 -0.000344875 0.999993 -0.00376514 -0.000475397 0.0037648 0.999993 0.0157327 -0.0324068 -0.348899
FixedParameters: 0 0 0

#Transform 22
Transform: AffineTransform_float_3_3
Parameters: 0.999997 0.00200617 -0.000559287 -0.00201147 0.999953 -0.00953681 0.000539965 0.0095372 0.999954 -0.0405645 0.3032 -0.981308
FixedParameters: 0 0 0

#Transform 23
Transform: AffineTransform_float_3_3
Parameters: 0.999997 0.0024434 -0.000530242 -0.00244841 0.999953 -0.00943454 0.000507628 0.00943535 0.999955 -0.0556575 0.14099 -0.93725
FixedParameters: 0 0 0

#Transform 24
Transform: AffineTransform_float_3_3
Parameters: 0.999994 0.00329901 -0.000855147 -0.00330565 0.999964 -0.00785651 0.000828754 0.00785978 0.999969 -0.0792285 0.157476 -0.695126
FixedParameters: 0 0 0

#Transform 25
Transform: AffineTransform_float_3_3
Parameters: 0.999996 0.00291162 -0.000511066 -0.00291593 0.999961 -0.00828032 0.000487047 0.00828224 0.999965 -0.0759432 0.166917 -0.742149
FixedParameters: 0 0 0

#Transform 26
Transform: AffineTransform_float_3_3
Parameters: 0.999997 0.00260844 0.000154791 -0.00260691 0.999961 -0.00839552 -0.000176679 0.00839498 0.999964 -0.0818305 0.161836 -0.716818
FixedParameters: 0 0 0

#Transform 27
Transform: AffineTransform_float_3_3
Parameters: 0.999997 0.00254001 0.000131344 -0.00253845 0.999958 -0.00878926 -0.000153274 0.00878954 0.999961 -0.0534218 0.179402 -0.604705
FixedParameters: 0 0 0

#Transform 28
Transform: AffineTransform_float_3_3
Parameters: 0.999997 0.0025778 0.000114828 -0.00257663 0.999953 -0.00936731 -0.000138331 0.009367 0.999956 -0.043356 0.179097 -0.625479
FixedParameters: 0 0 0

#Transform 29
Transform: AffineTransform_float_3_3
Parameters: 0.999996 0.00273739 0.000233822 -0.0027355 0.999958 -0.00880631 -0.000257656 0.00880528 0.999961 -0.0467546 0.188626 -0.562498
FixedParameters: 0 0 0

#Transform 30
Transform: AffineTransform_float_3_3
Parameters: 0.999997 0.00266772 8.16791e-05 -0.00266704 0.999961 -0.00846155 -0.000104025 0.00846065 0.999964 -0.0601182 0.195287 -0.555958
FixedParameters: 0 0 0

#Transform 31
Transform: AffineTransform_float_3_3
Parameters: 0.999996 0.00279959 0.000172026 -0.0027979 0.999958 -0.00863509 -0.000196331 0.00863506 0.999963 -0.066745 0.207447 -0.531713
FixedParameters: 0 0 0

#Transform 32
Transform: AffineTransform_float_3_3
Parameters: 0.999996 0.00294905 0.000446749 -0.0029453 0.999963 -0.00810465 -0.000470543 0.00810366 0.999967 -0.0736769 0.175576 -0.544996
FixedParameters: 0 0 0

#Transform 33
Transform: AffineTransform_float_3_3
Parameters: 0.999995 0.00319261 0.000792741 -0.00318587 0.99996 -0.00836081 -0.000818803 0.00835884 0.999964 -0.0584212 0.191548 -0.593973
FixedParameters: 0 0 0

#Transform 34
Transform: AffineTransform_float_3_3
Parameters: 0.999994 0.00299533 0.00200896 -0.00297588 0.99995 -0.00954442 -0.00203751 0.00953808 0.999952 -0.0560659 0.196084 -0.465987
FixedParameters: 0 0 0

#Transform 35
Transform: AffineTransform_float_3_3
Parameters: 0.999995 0.0026979 0.00166059 -0.00268299 0.999958 -0.00881009 -0.00168438 0.00880539 0.99996 -0.0511447 0.224971 -0.460804
FixedParameters: 0 0 0

#Transform 36
Transform: AffineTransform_float_3_3
Parameters: 0.999996 0.00268948 0.000589138 -0.00268522 0.99997 -0.00727192 -0.000609086 0.00726962 0.999973 -0.0125324 0.143888 -0.402803
FixedParameters: 0 0 0

#Transform 37
Transform: AffineTransform_float_3_3
Parameters: 0.999997 0.00264303 0.000474997 -0.00263908 0.99997 -0.00736156 -0.000494205 0.00735995 0.999973 -0.0409967 0.17106 -0.437383
FixedParameters: 0 0 0

#Transform 38
Transform: AffineTransform_float_3_3
Parameters: 0.999996 0.00275702 0.000758279 -0.00275133 0.99997 -0.00721758 -0.000778533 0.007215 0.999974 -0.0446648 0.219984 -0.45473
FixedParameters: 0 0 0

#Transform 39
Transform: AffineTransform_float_3_3
Parameters: 0.999995 0.00300667 0.000956752 -0.00299931 0.999961 -0.00830626 -0.000981841 0.00830282 0.999965 -0.0468799 0.238164 -0.492222
FixedParameters: 0 0 0

#Transform 40
Transform: AffineTransform_float_3_3
Parameters: 0.999995 0.0031274 0.00036531 -0.00312367 0.999949 -0.00954016 -0.000395018 0.00953886 0.999954 -0.0339283 0.264172 -0.651108
FixedParameters: 0 0 0

#Transform 41
Transform: AffineTransform_float_3_3
Parameters: 0.999995 0.00314031 0.000343924 -0.00313787 0.999971 -0.0068461 -0.000365207 0.00684492 0.999976 -0.0880338 0.0909861 -0.570835
FixedParameters: 0 0 0

#Transform 42
Transform: AffineTransform_float_3_3
Parameters: 0.999995 0.00315786 -0.000161183 -0.00315955 0.999968 -0.00734401 0.00013846 0.00734465 0.999973 -0.113675 0.202686 -0.535122
FixedParameters: 0 0 0

#Transform 43
Transform: AffineTransform_float_3_3
Parameters: 0.999997 0.00207238 0.00142067 -0.00206406 0.999982 -0.00579198 -0.00143237 0.00578967 0.999982 -0.0680608 0.0590208 -0.387639
FixedParameters: 0 0 0

#Transform 44
Transform: AffineTransform_float_3_3
Parameters: 0.999998 0.00117439 0.00116393 -0.00117253 0.999998 -0.00186342 -0.00116635 0.00186207 0.999998 -0.0476127 -0.288789 -0.270187
FixedParameters: 0 0 0

#Transform 45
Transform: AffineTransform_float_3_3
Parameters: 0.999997 0.00119244 0.00223919 -0.0011881 0.999997 -0.00201903 -0.00224225 0.00201639 0.999995 -0.0403113 -0.0320979 -0.570002
FixedParameters: 0 0 0

#Transform 46
Transform: AffineTransform_float_3_3
Parameters: 0.999996 0.00243389 0.00138148 -0.00242931 0.99999 -0.00382289 -0.00139046 0.00381975 0.999992 -0.0935768 0.34882 -0.521562
FixedParameters: 0 0 0

#Transform 47
Transform: AffineTransform_float_3_3
Parameters: 0.999994 0.00337863 0.00112571 -0.00337412 0.999988 -0.00375454 -0.00113887 0.00375075 0.999992 -0.0506023 0.0181878 -0.292659
FixedParameters: 0 0 0

#Transform 48
Transform: AffineTransform_float_3_3
Parameters: 0.999993 0.0037805 -5.08403e-05 -0.0037815 0.99995 -0.00924029 1.63119e-05 0.00924042 0.999957 -0.133003 0.242662 -0.399808
FixedParameters: 0 0 0

#Transform 49
Transform: AffineTransform_float_3_3
Parameters: 0.999995 0.00329943 -0.000191069 -0.00330072 0.999953 -0.00913876 0.000160887 0.009139 0.999959 -0.117624 0.240658 -0.464929
FixedParameters: 0 0 0

#Transform 50
Transform: AffineTransform_float_3_3
Parameters: 0.999995 0.00298615 0.000697804 -0.00297952 0.999953 -0.00919063 -0.000724686 0.00918808 0.999957 -0.0839273 0.18656 -0.531461
FixedParameters: 0 0 0

#Transform 51
Transform: AffineTransform_float_3_3
Parameters: 0.999996 0.00285548 0.000334314 -0.00285154 0.999947 -0.00996008 -0.000362643 0.00995917 0.99995 -0.0766647 0.196196 -0.528167
FixedParameters: 0 0 0

#Transform 52
Transform: AffineTransform_float_3_3
Parameters: 0.999995 0.00302952 -0.000447433 -0.00303435 0.999925 -0.0119256 0.000411431 0.0119267 0.999929 -0.110382 0.221214 -0.567363
FixedParameters: 0 0 0

#Transform 53
Transform: AffineTransform_float_3_3
Parameters: 0.999992 0.00388868 -0.000122231 -0.00388988 0.999927 -0.0114553 7.78131e-05 0.0114561 0.999935 -0.13896 0.152099 -0.511648
FixedParameters: 0 0 0

#Transform 54
Transform: AffineTransform_float_3_3
Parameters: 0.999992 0.00418389 2.2871e-05 -0.00418401 0.99992 -0.011907 -7.27313e-05 0.0119067 0.999929 -0.0912824 0.224299 -0.632354
FixedParameters: 0 0 0

#Transform 55
Transform: AffineTransform_float_3_3
Parameters: 0.999991 0.00418415 0.00084179 -0.00417598 0.99994 -0.0101608 -0.000883937 0.0101577 0.999948 -0.137111 0.181507 -0.66434
FixedParameters: 0 0 0

#Transform 56
Transform: AffineTransform_float_3_3
Parameters: 0.999992 0.00402797 0.000467449 -0.0040229 0.999933 -0.0108442 -0.000510467 0.0108423 0.999941 -0.139839 0.191894 -0.703107
FixedParameters: 0 0 0

#Transform 57
Transform: AffineTransform_float_3_3
Parameters: 0.999991 0.00426742 0.000160903 -0.00426556 0.999929 -0.0111281 -0.000208629 0.0111273 0.999938 -0.140385 0.239803 -0.615762
FixedParameters: 0 0 0

#Transform 58
Transform: AffineTransform_float_3_3
Parameters: 0.999991 0.00441432 -0.000303106 -0.00441694 0.999929 -0.0110416 0.0002539 0.0110428 0.999939 -0.154214 0.237712 -0.609398
FixedParameters: 0 0 0

#Transform 59
Transform: AffineTransform_float_3_3
Parameters: 0.999989 0.00472859 -0.000342695 -0.00473231 0.999925 -0.011342 0.000289018 0.0113424 0.999935 -0.160955 0.241884 -0.616918
FixedParameters: 0 0 0

#Transform 60
Transform: AffineTransform_float_3_3
Parameters: 0.999988 0.00473124 -0.000305237 -0.00473519 0.999891 -0.0139351 0.000238574 0.0139366 0.999903 -0.142876 0.264654 -0.60856
FixedParameters: 0 0 0

#Transform 61
Transform: AffineTransform_float_3_3
Parameters: 0.999989 0.0045238 -0.00109669 -0.00454169 0.999846 -0.0169646 0.00102026 0.0169691 0.999856 -0.170014 0.306826 -0.610833
FixedParameters: 0 0 0

#Transform 62
Transform: AffineTransform_float_3_3
Parameters: 0.99999 0.00439727 -0.00126826 -0.00441451 0.99989 -0.0141676 0.00120633 0.0141725 0.999899 -0.132011 0.0887829 -0.618032
FixedParameters: 0 0 0

#Transform 63
Transform: AffineTransform_float_3_3
Parameters: 0.999989 0.00448362 -0.000633782 -0.004492 0.999887 -0.014409 0.000569543 0.0144112 0.999896 -0.14256 0.275178 -0.66714
FixedParameters: 0 0 0

#Transform 64
Transform: AffineTransform_float_3_3
Parameters: 0.999985 0.00527894 -0.00119969 -0.00529471 0.999892 -0.0136941 0.00112736 0.0137008 0.999905 -0.173172 0.132069 -0.606288
FixedParameters: 0 0 0

#Transform 65
Transform: AffineTransform_float_3_3
Parameters: 0.999983 0.00569637 -0.00118651 -0.00571249 0.999885 -0.0140618 0.001107 0.0140687 0.9999 -0.161949 0.292428 -0.803126
FixedParameters: 0 0 0

#Transform 66
Transform: AffineTransform_float_3_3
Parameters: 0.999977 0.00631034 -0.0023084 -0.00632067 0.99997 -0.00442805 0.00228113 0.0044419 0.999987 -0.339853 0.521707 -1.31855
FixedParameters: 0 0 0

#Transform 67
Transform: AffineTransform_float_3_3
Parameters: 0.999979 0.00611594 -0.0021927 -0.00613302 0.999951 -0.0079189 0.00214326 0.0079327 0.999966 -0.336315 0.153787 -0.666836
FixedParameters: 0 0 0

#Transform 68
Transform: AffineTransform_float_3_3
Parameters: 0.999971 0.00738139 -0.0019233 -0.0073987 0.999929 -0.00929625 0.00185455 0.00930987 0.999954 -0.358714 0.384611 -0.658173
FixedParameters: 0 0 0

#Transform 69
Transform: AffineTransform_float_3_3
Parameters: 0.99997 0.0075075 -0.00196798 -0.00752459 0.999934 -0.00866478 0.00190283 0.00867954 0.999961 -0.323548 0.245451 -0.723002
FixedParameters: 0 0 0

#Transform 70
Transform: AffineTransform_float_3_3
Parameters: 0.999966 0.00802478 -0.00181816 -0.0080409 0.999927 -0.00894639 0.00174624 0.00896093 0.999959 -0.315637 0.426533 -0.758987
FixedParameters: 0 0 0

#Transform 71
Transform: AffineTransform_float_3_3
Parameters: 0.999977 0.00658452 -0.00130838 -0.00659456 0.999945 -0.00812543 0.00125457 0.00813395 0.999966 -0.288241 0.316365 -0.603271
FixedParameters: 0 0 0

#Transform 72
Transform: AffineTransform_float_3_3
Parameters: 0.999979 0.00648501 -0.00045586 -0.00648742 0.999949 -0.00777005 0.000405574 0.00777212 0.99997 -0.295051 0.279366 -0.53628
FixedParameters: 0 0 0

#Transform 73
Transform: AffineTransform_float_3_3
Parameters: 0.999982 0.00607081 -0.000786473 -0.00607706 0.999947 -0.00836523 0.000735364 0.00836944 0.999964 -0.266219 0.290044 -0.445348
FixedParameters: 0 0 0

#Transform 74
Transform: AffineTransform_float_3_3
Parameters: 0.999983 0.0059074 -0.000803814 -0.00591419 0.999944 -0.00873945 0.000751817 0.00874356 0.999961 -0.250109 0.324441 -0.428095
FixedParameters: 0 0 0

#Transform 75
Transform: AffineTransform_float_3_3
Parameters: 0.999984 0.00569609 -0.000452601 -0.00569909 0.99995 -0.00824241 0.000405739 0.00824491 0.999966 -0.235977 0.3348 -0.319581
FixedParameters: 0 0 0

#Transform 76
Transform: AffineTransform_float_3_3
Parameters: 0.999985 0.00537861 -0.000602765 -0.00538236 0.999964 -0.00662837 0.000567127 0.00663071 0.999978 -0.227653 0.305967 -0.268265
FixedParameters: 0 0 0

#Transform 77
Transform: AffineTransform_float_3_3
Parameters: 0.999985 0.00544976 -0.000249954 -0.00545187 0.999958 -0.00731593 0.00020996 0.0073173 0.999974 -0.211285 0.331218 -0.192109
FixedParameters: 0 0 0

#Transform 78
Transform: AffineTransform_float_3_3
Parameters: 0.999988 0.00496897 -0.000229718 -0.004971 0.99996 -0.00742828 0.000192422 0.00742915 0.999972 -0.191218 0.352287 -0.0967806
FixedParameters: 0 0 0

#Transform 79
Transform: AffineTransform_float_3_3
Parameters: 0.999987 0.00503711 -0.000220421 -0.00503881 0.999965 -0.00667921 0.000186658 0.00668001 0.999978 -0.184164 0.354023 -0.095549
FixedParameters: 0 0 0

#Transform 80
Transform: AffineTransform_float_3_3
Parameters: 0.999987 0.00502403 -0.000169999 -0.00502476 0.999964 -0.00685998 0.000135505 0.00686027 0.999976 -0.183826 0.320014 -0.165528
FixedParameters: 0 0 0

#Transform 81
Transform: AffineTransform_float_3_3
Parameters: 0.999985 0.00545405 -4.92988e-05 -0.00545356 0.99996 -0.00708 1.09764e-05 0.00707992 0.999975 -0.18529 0.304275 -0.201768
FixedParameters: 0 0 0

#Transform 82
Transform: AffineTransform_float_3_3
Parameters: 0.999985 0.00536983 -0.000228965 -0.00537142 0.999956 -0.00766376 0.000187281 0.00766487 0.99997 -0.182746 0.320115 -0.215515
FixedParameters: 0 0 0

#Transform 83
Transform: AffineTransform_float_3_3
Parameters: 0.999985 0.00544144 -5.23758e-05 -0.00544186 0.999955 -0.0077499 1.02997e-05 0.00774984 0.99997 -0.168634 0.318141 -0.142185
FixedParameters: 0 0 0

#Transform 84
Transform: AffineTransform_float_3_3
Parameters: 0.999985 0.00538177 -0.00013874 -0.00538325 0.999948 -0.00856567 9.26646e-05 0.00856648 0.999964 -0.151776 0.360522 -0.23113
FixedParameters: 0 0 0

#Transform 85
Transform: AffineTransform_float_3_3
Parameters: 0.999985 0.00542525 -0.000185519 -0.00542742 0.999954 -0.00789961 0.000142948 0.00790026 0.999969 -0.157673 0.324793 -0.192323
FixedParameters: 0 0 0

#Transform 86
Transform: AffineTransform_float_3_3
Parameters: 0.999985 0.00547616 -0.000132204 -0.00547654 0.999954 -0.00784646 8.90997e-05 0.00784729 0.999969 -0.158828 0.337627 -0.0784333
FixedParameters: 0 0 0

#Transform 87
Transform: AffineTransform_float_3_3
Parameters: 0.999985 0.00537608 -0.00020333 -0.00537728 0.999956 -0.00763584 0.000161855 0.00763667 0.999971 -0.152172 0.337574 -0.150624
FixedParameters: 0 0 0

#Transform 88
Transform: AffineTransform_float_3_3
Parameters: 0.999986 0.00531001 -0.000204518 -0.00531126 0.999956 -0.00770552 0.000163278 0.00770702 0.999971 -0.151928 0.329984 -0.160947
FixedParameters: 0 0 0

#Transform 89
Transform: AffineTransform_float_3_3
Parameters: 0.999987 0.00513973 -0.000128141 -0.00513983 0.999956 -0.00780378 8.84953e-05 0.0078037 0.999969 -0.152661 0.335065 -0.160196
FixedParameters: 0 0 0

#Transform 90
Transform: AffineTransform_float_3_3
Parameters: 0.999986 0.00529342 -4.60387e-05 -0.00529307 0.999952 -0.00823624 2.85236e-06 0.00823605 0.999966 -0.144062 0.33779 -0.151069
FixedParameters: 0 0 0

#Transform 91
Transform: AffineTransform_float_3_3
Parameters: 0.999987 0.00513104 0.000256187 -0.0051292 0.999958 -0.00753694 -0.000294612 0.00753568 0.999972 -0.128342 0.322662 -0.152747
FixedParameters: 0 0 0

#Transform 92
Transform: AffineTransform_float_3_3
Parameters: 0.999987 0.00501523 0.000363784 -0.00501224 0.99996 -0.00741005 -0.00040011 0.00740776 0.999972 -0.129885 0.353145 -0.109493
FixedParameters: 0 0 0

#Transform 93
Transform: AffineTransform_float_3_3
Parameters: 0.999987 0.00513431 -9.17553e-05 -0.00513515 0.999956 -0.00783136 5.13014e-05 0.00783155 0.99997 -0.130989 0.349875 -0.0950833
FixedParameters: 0 0 0

#Transform 94
Transform: AffineTransform_float_3_3
Parameters: 0.999986 0.00534342 5.30909e-05 -0.00534296 0.999958 -0.00753201 -9.31441e-05 0.00753147 0.999972 -0.144883 0.351459 -0.0871508
FixedParameters: 0 0 0

#Transform 95
Transform: AffineTransform_float_3_3
Parameters: 0.999986 0.00536565 0.000121149 -0.00536466 0.999955 -0.00783534 -0.000163552 0.00783406 0.999969 -0.1458 0.357399 -0.0852964
FixedParameters: 0 0 0

#Transform 96
Transform: AffineTransform_float_3_3
Parameters: 0.999985 0.00542477 0.000246421 -0.00542229 0.999959 -0.0071969 -0.000285844 0.00719565 0.999974 -0.147431 0.329018 -0.0885812
FixedParameters: 0 0 0

#Transform 97
Transform: AffineTransform_float_3_3
Parameters: 0.999986 0.00534347 6.72416e-05 -0.00534202 0.999954 -0.00789302 -0.000109341 0.00789234 0.999968 -0.144882 0.35662 -0.097211
FixedParameters: 0 0 0

#Transform 98
Transform: AffineTransform_float_3_3
Parameters: 0.999985 0.00541206 0.000237393 -0.00540986 0.999955 -0.00780212 -0.000278854 0.00780031 0.999969 -0.139314 0.341952 -0.0977704
FixedParameters: 0 0 0

#Transform 99
Transform: AffineTransform_float_3_3
Parameters: 0.999987 0.00517749 0.000163024 -0.00517545 0.999954 -0.00807111 -0.000204072 0.00807014 0.999967 -0.141812 0.353939 -0.130874
FixedParameters: 0 0 0

#Transform 100
Transform: AffineTransform_float_3_3
Parameters: 0.999985 0.00551927 0.000252058 -0.00551765 0.999953 -0.00799381 -0.000296981 0.00799175 0.999968 -0.177872 0.362064 -0.116731
FixedParameters: 0 0 0

#Transform 101
Transform: AffineTransform_float_3_3
Parameters: 0.999985 0.00547406 9.71638e-05 -0.00547271 0.999953 -0.00793114 -0.000140447 0.00793085 0.999968 -0.162014 0.354296 -0.0873323
FixedParameters: 0 0 0

#Transform 102
Transform: AffineTransform_float_3_3
Parameters: 0.999985 0.00548096 0.000254576 -0.00547886 0.999955 -0.00774818 -0.000297422 0.00774613 0.99997 -0.161419 0.34474 -0.107502
FixedParameters: 0 0 0

#Transform 103
Transform: AffineTransform_float_3_3
Parameters: 0.999985 0.00563964 7.41519e-05 -0.00563942 0.999956 -0.00747698 -0.000116688 0.00747622 0.999973 -0.158884 0.336113 -0.120382
FixedParameters: 0 0 0

#Transform 104
Transform: AffineTransform_float_3_3
Parameters: 0.999985 0.00543837 -4.63988e-05 -0.00543811 0.999957 -0.00747381 6.14724e-06 0.0074737 0.999972 -0.136166 0.349603 -0.134436
FixedParameters: 0 0 0

#Transform 105
Transform: AffineTransform_float_3_3
Parameters: 0.999985 0.00541033 0.000107357 -0.00540958 0.999955 -0.00772102 -0.000149195 0.00771988 0.99997 -0.132832 0.344897 -0.127037
FixedParameters: 0 0 0

#Transform 106
Transform: AffineTransform_float_3_3
Parameters: 0.999986 0.00545315 0.000300544 -0.0054509 0.999957 -0.00744336 -0.000340507 0.0074415 0.999973 -0.14228 0.345457 -0.11582
FixedParameters: 0 0 0

#Transform 107
Transform: AffineTransform_float_3_3
Parameters: 0.999984 0.00560331 0.000306076 -0.00560099 0.999957 -0.00739713 -0.000347719 0.00739518 0.999972 -0.139242 0.348936 -0.0993636
FixedParameters: 0 0 0

#Transform 108
Transform: AffineTransform_float_3_3
Parameters: 0.999983 0.00573145 0.000136687 -0.0057297 0.999953 -0.00787153 -0.000181102 0.0078708 0.999969 -0.146041 0.382848 -0.103296
FixedParameters: 0 0 0

#Transform 109
Transform: AffineTransform_float_3_3
Parameters: 0.999984 0.00565838 0.000125696 -0.00565704 0.999956 -0.00751038 -0.000167944 0.00750978 0.999972 -0.14577 0.350997 -0.108917
FixedParameters: 0 0 0

#Transform 110
Transform: AffineTransform_float_3_3
Parameters: 0.999983 0.00578242 0.000161531 -0.00578095 0.999956 -0.00735138 -0.000204702 0.00735106 0.999973 -0.146563 0.368943 -0.100254
FixedParameters: 0 0 0

#Transform 111
Transform: AffineTransform_float_3_3
Parameters: 0.999984 0.00572406 0.000199222 -0.00572203 0.99996 -0.00685941 -0.000238 0.0068587 0.999976 -0.138842 0.330772 -0.0869011
FixedParameters: 0 0 0

#Transform 112
Transform: AffineTransform_float_3_3
Parameters: 0.999982 0.00592937 0.000231317 -0.00592748 0.999959 -0.00684159 -0.000271405 0.00684039 0.999977 -0.147662 0.359828 -0.0882315
FixedParameters: 0 0 0

#Transform 113
Transform: AffineTransform_float_3_3
Parameters: 0.999982 0.0059886 0.000224593 -0.00598671 0.999958 -0.00694584 -0.000266707 0.00694402 0.999976 -0.160945 0.372622 -0.0897378
FixedParameters: 0 0 0

#Transform 114
Transform: AffineTransform_float_3_3
Parameters: 0.999982 0.00601926 0.000442388 -0.00601589 0.999958 -0.00696628 -0.000483526 0.00696396 0.999975 -0.171426 0.362938 -0.0692158
FixedParameters: 0 0 0

#Transform 115
Transform: AffineTransform_float_3_3
Parameters: 0.999981 0.00611965 0.000344409 -0.00611756 0.999954 -0.00738122 -0.000389902 0.00737932 0.999973 -0.174828 0.401269 0.0348483
FixedParameters: 0 0 0

#Transform 116
Transform: AffineTransform_float_3_3
Parameters: 0.999981 0.00605123 0.000114612 -0.00605161 0.999981 -0.00117914 -0.000121673 0.00117863 0.999999 -0.230031 0.370084 0.304654
FixedParameters: 0 0 0

#Transform 117
Transform: AffineTransform_float_3_3
Parameters: 0.999978 0.00650233 0.00067113 -0.00650234 0.999978 -0.00120593 -0.000679161 0.00120102 0.999999 -0.249605 0.326417 0.538854
FixedParameters: 0 0 0

#Transform 118
Transform: AffineTransform_float_3_3
Parameters: 0.999977 0.00672322 0.000646738 -0.00672373 0.999977 -0.000543462 -0.000650781 0.000539337 1 -0.238209 0.338555 0.541111
FixedParameters: 0 0 0

#Transform 119
Transform: AffineTransform_float_3_3
Parameters: 0.999978 0.00666902 0.000738789 -0.0066683 0.999978 -0.000826824 -0.000744678 0.000822293 0.999999 -0.240744 0.339351 0.471017
FixedParameters: 0 0 0
