# transform file /out/sourcedata/freesurfer/sub-v1s18x0051216_ses-1/mri/transforms/cc_up.lta
# created by oesteban on Mon Mar  9 05:23:42 2026

type      = 0 # LINEAR_VOX_TO_VOX
nxforms   = 1
mean      = 130.0000 136.0000 125.0000
sigma     = 10000.0000
1 4 4
9.949633479118347e-01 8.024709671735764e-02 6.006933003664017e-02 -1.790258026123047e+01 
-8.010124415159225e-02 9.967750310897827e-01 -4.835985135287046e-03 2.136435699462891e+01 
-6.026368215680122e-02 -4.656612873077393e-10 9.981825351715088e-01 1.804874038696289e+01 
0.000000000000000e+00 0.000000000000000e+00 0.000000000000000e+00 1.000000000000000e+00 
src volume info
valid = 1  # volume info valid
filename = /out/sourcedata/freesurfer/sub-v1s18x0051216_ses-1/mri/norm.mgz
volume = 256 256 256
voxelsize = 1.000000000000000e+00 1.000000000000000e+00 1.000000000000000e+00
xras   = -1.000000000000000e+00 0.000000000000000e+00 0.000000000000000e+00
yras   = 0.000000000000000e+00 0.000000000000000e+00 -1.000000000000000e+00
zras   = 0.000000000000000e+00 1.000000000000000e+00 0.000000000000000e+00
cras   = 4.837135314941406e+00 5.231986999511719e+00 -1.421310424804688e+00
dst volume info
valid = 1  # volume info valid
filename = /out/sourcedata/freesurfer/sub-v1s18x0051216_ses-1/mri/norm.mgz
volume = 256 256 256
voxelsize = 1.000000000000000e+00 1.000000000000000e+00 1.000000000000000e+00
xras   = -1.000000000000000e+00 0.000000000000000e+00 0.000000000000000e+00
yras   = 0.000000000000000e+00 0.000000000000000e+00 -1.000000000000000e+00
zras   = 0.000000000000000e+00 1.000000000000000e+00 0.000000000000000e+00
cras   = 4.837135314941406e+00 5.231986999511719e+00 -1.421310424804688e+00
