#Insight Transform File V1.0
#Transform 0
Transform: AffineTransform_float_3_3
Parameters: 0.999989 -0.00319438 -0.00326622 0.0031759 0.999979 -0.00570023 0.00328433 0.00569077 0.999978 -0.313205 -0.334756 3.36272
FixedParameters: 0 0 0

#Transform 1
Transform: AffineTransform_float_3_3
Parameters: 0.999988 -0.00337365 -0.00351333 0.00335442 0.99998 -0.00540965 0.00353152 0.00539735 0.999979 -0.312894 -0.30455 3.33589
FixedParameters: 0 0 0

#Transform 2
Transform: AffineTransform_float_3_3
Parameters: 0.999987 -0.00336825 -0.00365147 0.00334797 0.999979 -0.00545824 0.0036693 0.00544576 0.999978 -0.321352 -0.32059 3.34849
FixedParameters: 0 0 0

#Transform 3
Transform: AffineTransform_float_3_3
Parameters: 0.999987 -0.00336774 -0.00365194 0.00334768 0.99998 -0.00531824 0.00366944 0.00530576 0.999979 -0.307931 -0.329884 3.36495
FixedParameters: 0 0 0

#Transform 4
Transform: AffineTransform_float_3_3
Parameters: 0.999992 -0.00287193 -0.00302797 0.00286422 0.999992 -0.00274857 0.00303562 0.00273943 0.999991 -0.299408 -0.318482 3.35799
FixedParameters: 0 0 0

#Transform 5
Transform: AffineTransform_float_3_3
Parameters: 0.999991 -0.00311514 -0.00263727 0.00311255 0.999994 -0.000982946 0.00264014 0.000974054 0.999996 -0.322155 -0.326815 3.3979
FixedParameters: 0 0 0

#Transform 6
Transform: AffineTransform_float_3_3
Parameters: 0.999991 -0.00318038 -0.00272589 0.00317837 0.999995 -0.000955288 0.00272951 0.000946712 0.999996 -0.320432 -0.311144 3.39561
FixedParameters: 0 0 0

#Transform 7
Transform: AffineTransform_float_3_3
Parameters: 0.999991 -0.00308121 -0.00283431 0.00307813 0.999994 -0.00128198 0.00283774 0.00127302 0.999995 -0.320216 -0.267356 3.3776
FixedParameters: 0 0 0

#Transform 8
Transform: AffineTransform_float_3_3
Parameters: 0.999992 -0.00308631 -0.00261898 0.00308404 0.999994 -0.00104381 0.00262296 0.00103518 0.999996 -0.328279 -0.277015 3.39947
FixedParameters: 0 0 0

#Transform 9
Transform: AffineTransform_float_3_3
Parameters: 0.999993 -0.00257528 -0.00265002 0.00257102 0.999996 -0.00144118 0.00265359 0.00143482 0.999995 -0.327071 -0.262988 3.39604
FixedParameters: 0 0 0

#Transform 10
Transform: AffineTransform_float_3_3
Parameters: 0.999992 -0.00284056 -0.0029933 0.00283593 0.999995 -0.00183738 0.00299884 0.00182862 0.999994 -0.309245 -0.285745 3.40839
FixedParameters: 0 0 0

#Transform 11
Transform: AffineTransform_float_3_3
Parameters: 0.999992 -0.0028582 -0.00301358 0.00285127 0.999994 -0.00223649 0.00302006 0.00222751 0.999993 -0.302736 -0.29805 3.40915
FixedParameters: 0 0 0

#Transform 12
Transform: AffineTransform_float_3_3
Parameters: 0.999989 -0.00309513 -0.00332074 0.00308725 0.999992 -0.00241319 0.00332815 0.00240281 0.999991 -0.288957 -0.282474 3.44715
FixedParameters: 0 0 0

#Transform 13
Transform: AffineTransform_float_3_3
Parameters: 0.999991 -0.00287965 -0.00303984 0.00287192 0.999993 -0.00248015 0.00304721 0.00247185 0.999992 -0.308664 -0.296506 3.42714
FixedParameters: 0 0 0

#Transform 14
Transform: AffineTransform_float_3_3
Parameters: 0.999997 -0.00241955 0.000399462 0.00241479 0.999929 0.0116243 -0.000427902 -0.0116237 0.999932 -0.249998 -0.28967 1.71214
FixedParameters: 0 0 0

#Transform 15
Transform: AffineTransform_float_3_3
Parameters: 0.999985 0.00188449 0.0050999 -0.00214287 0.998692 0.051072 -0.00499665 -0.0510819 0.998682 0.047891 -1.08798 -0.754698
FixedParameters: 0 0 0

#Transform 16
Transform: AffineTransform_float_3_3
Parameters: 0.999999 -0.000184437 -0.00143591 0.000209092 0.999853 0.0171681 0.00143158 -0.0171689 0.999852 0.0286911 -0.685546 -0.828153
FixedParameters: 0 0 0

#Transform 17
Transform: AffineTransform_float_3_3
Parameters: 0.999999 -0.000457071 0.000672001 0.000453106 0.999988 0.00488731 -0.000674673 -0.00488669 0.999988 -0.0266927 -0.148454 -0.249852
FixedParameters: 0 0 0

#Transform 18
Transform: AffineTransform_float_3_3
Parameters: 0.999999 -0.000833615 -0.000527148 0.000835794 0.999994 0.00318056 0.000525249 -0.00318144 0.999995 0.0324943 -0.0724727 -0.256476
FixedParameters: 0 0 0

#Transform 19
Transform: AffineTransform_float_3_3
Parameters: 1 -0.000299761 -0.000135326 0.000299952 0.999993 0.00366196 0.000133738 -0.00366204 0.999994 0.0372069 -0.0920341 0.717313
FixedParameters: 0 0 0

#Transform 20
Transform: AffineTransform_float_3_3
Parameters: 1 0.000145904 0.000342778 -0.000146449 0.999999 0.000795949 -0.000342546 -0.000796049 0.999999 0.00531051 0.0184611 0.0236044
FixedParameters: 0 0 0

#Transform 21
Transform: AffineTransform_float_3_3
Parameters: 1 -0.000143208 0.000153511 0.000143163 1 0.000145022 -0.000153552 -0.000144978 1 0.0277259 -0.080751 0.0960968
FixedParameters: 0 0 0

#Transform 22
Transform: AffineTransform_float_3_3
Parameters: 1 4.58844e-05 8.97875e-06 -4.58856e-05 1 6.29996e-05 -8.97297e-06 -6.30004e-05 1 0.0406241 -0.0347169 0.0521459
FixedParameters: 0 0 0

#Transform 23
Transform: AffineTransform_float_3_3
Parameters: 1 5.38319e-05 2.84956e-06 -5.38263e-05 0.999999 -0.000975999 -2.95464e-06 0.000975999 0.999999 0.0371838 -0.025473 0.0454294
FixedParameters: 0 0 0

#Transform 24
Transform: AffineTransform_float_3_3
Parameters: 1 2.23662e-06 4.23792e-05 -2.14779e-06 1 -0.001048 -4.23838e-05 0.001048 1 0.0406108 -0.00237623 0.048694
FixedParameters: 0 0 0

#Transform 25
Transform: AffineTransform_float_3_3
Parameters: 1 -7.11235e-05 -7.6534e-05 7.1099e-05 1 -0.000160005 7.65567e-05 0.000159995 1 0.0140597 -0.0222137 -0.0884151
FixedParameters: 0 0 0

#Transform 26
Transform: AffineTransform_float_3_3
Parameters: 1 -5.94043e-05 -0.000164831 5.92513e-05 1 -0.00046401 0.000164886 0.00046399 1 0.0270486 -0.0311919 -0.0458182
FixedParameters: 0 0 0

#Transform 27
Transform: AffineTransform_float_3_3
Parameters: 1 -4.38535e-05 -0.000378194 4.35486e-05 1 -0.000403016 0.000378229 0.000402983 1 0.0384213 -0.0313465 -0.07107
FixedParameters: 0 0 0

#Transform 28
Transform: AffineTransform_float_3_3
Parameters: 1 -0.000134116 -0.000226042 0.000133681 0.999999 -0.000960548 0.0002263 0.000961452 1 0.0393162 -0.000433438 -0.138488
FixedParameters: 0 0 0

#Transform 29
Transform: AffineTransform_float_3_3
Parameters: 1 9.72966e-05 -0.000488518 -9.72722e-05 1 2.50475e-05 0.000488523 -2.49525e-05 1 0.0580048 -0.0320245 -0.0593163
FixedParameters: 0 0 0

#Transform 30
Transform: AffineTransform_float_3_3
Parameters: 1 0.000138434 -0.000434549 -0.000137943 1 -0.00034994 0.000433845 0.00035006 1 0.0533713 -0.00769706 -0.0884527
FixedParameters: 0 0 0

#Transform 31
Transform: AffineTransform_float_3_3
Parameters: 1 -0.000148239 -0.00021521 0.000148157 1 -0.000190032 0.000215266 0.000189968 1 0.0589431 0.00191589 -0.0806296
FixedParameters: 0 0 0

#Transform 32
Transform: AffineTransform_float_3_3
Parameters: 1 -0.000253081 -0.000135027 0.00025304 1 -0.000149034 0.000135102 0.000148966 1 0.0392478 0.00395421 -0.0821653
FixedParameters: 0 0 0

#Transform 33
Transform: AffineTransform_float_3_3
Parameters: 1 -0.0002531 -0.000134991 0.000253021 1 -0.000290034 0.000135138 0.000289966 1 0.039248 0.00305567 -0.0814955
FixedParameters: 0 0 0

#Transform 34
Transform: AffineTransform_float_3_3
Parameters: 1 -4.74161e-05 -0.000292357 4.7198e-05 1 -0.000373014 0.000292392 0.000372986 1 0.0504362 -0.00417448 -0.0895952
FixedParameters: 0 0 0

#Transform 35
Transform: AffineTransform_float_3_3
Parameters: 1 0.000123917 -0.000423676 -0.000124656 0.999999 -0.000871947 0.000423459 0.000872052 0.999999 0.0570126 0.012015 -0.108518
FixedParameters: 0 0 0

#Transform 36
Transform: AffineTransform_float_3_3
Parameters: 1 0.000177143 -0.000571384 -0.000177294 1 -0.000662898 0.000571944 0.000663101 0.999999 0.0605359 0.0116137 -0.0237498
FixedParameters: 0 0 0

#Transform 37
Transform: AffineTransform_float_3_3
Parameters: 0.999999 -1.58588e-05 -0.000823886 1.53876e-05 1 -0.000286013 0.000823895 0.000285987 0.999999 0.0632055 0.0162118 -0.0391374
FixedParameters: 0 0 0

#Transform 38
Transform: AffineTransform_float_3_3
Parameters: 0.999999 5.1342e-05 -0.000736494 -5.10342e-05 1 0.000209038 0.000736515 -0.000208962 0.999999 0.0685933 -0.0154056 -0.102412
FixedParameters: 0 0 0

#Transform 39
Transform: AffineTransform_float_3_3
Parameters: 1 0.00011771 -0.000649172 -0.000118289 0.999999 -0.000446554 0.000649067 0.000446445 1 0.0541309 0.0287608 -0.299933
FixedParameters: 0 0 0

#Transform 40
Transform: AffineTransform_float_3_3
Parameters: 1 0.000114319 -0.000380663 -0.000114246 1 9.60435e-05 0.000380685 -9.59565e-05 1 0.0499275 -0.00947505 -0.122806
FixedParameters: 0 0 0

#Transform 41
Transform: AffineTransform_float_3_3
Parameters: 1 -0.00014865 -0.000323104 0.000148146 1 0.000447952 0.000323578 -0.000448048 1 0.0388932 -0.0140856 -0.11994
FixedParameters: 0 0 0

#Transform 42
Transform: AffineTransform_float_3_3
Parameters: 1 -5.12934e-05 -0.000187345 5.13773e-05 1 0.00022399 0.000187322 -0.00022401 1 0.0289378 -0.00583039 -0.107665
FixedParameters: 0 0 0

#Transform 43
Transform: AffineTransform_float_3_3
Parameters: 1 -5.73078e-05 -0.000195307 5.75105e-05 1 0.000518989 0.000195247 -0.000519011 1 0.0355321 -0.00250922 -0.11983
FixedParameters: 0 0 0

#Transform 44
Transform: AffineTransform_float_3_3
Parameters: 1 -5.72804e-05 -0.000195315 5.75378e-05 1 0.000658988 0.000195239 -0.000659011 1 0.030363 -0.0166118 -0.120304
FixedParameters: 0 0 0

#Transform 45
Transform: AffineTransform_float_3_3
Parameters: 1 -5.73265e-05 -0.000195301 5.74917e-05 1 0.000422989 0.000195253 -0.000423011 1 0.0296176 0.014953 -0.112394
FixedParameters: 0 0 0

#Transform 46
Transform: AffineTransform_float_3_3
Parameters: 1 -5.72712e-05 -0.000195318 5.7547e-05 0.999999 0.000705988 0.000195237 -0.000706011 0.999999 0.0249411 0.00609831 -0.0814435
FixedParameters: 0 0 0

#Transform 47
Transform: AffineTransform_float_3_3
Parameters: 1 -5.72617e-05 -0.00019532 5.75565e-05 0.999999 0.000754988 0.000195234 -0.000755011 0.999999 0.0292547 -0.00233074 -0.0769273
FixedParameters: 0 0 0

#Transform 48
Transform: AffineTransform_float_3_3
Parameters: 1 -5.71912e-05 -0.000195341 5.70188e-05 1 0.00111599 0.000194419 -0.00111601 1 0.0352577 -0.00188794 -0.0670536
FixedParameters: 0 0 0

#Transform 49
Transform: AffineTransform_float_3_3
Parameters: 1 -9.61123e-05 -0.000246186 9.645e-05 1 0.000685976 0.000246054 -0.000686023 0.999999 0.0386199 0.0363303 -0.0626342
FixedParameters: 0 0 0

#Transform 50
Transform: AffineTransform_float_3_3
Parameters: 1 -6.1057e-05 -0.000200043 6.10498e-05 1 -1.80122e-05 0.000200045 1.79878e-05 1 0.0377606 0.0510814 -0.167544
FixedParameters: 0 0 0

#Transform 51
Transform: AffineTransform_float_3_3
Parameters: 1 -0.000176011 -0.000108374 0.000176009 1 -1.00191e-05 0.000108378 9.98092e-06 1 0.0377053 0.0387363 -0.191295
FixedParameters: 0 0 0

#Transform 52
Transform: AffineTransform_float_3_3
Parameters: 0.999999 0.000162979 -0.000761536 -0.000162943 0.999999 2.3493e-05 0.000761544 -2.3507e-05 1 0.0464962 0.00619535 -0.181938
FixedParameters: 0 0 0

#Transform 53
Transform: AffineTransform_float_3_3
Parameters: 1 6.84752e-05 -0.000175602 -6.88884e-05 1 0.000554012 0.000174884 -0.000553988 1 0.0363577 0.0228519 -0.124494
FixedParameters: 0 0 0

#Transform 54
Transform: AffineTransform_float_3_3
Parameters: 1 0.000202898 -0.000278094 -0.000202978 1 0.000949574 0.000277685 -0.000950426 0.999999 0.0363454 0.0233659 -0.0952315
FixedParameters: 0 0 0

#Transform 55
Transform: AffineTransform_float_3_3
Parameters: 1 8.82214e-05 -0.000428353 -8.74588e-05 1 0.000889555 0.000428509 -0.000890445 0.999999 0.0393281 0.0319927 -0.119135
FixedParameters: 0 0 0

#Transform 56
Transform: AffineTransform_float_3_3
Parameters: 0.999564 -0.0199126 0.0217702 0.0189829 0.998932 0.0421281 -0.022586 -0.0416959 0.998875 0.167468 -1.1435 -2.16995
FixedParameters: 0 0 0

#Transform 57
Transform: AffineTransform_float_3_3
Parameters: 0.999242 -0.0148858 0.0359567 0.0144372 0.999815 0.0127124 -0.0361392 -0.0121836 0.999272 0.398229 -0.439369 -1.96179
FixedParameters: 0 0 0

#Transform 58
Transform: AffineTransform_float_3_3
Parameters: 0.999557 -0.0137293 0.0263842 0.0129667 0.9995 0.0288386 -0.0267663 -0.0284835 0.999236 0.202234 -0.519352 -0.912809
FixedParameters: 0 0 0

#Transform 59
Transform: AffineTransform_float_3_3
Parameters: 0.999617 -0.0132316 0.0243126 0.0126813 0.999663 0.0226677 -0.024605 -0.0223513 0.999447 0.170676 -0.30555 -0.366375
FixedParameters: 0 0 0

#Transform 60
Transform: AffineTransform_float_3_3
Parameters: 0.999656 -0.0130043 0.0228014 0.0124928 0.99967 0.022447 -0.0230857 -0.022154 0.999488 0.18825 -0.106945 -0.479101
FixedParameters: 0 0 0

#Transform 61
Transform: AffineTransform_float_3_3
Parameters: 0.999647 -0.0130178 0.0231333 0.0124908 0.999663 0.0227709 -0.023422 -0.0224741 0.999473 0.183653 -0.138474 -0.572051
FixedParameters: 0 0 0

#Transform 62
Transform: AffineTransform_float_3_3
Parameters: 0.999655 -0.013046 0.0228282 0.0125346 0.99967 0.0224018 -0.0231126 -0.0221072 0.999489 0.191 -0.118229 -0.552131
FixedParameters: 0 0 0

#Transform 63
Transform: AffineTransform_float_3_3
Parameters: 0.999654 -0.01274 0.0229842 0.0121964 0.999647 0.0236417 -0.0232773 -0.0233524 0.999456 0.190273 -0.163155 -0.264623
FixedParameters: 0 0 0

#Transform 64
Transform: AffineTransform_float_3_3
Parameters: 0.995553 -0.0780127 0.0528055 0.077561 0.996931 0.0105425 -0.0534662 -0.00639944 0.99855 -0.639639 -2.28076 -0.632783
FixedParameters: 0 0 0

#Transform 65
Transform: AffineTransform_float_3_3
Parameters: 0.991972 -0.122972 0.0294872 0.122677 0.992379 0.0115945 -0.030688 -0.00788356 0.999497 -0.224168 -1.08641 -0.590375
FixedParameters: 0 0 0

#Transform 66
Transform: AffineTransform_float_3_3
Parameters: 0.992613 -0.119372 0.0216798 0.118607 0.992369 0.0337141 -0.0255389 -0.0308929 0.999197 -0.182636 -0.755443 -2.76226
FixedParameters: 0 0 0

#Transform 67
Transform: AffineTransform_float_3_3
Parameters: 0.992088 -0.122397 0.0279432 0.12168 0.992227 0.0260469 -0.0309144 -0.02244 0.99927 -0.0694112 -1.0856 -1.86472
FixedParameters: 0 0 0

#Transform 68
Transform: AffineTransform_float_3_3
Parameters: 0.992079 -0.121674 0.0312149 0.121077 0.992435 0.0203515 -0.0334553 -0.0164105 0.999305 -0.0334914 -0.852562 -1.60465
FixedParameters: 0 0 0

#Transform 69
Transform: AffineTransform_float_3_3
Parameters: 0.992054 -0.122037 0.0305692 0.121623 0.992462 0.0150645 -0.0321769 -0.0112266 0.99942 0.0877762 -0.773494 -1.41262
FixedParameters: 0 0 0

#Transform 70
Transform: AffineTransform_float_3_3
Parameters: 0.992026 -0.122324 0.0303478 0.122029 0.992461 0.0113967 -0.0315133 -0.00760227 0.999474 0.124017 -0.76987 -1.34852
FixedParameters: 0 0 0

#Transform 71
Transform: AffineTransform_float_3_3
Parameters: 0.992009 -0.122594 0.0298379 0.122372 0.992443 0.0091548 -0.0307345 -0.00543022 0.999513 0.165923 -0.732239 -1.27911
FixedParameters: 0 0 0

#Transform 72
Transform: AffineTransform_float_3_3
Parameters: 0.992026 -0.122555 0.0294116 0.122385 0.992454 0.00752929 -0.0301127 -0.00386967 0.999539 0.191088 -0.736693 -1.19371
FixedParameters: 0 0 0

#Transform 73
Transform: AffineTransform_float_3_3
Parameters: 0.992046 -0.122385 0.0294341 0.122246 0.992478 0.00648237 -0.0300067 -0.00283253 0.999545 0.194457 -0.694958 -1.15423
FixedParameters: 0 0 0

#Transform 74
Transform: AffineTransform_float_3_3
Parameters: 0.99206 -0.122261 0.0294887 0.122152 0.992496 0.00545534 -0.0299355 -0.00180953 0.99955 0.184137 -0.697297 -1.10731
FixedParameters: 0 0 0

#Transform 75
Transform: AffineTransform_float_3_3
Parameters: 0.992102 -0.121976 0.0292288 0.121859 0.992531 0.00573751 -0.0297105 -0.00213046 0.999556 0.200842 -0.671264 -1.13622
FixedParameters: 0 0 0

#Transform 76
Transform: AffineTransform_float_3_3
Parameters: 0.992074 -0.122122 0.0295932 0.121931 0.992505 0.00814592 -0.0303663 -0.00447305 0.999529 0.224315 -0.638072 -1.0024
FixedParameters: 0 0 0

#Transform 77
Transform: AffineTransform_float_3_3
Parameters: 0.99194 -0.123497 0.0283669 0.123298 0.992332 0.00868175 -0.0292221 -0.0051142 0.99956 0.299836 -0.690027 -0.965405
FixedParameters: 0 0 0

#Transform 78
Transform: AffineTransform_float_3_3
Parameters: 0.991933 -0.1238 0.0272689 0.123562 0.992284 0.0102855 -0.0283318 -0.00683255 0.999575 0.31415 -0.612147 -0.968792
FixedParameters: 0 0 0

#Transform 79
Transform: AffineTransform_float_3_3
Parameters: 0.991949 -0.123501 0.0280036 0.123275 0.992325 0.0096577 -0.0289816 -0.00612728 0.999561 0.293018 -0.634321 -0.98196
FixedParameters: 0 0 0

#Transform 80
Transform: AffineTransform_float_3_3
Parameters: 0.991981 -0.123349 0.0275173 0.123122 0.992343 0.00980425 -0.0285162 -0.0063377 0.999573 0.282582 -0.67149 -0.932739
FixedParameters: 0 0 0

#Transform 81
Transform: AffineTransform_float_3_3
Parameters: 0.993051 -0.116646 0.0156481 0.116305 0.992989 0.0211791 -0.0180084 -0.019212 0.999653 0.153161 -0.685044 -0.221807
FixedParameters: 0 0 0

#Transform 82
Transform: AffineTransform_float_3_3
Parameters: 0.993472 -0.113638 0.00993108 0.11346 0.993399 0.0169002 -0.0117861 -0.0156628 0.999808 0.151956 -0.299507 -0.0675496
FixedParameters: 0 0 0

#Transform 83
Transform: AffineTransform_float_3_3
Parameters: 0.993213 -0.115748 0.0113955 0.115585 0.993198 0.0140746 -0.0129468 -0.0126624 0.999836 0.25437 -0.443421 -0.176059
FixedParameters: 0 0 0

#Transform 84
Transform: AffineTransform_float_3_3
Parameters: 0.991721 -0.128232 0.00678475 0.128086 0.991583 0.018889 -0.00914964 -0.0178641 0.999798 -0.634311 -1.29546 -1.178
FixedParameters: 0 0 0

#Transform 85
Transform: AffineTransform_float_3_3
Parameters: 0.99058 -0.136913 -0.00240983 0.136861 0.989326 0.0500384 -0.00446679 -0.0498966 0.998744 -0.133257 -1.63646 -1.9921
FixedParameters: 0 0 0

#Transform 86
Transform: AffineTransform_float_3_3
Parameters: 0.99118 -0.130413 0.023579 0.129485 0.990879 0.0373388 -0.0282333 -0.0339562 0.999024 0.587052 -0.827943 -1.42003
FixedParameters: 0 0 0

#Transform 87
Transform: AffineTransform_float_3_3
Parameters: 0.991302 -0.129174 0.0251669 0.128369 0.991232 0.0313275 -0.0289928 -0.0278245 0.999192 0.557578 -0.614556 -0.991909
FixedParameters: 0 0 0

#Transform 88
Transform: AffineTransform_float_3_3
Parameters: 0.991385 -0.128547 0.0251244 0.127824 0.991387 0.0285364 -0.0285766 -0.0250786 0.999277 0.569414 -0.569933 -1.00627
FixedParameters: 0 0 0

#Transform 89
Transform: AffineTransform_float_3_3
Parameters: 0.991456 -0.128137 0.0244054 0.127476 0.991474 0.0269931 -0.0276561 -0.0236509 0.999338 0.578838 -0.570815 -0.938804
FixedParameters: 0 0 0

#Transform 90
Transform: AffineTransform_float_3_3
Parameters: 0.991524 -0.12776 0.023632 0.127149 0.991547 0.0258205 -0.0267316 -0.0225975 0.999387 0.611309 -0.55394 -0.896602
FixedParameters: 0 0 0

#Transform 91
Transform: AffineTransform_float_3_3
Parameters: 0.991613 -0.127202 0.0229045 0.126642 0.991647 0.0244397 -0.025822 -0.0213343 0.999439 0.592778 -0.547096 -0.89171
FixedParameters: 0 0 0

#Transform 92
Transform: AffineTransform_float_3_3
Parameters: 0.991568 -0.127454 0.0234179 0.126934 0.991657 0.0224739 -0.0260878 -0.019312 0.999473 0.635574 -0.517915 -0.908402
FixedParameters: 0 0 0

#Transform 93
Transform: AffineTransform_float_3_3
Parameters: 0.991598 -0.127284 0.0230689 0.12678 0.991684 0.0221001 -0.0256896 -0.01899 0.99949 0.642554 -0.53888 -0.893614
FixedParameters: 0 0 0

#Transform 94
Transform: AffineTransform_float_3_3
Parameters: 0.991582 -0.1276 0.0219749 0.12712 0.991642 0.0220323 -0.024603 -0.0190536 0.999516 0.648718 -0.517473 -0.934853
FixedParameters: 0 0 0

#Transform 95
Transform: AffineTransform_float_3_3
Parameters: 0.991628 -0.127181 0.0223064 0.126706 0.991705 0.0215811 -0.0248655 -0.018574 0.999518 0.641516 -0.519558 -0.905706
FixedParameters: 0 0 0

#Transform 96
Transform: AffineTransform_float_3_3
Parameters: 0.991635 -0.127128 0.0222941 0.126657 0.991716 0.0213931 -0.0248286 -0.0183899 0.999522 0.662777 -0.502137 -0.90175
FixedParameters: 0 0 0

#Transform 97
Transform: AffineTransform_float_3_3
Parameters: 0.991665 -0.126915 0.0221789 0.126468 0.99176 0.0204802 -0.0245946 -0.0175049 0.999544 0.671748 -0.485334 -0.878299
FixedParameters: 0 0 0

#Transform 98
Transform: AffineTransform_float_3_3
Parameters: 0.991667 -0.126958 0.0218893 0.126536 0.991766 0.0197254 -0.0242137 -0.0167906 0.999566 0.691075 -0.480792 -0.867768
FixedParameters: 0 0 0

#Transform 99
Transform: AffineTransform_float_3_3
Parameters: 0.991661 -0.127011 0.0218668 0.126578 0.991752 0.0201534 -0.0242458 -0.0172177 0.999558 0.693094 -0.492786 -0.849056
FixedParameters: 0 0 0

#Transform 100
Transform: AffineTransform_float_3_3
Parameters: 0.991667 -0.126975 0.0217916 0.126536 0.99175 0.0204887 -0.0242137 -0.0175603 0.999553 0.697544 -0.502102 -0.864565
FixedParameters: 0 0 0

#Transform 101
Transform: AffineTransform_float_3_3
Parameters: 0.991677 -0.12686 0.021958 0.126418 0.991767 0.0204278 -0.0243692 -0.0174811 0.99955 0.687336 -0.479114 -0.884342
FixedParameters: 0 0 0

#Transform 102
Transform: AffineTransform_float_3_3
Parameters: 0.99168 -0.126815 0.0220743 0.126386 0.991783 0.0198604 -0.0244116 -0.0169056 0.999559 0.672956 -0.470872 -0.882679
FixedParameters: 0 0 0

#Transform 103
Transform: AffineTransform_float_3_3
Parameters: 0.99168 -0.126861 0.0218511 0.126444 0.991782 0.01949 -0.0241444 -0.016565 0.999572 0.686989 -0.484278 -0.893172
FixedParameters: 0 0 0

#Transform 104
Transform: AffineTransform_float_3_3
Parameters: 0.9917 -0.126725 0.0217415 0.126307 0.991797 0.019662 -0.0240552 -0.016753 0.999571 0.708338 -0.499619 -0.855723
FixedParameters: 0 0 0

#Transform 105
Transform: AffineTransform_float_3_3
Parameters: 0.991705 -0.126729 0.0214584 0.126324 0.991801 0.0193078 -0.023729 -0.0164372 0.999583 0.710586 -0.481254 -0.843749
FixedParameters: 0 0 0

#Transform 106
Transform: AffineTransform_float_3_3
Parameters: 0.991708 -0.12662 0.0219375 0.126207 0.991816 0.0192913 -0.0242001 -0.0163627 0.999573 0.696416 -0.486353 -0.836887
FixedParameters: 0 0 0

#Transform 107
Transform: AffineTransform_float_3_3
Parameters: 0.991691 -0.126762 0.0219248 0.126349 0.991798 0.0192853 -0.0241901 -0.0163546 0.999574 0.699588 -0.493817 -0.843976
FixedParameters: 0 0 0

#Transform 108
Transform: AffineTransform_float_3_3
Parameters: 0.99168 -0.126822 0.0220962 0.126401 0.991787 0.019537 -0.0243918 -0.0165821 0.999565 0.705136 -0.495577 -0.830638
FixedParameters: 0 0 0

#Transform 109
Transform: AffineTransform_float_3_3
Parameters: 0.991715 -0.126593 0.0217735 0.126177 0.991815 0.0195594 -0.0240708 -0.0166497 0.999571 0.716472 -0.467878 -0.8542
FixedParameters: 0 0 0

#Transform 110
Transform: AffineTransform_float_3_3
Parameters: 0.991729 -0.12654 0.0214464 0.12614 0.991829 0.0190902 -0.0236866 -0.0162268 0.999587 0.72703 -0.462843 -0.862868
FixedParameters: 0 0 0

#Transform 111
Transform: AffineTransform_float_3_3
Parameters: 0.991733 -0.126516 0.021408 0.126103 0.991823 0.0196083 -0.0237132 -0.0167468 0.999579 0.718441 -0.477889 -0.89145
FixedParameters: 0 0 0

#Transform 112
Transform: AffineTransform_float_3_3
Parameters: 0.991706 -0.126657 0.0218707 0.126241 0.991809 0.0194544 -0.0241557 -0.0165326 0.999572 0.718802 -0.466324 -0.879927
FixedParameters: 0 0 0

#Transform 113
Transform: AffineTransform_float_3_3
Parameters: 0.991695 -0.126763 0.0217617 0.126358 0.991802 0.0190656 -0.0240001 -0.0161574 0.999582 0.72093 -0.478261 -0.896703
FixedParameters: 0 0 0

#Transform 114
Transform: AffineTransform_float_3_3
Parameters: 0.991716 -0.126633 0.021534 0.126216 0.991806 0.0197216 -0.0238547 -0.0168404 0.999573 0.731321 -0.475735 -0.858631
FixedParameters: 0 0 0

#Transform 115
Transform: AffineTransform_float_3_3
Parameters: 0.991742 -0.126379 0.0218256 0.125959 0.99184 0.0196808 -0.0241349 -0.0167692 0.999568 0.722716 -0.451805 -0.858122
FixedParameters: 0 0 0

#Transform 116
Transform: AffineTransform_float_3_3
Parameters: 0.991739 -0.126415 0.0217841 0.125995 0.991836 0.0196752 -0.0240941 -0.0167677 0.999569 0.713083 -0.461223 -0.862186
FixedParameters: 0 0 0

#Transform 117
Transform: AffineTransform_float_3_3
Parameters: 0.991722 -0.12659 0.021503 0.126175 0.991812 0.0197157 -0.0238227 -0.0168393 0.999574 0.729862 -0.469876 -0.851334
FixedParameters: 0 0 0

#Transform 118
Transform: AffineTransform_float_3_3
Parameters: 0.991734 -0.126526 0.0213332 0.126104 0.991813 0.0200871 -0.0236994 -0.017231 0.999571 0.704731 -0.450489 -0.852329
FixedParameters: 0 0 0

#Transform 119
Transform: AffineTransform_float_3_3
Parameters: 0.991735 -0.126728 0.0200781 0.12631 0.991771 0.0208755 -0.0225588 -0.0181665 0.999581 0.71181 -0.394139 -0.858503
FixedParameters: 0 0 0
