#Insight Transform File V1.0
#Transform 0
Transform: AffineTransform_float_3_3
Parameters: 0.999999 0.000183935 0.000723376 -0.000183475 0.999999 -0.00098562 -0.000723477 0.000985795 0.999999 -0.0139302 0.0038704 -0.0597755
FixedParameters: 0 0 0

#Transform 1
Transform: AffineTransform_float_3_3
Parameters: 1 0.000169857 0.000362913 -0.000170024 0.999999 -0.000821186 -0.000362002 0.000821075 0.999999 0.00720019 -0.00421056 -0.0853545
FixedParameters: 0 0 0

#Transform 2
Transform: AffineTransform_float_3_3
Parameters: 1 0.000355636 -7.86929e-05 -0.000355837 0.999999 -0.00134666 7.77814e-05 0.00134672 0.999999 0.01984 0.0130679 -0.0553416
FixedParameters: 0 0 0

#Transform 3
Transform: AffineTransform_float_3_3
Parameters: 1 7.1478e-05 0.000261749 -7.11833e-05 1 -0.000562858 -0.000261829 0.000562821 1 -0.00103521 -0.0137593 -0.077251
FixedParameters: 0 0 0

#Transform 4
Transform: AffineTransform_float_3_3
Parameters: 1 6.27716e-05 0.000216563 -6.25057e-05 1 -0.000613838 -0.00021664 0.000613811 1 0.020811 0.00444814 -0.0697294
FixedParameters: 0 0 0

#Transform 5
Transform: AffineTransform_float_3_3
Parameters: 1 -1.41791e-06 -0.000110291 1.21085e-06 0.999999 -0.000938732 0.000110293 0.000938732 0.999999 0.0233694 0.00218514 -0.0637535
FixedParameters: 0 0 0

#Transform 6
Transform: AffineTransform_float_3_3
Parameters: 1 4.97229e-07 -0.000129131 -7.9402e-07 1 -0.00118866 0.000129176 0.00118866 1 0.0352614 0.018981 -0.0167631
FixedParameters: 0 0 0

#Transform 7
Transform: AffineTransform_float_3_3
Parameters: 1 -2.81663e-05 -0.000231371 2.77319e-05 0.999999 -0.000938738 0.000231424 0.000938725 0.999999 0.0292186 0.00988112 -0.0285747
FixedParameters: 0 0 0

#Transform 8
Transform: AffineTransform_float_3_3
Parameters: 1 2.05848e-05 -1.06921e-05 -2.06049e-05 0.999999 -0.000938732 1.06535e-05 0.000938732 0.999999 0.0230098 0.00378909 -0.00522137
FixedParameters: 0 0 0

#Transform 9
Transform: AffineTransform_float_3_3
Parameters: 1 9.15544e-05 0.000310562 -9.09712e-05 0.999999 -0.00093876 -0.000310733 0.000938703 0.999999 0.0285342 0.0187421 0.0116811
FixedParameters: 0 0 0

#Transform 10
Transform: AffineTransform_float_3_3
Parameters: 1 -2.19107e-05 -0.000203054 2.15294e-05 0.999999 -0.000938736 0.000203095 0.000938727 0.999999 0.0355599 -0.00675528 0.0128351
FixedParameters: 0 0 0

#Transform 11
Transform: AffineTransform_float_3_3
Parameters: 1 0.000147035 0.000551283 -0.000146865 1 -0.00103077 -0.000551325 0.00103063 1 0.0139344 0.0380627 0.0147763
FixedParameters: 0 0 0

#Transform 12
Transform: AffineTransform_float_3_3
Parameters: 1 0.000148514 0.000550955 -0.000148276 1 -0.00109275 -0.000551018 0.00109261 0.999999 0.0141799 0.0491547 0.0226631
FixedParameters: 0 0 0

#Transform 13
Transform: AffineTransform_float_3_3
Parameters: 1 0.000103931 0.000379518 -0.000103306 0.999999 -0.000823804 -0.000379689 0.000823725 0.999999 0.0172272 0.0265937 0.0304086
FixedParameters: 0 0 0

#Transform 14
Transform: AffineTransform_float_3_3
Parameters: 1 0.000123863 0.000431457 -0.000123825 1 -0.0011637 -0.000431483 0.00116361 0.999999 -0.000673928 0.0414099 0.0234682
FixedParameters: 0 0 0

#Transform 15
Transform: AffineTransform_float_3_3
Parameters: 1 5.20672e-05 0.000109362 -5.18074e-05 1 -0.00114068 -0.000109433 0.00114067 1 0.00491829 0.0250189 0.0287178
FixedParameters: 0 0 0

#Transform 16
Transform: AffineTransform_float_3_3
Parameters: 1 0.000580918 -0.00021425 -0.000581269 1 -0.000766619 0.000213365 0.00076554 1 0.0315718 0.0208415 0.00585491
FixedParameters: 0 0 0

#Transform 17
Transform: AffineTransform_float_3_3
Parameters: 1 -1.60907e-06 1.87849e-05 1.61441e-06 1 -0.000142174 -1.87844e-05 0.000142174 1 0.00547147 0.0178167 0.0732335
FixedParameters: 0 0 0

#Transform 18
Transform: AffineTransform_float_3_3
Parameters: 1 -0.000313869 -0.00036936 0.000314377 0.999999 0.000688651 0.000368927 -0.000688883 0.999999 0.014355 0.00533798 0.0999095
FixedParameters: 0 0 0

#Transform 19
Transform: AffineTransform_float_3_3
Parameters: 1 -5.9308e-05 -0.000681118 5.99096e-05 1 0.000458238 0.000681069 -0.000459226 1 0.017056 0.00620519 0.0422882
FixedParameters: 0 0 0

#Transform 20
Transform: AffineTransform_float_3_3
Parameters: 1 -0.000176617 -0.000382952 0.0001762 1 -0.000545371 0.000383145 0.000545235 1 0.00568133 0.013582 0.0265533
FixedParameters: 0 0 0

#Transform 21
Transform: AffineTransform_float_3_3
Parameters: 1 -2.6076e-05 0.000256667 2.65535e-05 0.999999 -0.000930186 -0.000256618 0.000930199 0.999999 -0.00148675 0.0266245 0.0322452
FixedParameters: 0 0 0

#Transform 22
Transform: AffineTransform_float_3_3
Parameters: 1 -7.75162e-05 0.000145018 7.747e-05 1 0.000159507 -0.000145043 -0.000159485 1 -0.00402237 -0.015435 0.0367352
FixedParameters: 0 0 0

#Transform 23
Transform: AffineTransform_float_3_3
Parameters: 1 -2.68247e-05 0.00036835 2.67551e-05 1 9.45244e-05 -0.000368355 -9.45047e-05 1 -0.0046171 -0.0136786 0.0397376
FixedParameters: 0 0 0

#Transform 24
Transform: AffineTransform_float_3_3
Parameters: 1 -1.10032e-05 0.00038028 1.13358e-05 1 -0.00043733 -0.00038027 0.000437338 1 0.00191598 0.00760681 0.0311604
FixedParameters: 0 0 0

#Transform 25
Transform: AffineTransform_float_3_3
Parameters: 1 -0.000236244 0.000117674 0.000236198 0.999999 -0.00071328 -0.000118313 0.000713346 1 -0.00144716 0.0143204 0.0311878
FixedParameters: 0 0 0

#Transform 26
Transform: AffineTransform_float_3_3
Parameters: 1 -3.24335e-05 0.000298973 3.26101e-05 1 -0.000295365 -0.000298954 0.000295384 1 0.00202064 -0.00413041 0.03152
FixedParameters: 0 0 0

#Transform 27
Transform: AffineTransform_float_3_3
Parameters: 1 -3.84558e-05 0.000271629 3.86163e-05 1 -0.000295364 -0.000271606 0.000295385 1 -0.00418773 -0.00531453 0.0176
FixedParameters: 0 0 0

#Transform 28
Transform: AffineTransform_float_3_3
Parameters: 0.999999 7.89889e-05 0.000813032 -7.8624e-05 1 -0.000224459 -0.000813067 0.00022433 0.999999 -0.0032926 0.000399805 0.014738
FixedParameters: 0 0 0

#Transform 29
Transform: AffineTransform_float_3_3
Parameters: 0.999999 0.000167908 0.000936841 -0.000168061 1 -0.000433947 -0.000936725 0.000434074 1 -0.0128102 -0.000939439 -0.00233448
FixedParameters: 0 0 0

#Transform 30
Transform: AffineTransform_float_3_3
Parameters: 0.999999 0.0001179 0.000947876 -0.000116776 1 -0.000587193 -0.000947967 0.00058739 1 -0.0198667 0.0122422 -0.0150435
FixedParameters: 0 0 0

#Transform 31
Transform: AffineTransform_float_3_3
Parameters: 0.999999 -0.000105949 0.000827178 0.000105617 1 -0.000403675 -0.000826873 0.000402964 0.999999 -0.0295625 0.00843651 -0.0120901
FixedParameters: 0 0 0

#Transform 32
Transform: AffineTransform_float_3_3
Parameters: 0.999999 0.000109921 0.000949603 -0.00010942 1 -0.000258279 -0.000949613 0.00025849 1 -0.0347943 0.00636752 0.0274079
FixedParameters: 0 0 0

#Transform 33
Transform: AffineTransform_float_3_3
Parameters: 0.999999 9.87581e-05 0.000951985 -9.91417e-05 1 0.00020139 -0.000951945 -0.000201578 0.999999 -0.0193376 -0.00593564 0.00779583
FixedParameters: 0 0 0

#Transform 34
Transform: AffineTransform_float_3_3
Parameters: 0.999999 4.17507e-05 0.00129022 -4.19357e-05 1 -0.000306559 -0.00129003 0.000306892 0.999999 -0.0141206 -0.0045429 -0.00683916
FixedParameters: 0 0 0

#Transform 35
Transform: AffineTransform_float_3_3
Parameters: 1 -0.000300915 0.00104029 0.000302194 0.999999 -0.000717037 -0.00104083 0.000718094 0.999999 -0.0191557 0.014488 0.0243831
FixedParameters: 0 0 0

#Transform 36
Transform: AffineTransform_float_3_3
Parameters: 1 -0.000293599 0.00115197 0.000293688 1 -3.82108e-05 -0.00115195 3.93069e-05 1 -0.0136947 -0.0102502 0.0120087
FixedParameters: 0 0 0

#Transform 37
Transform: AffineTransform_float_3_3
Parameters: 1 -0.000320665 0.00104418 0.000321436 1 9.35165e-05 -0.0010445 -9.28674e-05 0.999999 -0.0311603 -0.00362705 -0.0275627
FixedParameters: 0 0 0

#Transform 38
Transform: AffineTransform_float_3_3
Parameters: 1 -0.000317792 0.00104361 0.000317833 1 -2.44311e-05 -0.00104364 2.50947e-05 0.999999 -0.0131847 -0.00502029 -0.045109
FixedParameters: 0 0 0

#Transform 39
Transform: AffineTransform_float_3_3
Parameters: 1 -0.000314967 0.00104305 0.000315228 1 -0.000141355 -0.001043 0.000141105 0.999999 -0.0131607 0.014564 -0.0479907
FixedParameters: 0 0 0

#Transform 40
Transform: AffineTransform_float_3_3
Parameters: 1 -0.000307902 0.00104168 0.000308562 1 -0.000431065 -0.00104238 0.000431229 1 -0.0131386 0.0153672 -0.0474087
FixedParameters: 0 0 0

#Transform 41
Transform: AffineTransform_float_3_3
Parameters: 1 -0.000306144 0.00111776 0.000306767 1 0.000158715 -0.00111808 -0.000157632 1 -0.0225516 -0.0107181 -0.0453518
FixedParameters: 0 0 0

#Transform 42
Transform: AffineTransform_float_3_3
Parameters: 1 -0.000304031 0.00104091 0.000305022 0.999999 -0.000590024 -0.00104152 0.00059018 1 -0.0180654 0.0348736 -0.0246541
FixedParameters: 0 0 0

#Transform 43
Transform: AffineTransform_float_3_3
Parameters: 1 -0.000320494 0.00104414 0.000321258 1 8.55647e-05 -0.00104445 -8.58234e-05 0.999999 -0.0436661 0.00853328 -0.0263059
FixedParameters: 0 0 0

#Transform 44
Transform: AffineTransform_float_3_3
Parameters: 1 -0.000322637 0.00104456 0.00032324 1 0.000174495 -0.00104494 -0.000173842 0.999999 -0.0290216 -0.00161841 -0.0255364
FixedParameters: 0 0 0

#Transform 45
Transform: AffineTransform_float_3_3
Parameters: 1 -0.000292657 0.00113956 0.000293073 1 -0.000182174 -0.00113945 0.000183261 1 -0.0342326 0.0173439 -0.0671391
FixedParameters: 0 0 0

#Transform 46
Transform: AffineTransform_float_3_3
Parameters: 1 -1.11035e-05 0.00107554 1.15527e-05 1 -0.000208614 -0.00107554 0.000209058 1 -0.0286495 0.00912687 -0.0627678
FixedParameters: 0 0 0

#Transform 47
Transform: AffineTransform_float_3_3
Parameters: 0.999999 -6.98785e-05 0.000988987 6.99181e-05 1 0.000466749 -0.000989215 -0.00046712 1 -0.0284096 0.0235637 -0.0220481
FixedParameters: 0 0 0

#Transform 48
Transform: AffineTransform_float_3_3
Parameters: 0.999999 -1.68686e-05 0.000977375 1.61425e-05 1 0.000376939 -0.000977341 -0.000376487 1 -0.0280366 0.0151843 -0.0315658
FixedParameters: 0 0 0

#Transform 49
Transform: AffineTransform_float_3_3
Parameters: 0.999999 -1.2756e-05 0.000976504 1.25084e-05 1 0.000126749 -0.000976507 -0.000126724 0.999999 -0.0280396 0.016238 -0.0312217
FixedParameters: 0 0 0

#Transform 50
Transform: AffineTransform_float_3_3
Parameters: 1 0.000344438 0.00115393 -0.00034393 1 -0.000220144 -0.00115408 0.000219769 1 -0.028643 0.0265913 -0.0293299
FixedParameters: 0 0 0

#Transform 51
Transform: AffineTransform_float_3_3
Parameters: 0.999999 0.000232894 0.000677799 -0.000232958 1 4.68098e-05 -0.000677777 -4.71256e-05 1 -0.0368462 0.0270117 -0.0352988
FixedParameters: 0 0 0

#Transform 52
Transform: AffineTransform_float_3_3
Parameters: 0.999999 0.000263699 0.000827687 -0.000262942 1 0.000131703 -0.000827833 -0.000132161 0.999999 -0.0412391 0.00585249 -0.0446519
FixedParameters: 0 0 0

#Transform 53
Transform: AffineTransform_float_3_3
Parameters: 1 0.000109325 0.000656835 -0.000109823 1 0.000379223 -0.000656752 -0.000379367 0.999999 -0.0385208 -0.00595883 -0.0323453
FixedParameters: 0 0 0

#Transform 54
Transform: AffineTransform_float_3_3
Parameters: 1 3.74902e-05 0.0007033 -3.82588e-05 1 0.000546407 -0.000703259 -0.00054646 0.999999 -0.0396042 0.0302419 0.000840179
FixedParameters: 0 0 0

#Transform 55
Transform: AffineTransform_float_3_3
Parameters: 1 0.000153779 0.00041985 -0.000153802 0.999999 0.000946839 -0.000420703 -0.000946561 1 -0.036561 0.00278764 -0.0212585
FixedParameters: 0 0 0

#Transform 56
Transform: AffineTransform_float_3_3
Parameters: 1 0.000165274 0.000448004 -0.000164954 0.999999 0.000732675 -0.000447977 -0.000732845 0.999999 -0.0303242 0.0013635 -0.0325941
FixedParameters: 0 0 0

#Transform 57
Transform: AffineTransform_float_3_3
Parameters: 1 0.000149319 0.000382915 -0.000148956 0.999999 0.000800673 -0.000382891 -0.000800809 0.999999 -0.035483 -0.0065847 -0.0176824
FixedParameters: 0 0 0

#Transform 58
Transform: AffineTransform_float_3_3
Parameters: 0.999999 -7.17625e-05 0.000797907 7.18474e-05 0.999999 0.000543484 -0.000798194 -0.000544298 0.999999 -0.0242876 0.0214166 0.000161265
FixedParameters: 0 0 0

#Transform 59
Transform: AffineTransform_float_3_3
Parameters: 1 0.000148017 0.00035862 -0.000147499 1 0.000638723 -0.000358646 -0.000638851 0.999999 -0.0246379 0.0224785 0.00207854
FixedParameters: 0 0 0

#Transform 60
Transform: AffineTransform_float_3_3
Parameters: 1 0.00017379 0.000366188 -0.000173547 1 -0.000331988 -0.000366303 0.000331861 1 -0.0214025 0.0257142 0.05057
FixedParameters: 0 0 0

#Transform 61
Transform: AffineTransform_float_3_3
Parameters: 1 0.000215061 0.000613131 -0.000214319 1 0.000190773 -0.000613264 -0.000191058 1 -0.0175272 0.0289321 0.0450395
FixedParameters: 0 0 0

#Transform 62
Transform: AffineTransform_float_3_3
Parameters: 1 7.85598e-06 0.000562388 -8.38985e-06 1 0.000453478 -0.000562375 -0.000454394 1 -0.0344716 0.0178313 0.0374582
FixedParameters: 0 0 0

#Transform 63
Transform: AffineTransform_float_3_3
Parameters: 1 0.000146819 0.000367081 -0.000146401 0.999999 0.000761687 -0.000367072 -0.000761817 0.999999 -0.02146 0.0121376 0.03019
FixedParameters: 0 0 0

#Transform 64
Transform: AffineTransform_float_3_3
Parameters: 1 -0.00010842 0.000420908 0.000108426 1 0.00116468 -0.000421329 -0.00116461 0.999999 -0.0380353 -0.00472379 -0.00774635
FixedParameters: 0 0 0

#Transform 65
Transform: AffineTransform_float_3_3
Parameters: 1 -0.000419689 0.000508506 0.000418868 1 0.00102912 -0.000508347 -0.00102871 1 -0.021027 -0.00566182 0.0147982
FixedParameters: 0 0 0

#Transform 66
Transform: AffineTransform_float_3_3
Parameters: 0.999999 -0.00034715 0.000739756 0.000346921 1 0.000155421 -0.000739863 -0.000154908 0.999999 -0.0254264 0.015405 -0.00270284
FixedParameters: 0 0 0

#Transform 67
Transform: AffineTransform_float_3_3
Parameters: 1 -0.000266586 0.000312454 0.000266609 1 0.000306353 -0.000311642 -0.000306197 1 -0.0158201 0.00521864 0.0342464
FixedParameters: 0 0 0

#Transform 68
Transform: AffineTransform_float_3_3
Parameters: 1 -0.000392299 0.000550972 0.000392181 1 0.000302334 -0.000550234 -0.000301912 1 -0.0206821 0.00525501 0.0603304
FixedParameters: 0 0 0

#Transform 69
Transform: AffineTransform_float_3_3
Parameters: 1 3.03165e-05 0.000575873 -3.1299e-05 0.999999 0.000862204 -0.000575773 -0.00086182 1 -0.0185136 -0.0161693 0.0343386
FixedParameters: 0 0 0

#Transform 70
Transform: AffineTransform_float_3_3
Parameters: 1 -0.000111062 0.000541365 0.000110454 1 0.000561863 -0.00054149 -0.000561743 0.999999 -0.0189377 -0.0114099 0.0363756
FixedParameters: 0 0 0

#Transform 71
Transform: AffineTransform_float_3_3
Parameters: 1 -0.000423537 0.000471539 0.000422728 0.999999 0.000858163 -0.000472265 -0.000857764 0.999999 -0.0304788 0.00338164 0.0290157
FixedParameters: 0 0 0

#Transform 72
Transform: AffineTransform_float_3_3
Parameters: 0.999999 -0.00032239 0.000918334 0.000321278 0.999999 0.000728501 -0.00091778 -0.000727501 1 -0.047967 0.00312688 0.0826667
FixedParameters: 0 0 0

#Transform 73
Transform: AffineTransform_float_3_3
Parameters: 0.999999 -0.000320722 0.000969976 0.000319534 0.999999 0.00110823 -0.000970849 -0.00110854 0.999999 -0.0473478 0.0131353 0.0348528
FixedParameters: 0 0 0

#Transform 74
Transform: AffineTransform_float_3_3
Parameters: 0.999999 -4.80729e-05 0.000936049 4.79301e-05 1 0.000603499 -0.000936275 -0.000603011 1 -0.035091 -0.0188938 0.0644621
FixedParameters: 0 0 0

#Transform 75
Transform: AffineTransform_float_3_3
Parameters: 0.999999 -0.000340371 0.000883156 0.000338569 0.999999 0.00113423 -0.000882899 -0.00113454 0.999999 -0.042561 -0.0115171 0.0612664
FixedParameters: 0 0 0

#Transform 76
Transform: AffineTransform_float_3_3
Parameters: 0.999999 -6.51854e-05 0.00103989 6.32483e-05 0.999999 0.00140563 -0.00104024 -0.00140552 0.999998 -0.0317205 0.00389001 0.0750008
FixedParameters: 0 0 0

#Transform 77
Transform: AffineTransform_float_3_3
Parameters: 0.999999 -0.0010225 0.00108497 0.00101907 0.999994 0.00333269 -0.00108828 -0.00333149 0.999994 -0.0160689 -0.0700867 0.138315
FixedParameters: 0 0 0

#Transform 78
Transform: AffineTransform_float_3_3
Parameters: 0.999999 -0.00102081 0.0010198 0.00101878 0.999996 0.00274661 -0.00102298 -0.00274595 0.999996 -0.021361 -0.0464283 0.0844735
FixedParameters: 0 0 0

#Transform 79
Transform: AffineTransform_float_3_3
Parameters: 0.999998 -0.00102362 0.0013959 0.00101956 0.999996 0.0028063 -0.00139818 -0.00280536 0.999996 -0.0449536 -0.0471216 0.0518775
FixedParameters: 0 0 0

#Transform 80
Transform: AffineTransform_float_3_3
Parameters: 0.999999 -0.000959825 0.00122671 0.000956927 0.999996 0.0026383 -0.00122933 -0.00263695 0.999996 -0.0475291 -0.0529545 0.104716
FixedParameters: 0 0 0

#Transform 81
Transform: AffineTransform_float_3_3
Parameters: 0.999999 -0.00109989 0.00104102 0.00109671 0.999996 0.00277779 -0.00104448 -0.00277691 0.999995 -0.0456712 -0.0508492 0.120307
FixedParameters: 0 0 0

#Transform 82
Transform: AffineTransform_float_3_3
Parameters: 0.999999 -0.00097667 0.000879144 0.00097429 0.999996 0.00283022 -0.000882023 -0.0028299 0.999995 -0.0382379 -0.0451284 0.105727
FixedParameters: 0 0 0

#Transform 83
Transform: AffineTransform_float_3_3
Parameters: 0.999999 -0.000906825 0.00121497 0.000903525 0.999996 0.00282836 -0.00121766 -0.00282759 0.999995 -0.0447576 -0.0547996 0.0924512
FixedParameters: 0 0 0

#Transform 84
Transform: AffineTransform_float_3_3
Parameters: 0.999998 -0.00105315 0.00124689 0.00104902 0.999995 0.00269719 -0.00124992 -0.00269555 0.999995 -0.0504175 -0.05256 0.0966481
FixedParameters: 0 0 0

#Transform 85
Transform: AffineTransform_float_3_3
Parameters: 0.999998 -0.00105848 0.00124779 0.00105477 0.999995 0.00291316 -0.00125147 -0.00291243 0.999995 -0.0554042 -0.0611874 0.0930825
FixedParameters: 0 0 0

#Transform 86
Transform: AffineTransform_float_3_3
Parameters: 0.999999 -0.00107913 0.00116717 0.00107584 0.999994 0.00303901 -0.00117027 -0.00303751 0.999995 -0.0461456 -0.0571765 0.0899197
FixedParameters: 0 0 0

#Transform 87
Transform: AffineTransform_float_3_3
Parameters: 0.999999 -0.000834988 0.00119913 0.000831165 0.999995 0.00308831 -0.0012018 -0.00308731 0.999994 -0.0421383 -0.0565885 0.0897286
FixedParameters: 0 0 0

#Transform 88
Transform: AffineTransform_float_3_3
Parameters: 0.999999 -0.000788716 0.00118924 0.000785272 0.999995 0.00295533 -0.00119142 -0.00295446 0.999995 -0.0536121 -0.053836 0.118339
FixedParameters: 0 0 0

#Transform 89
Transform: AffineTransform_float_3_3
Parameters: 1 -0.000805999 0.00073922 0.000803485 0.999993 0.00346904 -0.000742068 -0.00346883 0.999994 -0.0471224 -0.0452323 0.126281
FixedParameters: 0 0 0

#Transform 90
Transform: AffineTransform_float_3_3
Parameters: 1 -0.000737746 0.000937767 0.000734895 0.999996 0.00291156 -0.000939366 -0.00291116 0.999996 -0.0499337 -0.0496212 0.121724
FixedParameters: 0 0 0

#Transform 91
Transform: AffineTransform_float_3_3
Parameters: 1 -0.000700248 0.00100935 0.000697772 0.999995 0.00301505 -0.0010111 -0.00301373 0.999995 -0.0608946 -0.0650566 0.149019
FixedParameters: 0 0 0

#Transform 92
Transform: AffineTransform_float_3_3
Parameters: 1 -0.000731662 0.000897469 0.000728666 0.999995 0.00301486 -0.000900163 -0.00301361 0.999995 -0.0471279 -0.0578362 0.134277
FixedParameters: 0 0 0

#Transform 93
Transform: AffineTransform_float_3_3
Parameters: 0.999999 -0.000691398 0.000834264 0.000688435 0.999994 0.00335118 -0.000836106 -0.00335101 0.999994 -0.0541985 -0.0696037 0.125297
FixedParameters: 0 0 0

#Transform 94
Transform: AffineTransform_float_3_3
Parameters: 0.999999 -0.00081017 0.00119345 0.000806641 0.999994 0.00339195 -0.00119663 -0.00339105 0.999993 -0.044353 -0.074495 0.0998722
FixedParameters: 0 0 0

#Transform 95
Transform: AffineTransform_float_3_3
Parameters: 0.999999 -0.0008344 0.000956496 0.000832071 0.999995 0.00309035 -0.000959172 -0.00308975 0.999995 -0.0396408 -0.0544084 0.113426
FixedParameters: 0 0 0

#Transform 96
Transform: AffineTransform_float_3_3
Parameters: 0.999999 -0.000466028 0.000844319 0.000464079 0.999997 0.00245389 -0.000845916 -0.00245316 0.999996 -0.0433928 -0.0390095 0.114241
FixedParameters: 0 0 0

#Transform 97
Transform: AffineTransform_float_3_3
Parameters: 0.999999 -0.000566951 0.00114155 0.00056474 0.999997 0.00244151 -0.00114286 -0.00244079 0.999997 -0.0552401 -0.0423374 0.116998
FixedParameters: 0 0 0

#Transform 98
Transform: AffineTransform_float_3_3
Parameters: 0.999999 -0.000742093 0.00117908 0.000738369 0.999995 0.00300743 -0.00118203 -0.00300668 0.999995 -0.0533138 -0.0507133 0.111979
FixedParameters: 0 0 0

#Transform 99
Transform: AffineTransform_float_3_3
Parameters: 0.999999 -0.000760437 0.0011834 0.000756575 0.999996 0.00263891 -0.00118574 -0.00263809 0.999996 -0.0616708 -0.0352078 0.113132
FixedParameters: 0 0 0

#Transform 100
Transform: AffineTransform_float_3_3
Parameters: 0.999999 -0.000671961 0.00116448 0.000668984 0.999997 0.00229885 -0.00116594 -0.00229826 0.999997 -0.064804 -0.0226966 0.150565
FixedParameters: 0 0 0

#Transform 101
Transform: AffineTransform_float_3_3
Parameters: 1 -0.000661881 0.000886316 0.000658681 0.999994 0.00315456 -0.000888768 -0.00315436 0.999994 -0.0621401 -0.062463 0.12803
FixedParameters: 0 0 0

#Transform 102
Transform: AffineTransform_float_3_3
Parameters: 0.999999 -0.000871077 0.00127287 0.000867824 0.999996 0.00268208 -0.00127511 -0.00268086 0.999995 -0.0668119 -0.0543685 0.161214
FixedParameters: 0 0 0

#Transform 103
Transform: AffineTransform_float_3_3
Parameters: 0.999998 -0.0010273 0.00173315 0.00102135 0.999993 0.00371807 -0.00173689 -0.00371651 0.999992 -0.0737804 -0.0185299 0.223798
FixedParameters: 0 0 0

#Transform 104
Transform: AffineTransform_float_3_3
Parameters: 0.999998 -0.00117414 0.00199224 0.00116541 0.99999 0.00423425 -0.00199741 -0.00423119 0.999989 -0.0991024 -0.0718262 0.139511
FixedParameters: 0 0 0

#Transform 105
Transform: AffineTransform_float_3_3
Parameters: 0.999997 -0.00125097 0.002152 0.00124357 0.999993 0.00360063 -0.00215638 -0.0035982 0.999991 -0.103189 -0.0765775 0.129481
FixedParameters: 0 0 0

#Transform 106
Transform: AffineTransform_float_3_3
Parameters: 0.999997 -0.00124589 0.00177992 0.00123874 0.999991 0.00401231 -0.00178498 -0.00401079 0.99999 -0.0951532 -0.068598 0.161277
FixedParameters: 0 0 0

#Transform 107
Transform: AffineTransform_float_3_3
Parameters: 0.999997 -0.00126404 0.00185804 0.00125754 0.999992 0.00366651 -0.00186243 -0.00366474 0.999992 -0.0970445 -0.0592811 0.154122
FixedParameters: 0 0 0

#Transform 108
Transform: AffineTransform_float_3_3
Parameters: 0.999998 -0.00113213 0.00175567 0.00112592 0.999992 0.00380474 -0.0017594 -0.00380278 0.999991 -0.0949387 -0.0686092 0.118466
FixedParameters: 0 0 0

#Transform 109
Transform: AffineTransform_float_3_3
Parameters: 0.999997 -0.0010469 0.00232974 0.00103842 0.999992 0.00372147 -0.00233404 -0.00371914 0.99999 -0.110034 -0.0647924 0.130516
FixedParameters: 0 0 0

#Transform 110
Transform: AffineTransform_float_3_3
Parameters: 0.999997 -0.000985983 0.00200286 0.000979036 0.999994 0.003467 -0.00200579 -0.00346464 0.999992 -0.103402 -0.0510451 0.112666
FixedParameters: 0 0 0

#Transform 111
Transform: AffineTransform_float_3_3
Parameters: 0.999997 -0.0011867 0.00190878 0.00117968 0.999992 0.00371194 -0.00191271 -0.00370943 0.999991 -0.1145 -0.0583264 0.117743
FixedParameters: 0 0 0

#Transform 112
Transform: AffineTransform_float_3_3
Parameters: 0.999998 -0.000836528 0.00173583 0.000830267 0.999992 0.00380221 -0.00173828 -0.00380131 0.999991 -0.10881 -0.0431877 0.110393
FixedParameters: 0 0 0

#Transform 113
Transform: AffineTransform_float_3_3
Parameters: 0.999997 -0.000923089 0.00230267 0.000913707 0.999992 0.00396427 -0.00230645 -0.00396256 0.999989 -0.107447 -0.0555553 0.132933
FixedParameters: 0 0 0

#Transform 114
Transform: AffineTransform_float_3_3
Parameters: 0.999997 -0.000662743 0.00214429 0.000654739 0.999992 0.00389458 -0.00214686 -0.00389294 0.999991 -0.0983523 -0.0448985 0.12789
FixedParameters: 0 0 0

#Transform 115
Transform: AffineTransform_float_3_3
Parameters: 0.999999 -0.00080327 0.0013017 0.000798206 0.999991 0.0041579 -0.00130514 -0.00415778 0.99999 -0.122011 -0.0660427 0.0962503
FixedParameters: 0 0 0

#Transform 116
Transform: AffineTransform_float_3_3
Parameters: 0.999999 -0.000697626 0.00114865 0.00069193 0.999989 0.004582 -0.00115151 -0.00458144 0.999989 -0.127265 -0.0684136 0.0911505
FixedParameters: 0 0 0

#Transform 117
Transform: AffineTransform_float_3_3
Parameters: 0.999999 -0.000620222 0.00118023 0.000615463 0.99999 0.0043805 -0.00118336 -0.00438008 0.99999 -0.127233 -0.0797445 0.0964227
FixedParameters: 0 0 0

#Transform 118
Transform: AffineTransform_float_3_3
Parameters: 0.999999 -0.000637629 0.00146325 0.000630659 0.99999 0.00436386 -0.00146553 -0.00436306 0.999989 -0.128618 -0.0737135 0.124426
FixedParameters: 0 0 0

#Transform 119
Transform: AffineTransform_float_3_3
Parameters: 0.999999 -0.00064809 0.00127802 0.000641808 0.999989 0.00473356 -0.00128077 -0.00473297 0.999988 -0.124381 -0.0859559 0.115114
FixedParameters: 0 0 0
