# transform file /out/sourcedata/freesurfer/sub-v1s18x0051212_ses-1/mri/transforms/cc_up.lta
# created by oesteban on Mon Mar  9 05:40:28 2026

type      = 0 # LINEAR_VOX_TO_VOX
nxforms   = 1
mean      = 129.0000 124.0000 124.0000
sigma     = 10000.0000
1 4 4
9.844721555709839e-01 -1.440144181251526e-01 1.003714725375175e-01 5.838913440704346e+00 
1.432716995477676e-01 9.895756244659424e-01 1.460720971226692e-02 2.094548702239990e+00 
-1.014288067817688e-01 0.000000000000000e+00 9.948427677154541e-01 3.863977432250977e+01 
0.000000000000000e+00 0.000000000000000e+00 0.000000000000000e+00 1.000000000000000e+00 
src volume info
valid = 1  # volume info valid
filename = /out/sourcedata/freesurfer/sub-v1s18x0051212_ses-1/mri/norm.mgz
volume = 256 256 256
voxelsize = 1.000000000000000e+00 1.000000000000000e+00 1.000000000000000e+00
xras   = -1.000000000000000e+00 0.000000000000000e+00 -7.450580596923828e-09
yras   = 0.000000000000000e+00 0.000000000000000e+00 -1.000000000000000e+00
zras   = 0.000000000000000e+00 1.000000000000000e+00 0.000000000000000e+00
cras   = 4.943260192871094e+00 6.442634582519531e+00 4.560104370117188e+00
dst volume info
valid = 1  # volume info valid
filename = /out/sourcedata/freesurfer/sub-v1s18x0051212_ses-1/mri/norm.mgz
volume = 256 256 256
voxelsize = 1.000000000000000e+00 1.000000000000000e+00 1.000000000000000e+00
xras   = -1.000000000000000e+00 0.000000000000000e+00 -7.450580596923828e-09
yras   = 0.000000000000000e+00 0.000000000000000e+00 -1.000000000000000e+00
zras   = 0.000000000000000e+00 1.000000000000000e+00 0.000000000000000e+00
cras   = 4.943260192871094e+00 6.442634582519531e+00 4.560104370117188e+00
