# transform file /out/sourcedata/freesurfer/sub-v1s18x0051251_ses-1/mri/transforms/cc_up.lta
# created by oesteban on Mon Mar  9 06:58:38 2026

type      = 0 # LINEAR_VOX_TO_VOX
nxforms   = 1
mean      = 125.0000 121.0000 127.0000
sigma     = 10000.0000
1 4 4
9.948720335960388e-01 -4.758634790778160e-02 -8.924787491559982e-02 1.649764633178711e+01 
4.739602282643318e-02 9.988670945167542e-01 -4.251797217875719e-03 1.556664371490479e+01 
8.934909850358963e-02 -4.656612873077393e-10 9.960003495216370e-01 -5.965203762054443e+00 
0.000000000000000e+00 0.000000000000000e+00 0.000000000000000e+00 1.000000000000000e+00 
src volume info
valid = 1  # volume info valid
filename = /out/sourcedata/freesurfer/sub-v1s18x0051251_ses-1/mri/norm.mgz
volume = 256 256 256
voxelsize = 1.000000000000000e+00 1.000000000000000e+00 1.000000000000000e+00
xras   = -1.000000000000000e+00 7.450580596923828e-09 0.000000000000000e+00
yras   = 0.000000000000000e+00 0.000000000000000e+00 -1.000000000000000e+00
zras   = 0.000000000000000e+00 1.000000000000000e+00 0.000000000000000e+00
cras   = -1.329475402832031e+00 -5.604080200195312e+00 -1.171186828613281e+01
dst volume info
valid = 1  # volume info valid
filename = /out/sourcedata/freesurfer/sub-v1s18x0051251_ses-1/mri/norm.mgz
volume = 256 256 256
voxelsize = 1.000000000000000e+00 1.000000000000000e+00 1.000000000000000e+00
xras   = -1.000000000000000e+00 7.450580596923828e-09 0.000000000000000e+00
yras   = 0.000000000000000e+00 0.000000000000000e+00 -1.000000000000000e+00
zras   = 0.000000000000000e+00 1.000000000000000e+00 0.000000000000000e+00
cras   = -1.329475402832031e+00 -5.604080200195312e+00 -1.171186828613281e+01
