# transform file transforms/talairach.lta
# created by oesteban on Mon Mar  9 06:03:19 2026

type      = 0 # LINEAR_VOX_TO_VOX
nxforms   = 1
mean      = 125.0000 122.0000 126.0000
sigma     = 10000.0000
1 4 4
1.157008171081543e+00 -7.144415751099586e-03 -1.220320537686348e-01 -6.477142333984375e+00 
-9.109624661505222e-03 1.224444866180420e+00 -1.707998514175415e-01 -6.289724826812744e+00 
9.929978847503662e-02 1.519374102354050e-01 1.088408470153809e+00 -5.974599075317383e+01 
0.000000000000000e+00 0.000000000000000e+00 0.000000000000000e+00 1.000000000000000e+00 
src volume info
valid = 1  # volume info valid
filename = nu.mgz
volume = 256 256 256
voxelsize = 1.000000000000000e+00 1.000000000000000e+00 1.000000000000000e+00
xras   = -1.000000000000000e+00 7.450580596923828e-09 0.000000000000000e+00
yras   = 0.000000000000000e+00 0.000000000000000e+00 -1.000000000000000e+00
zras   = 0.000000000000000e+00 1.000000000000000e+00 0.000000000000000e+00
cras   = -1.329475402832031e+00 -5.604080200195312e+00 -1.171186828613281e+01
dst volume info
valid = 1  # volume info valid
filename = /opt/freesurfer/average/RB_all_2020-01-02.gca
volume = 256 256 256
voxelsize = 1.000000000000000e+00 1.000000000000000e+00 1.000000000000000e+00
xras   = -1.000000000000000e+00 0.000000000000000e+00 0.000000000000000e+00
yras   = 0.000000000000000e+00 0.000000000000000e+00 -1.000000000000000e+00
zras   = 0.000000000000000e+00 1.000000000000000e+00 0.000000000000000e+00
cras   = 0.000000000000000e+00 0.000000000000000e+00 0.000000000000000e+00
