#Insight Transform File V1.0
#Transform 0
Transform: AffineTransform_float_3_3
Parameters: 0.999999 0.00105533 0.00109436 -0.00106102 0.999987 0.00504833 -0.00108899 -0.00504949 0.999987 0.0570192 0.012383 0.0379296
FixedParameters: 0 0 0

#Transform 1
Transform: AffineTransform_float_3_3
Parameters: 0.999994 0.00351624 0.000453448 -0.00351795 0.999987 0.00356358 -0.000441552 -0.00356496 0.999993 -0.0393918 0.0703315 -0.0358725
FixedParameters: 0 0 0

#Transform 2
Transform: AffineTransform_float_3_3
Parameters: 0.999997 0.00250894 0.000819656 -0.00251314 0.999985 0.00480132 -0.000807044 -0.0048033 0.999988 -0.058364 0.0830167 0.076918
FixedParameters: 0 0 0

#Transform 3
Transform: AffineTransform_float_3_3
Parameters: 0.999997 0.00208625 0.00166708 -0.0020984 0.999973 0.00697051 -0.00165264 -0.0069739 0.999975 -0.0112237 0.0692458 0.123217
FixedParameters: 0 0 0

#Transform 4
Transform: AffineTransform_float_3_3
Parameters: 0.999998 0.00152449 0.00086548 -0.00152886 0.999986 0.00498075 -0.000858284 -0.00498247 0.999988 0.00736405 -0.0139526 0.0479954
FixedParameters: 0 0 0

#Transform 5
Transform: AffineTransform_float_3_3
Parameters: 0.999996 -0.000584344 -0.00279361 0.000557546 0.999954 -0.00950429 0.00279912 0.00950253 0.999951 0.0269399 0.0100924 -0.25707
FixedParameters: 0 0 0

#Transform 6
Transform: AffineTransform_float_3_3
Parameters: 0.999999 0.000275813 -0.0010764 -0.000281182 0.999988 -0.00485758 0.00107529 0.00485816 0.999988 -0.00218814 -0.0210073 -0.147299
FixedParameters: 0 0 0

#Transform 7
Transform: AffineTransform_float_3_3
Parameters: 0.999999 0.00035579 -0.000475603 -0.000356816 0.999996 -0.00267225 0.000474468 0.00267139 0.999996 -0.012721 -0.00720954 -0.0763694
FixedParameters: 0 0 0

#Transform 8
Transform: AffineTransform_float_3_3
Parameters: 1 0.000462579 0.000200919 -0.000462672 0.999999 -0.0015911 -0.000201272 0.00159161 0.999998 -0.0172772 0.0194173 -0.0455652
FixedParameters: 0 0 0

#Transform 9
Transform: AffineTransform_float_3_3
Parameters: 1 0.000490862 0.000189295 -0.000490993 0.999999 -0.00131766 -0.000189512 0.00131746 0.999999 -0.019871 0.0125592 -0.0176053
FixedParameters: 0 0 0

#Transform 10
Transform: AffineTransform_float_3_3
Parameters: 0.999999 0.000578761 0.000237676 -0.000579052 0.999999 -0.000754355 -0.000237226 0.000754784 0.999999 -0.0344224 -0.00582262 0.00377627
FixedParameters: 0 0 0

#Transform 11
Transform: AffineTransform_float_3_3
Parameters: 1 0.00018319 8.98745e-05 -0.000183205 1 8.24885e-05 -8.98442e-05 -8.25214e-05 1 -0.0466214 0.000849612 0.0481193
FixedParameters: 0 0 0

#Transform 12
Transform: AffineTransform_float_3_3
Parameters: 1 0.0002602 0.000276619 -0.000260348 1 8.22881e-05 -0.000276534 -8.1728e-05 1 -0.0486104 0.0141014 0.0607983
FixedParameters: 0 0 0

#Transform 13
Transform: AffineTransform_float_3_3
Parameters: 1 0.000382892 0.000225881 -0.00038283 1 -0.000135669 -0.000225985 0.000135496 1 -0.0325868 0.0162054 0.0482044
FixedParameters: 0 0 0

#Transform 14
Transform: AffineTransform_float_3_3
Parameters: 1 0.000304163 0.000258545 -0.000304425 1 0.000507774 -0.000258236 -0.000507931 1 -0.0476722 0.0259042 0.0468366
FixedParameters: 0 0 0

#Transform 15
Transform: AffineTransform_float_3_3
Parameters: 1 0.000215271 0.000295222 -0.000214692 1 0.000574986 -0.000295354 -0.000575034 1 -0.0409005 0.0159419 0.0542768
FixedParameters: 0 0 0

#Transform 16
Transform: AffineTransform_float_3_3
Parameters: 1 -5.00522e-05 0.0004049 5.05025e-05 1 -0.000556077 -0.000404844 0.000556118 1 -0.0442638 -0.0276375 0.0501957
FixedParameters: 0 0 0

#Transform 17
Transform: AffineTransform_float_3_3
Parameters: 0.999999 0.000261875 0.000813477 -0.000263269 0.999999 0.000805672 -0.000813259 -0.000805402 1 -0.0531932 0.00575066 0.0435046
FixedParameters: 0 0 0

#Transform 18
Transform: AffineTransform_float_3_3
Parameters: 1 -3.63174e-05 0.000234683 3.64545e-05 1 -0.000292104 -0.000234662 0.000292121 1 -0.0201204 0.026814 0.00811905
FixedParameters: 0 0 0

#Transform 19
Transform: AffineTransform_float_3_3
Parameters: 1 0.000176881 0.000298057 -0.000177022 1 0.000237891 -0.000297973 -0.000237997 1 -0.00117361 0.0280469 0.0107063
FixedParameters: 0 0 0

#Transform 20
Transform: AffineTransform_float_3_3
Parameters: 1 -2.46734e-05 4.48407e-05 2.4724e-05 1 -0.000564054 -4.48128e-05 0.000564056 1 0.00653114 0.00283162 0.0203955
FixedParameters: 0 0 0

#Transform 21
Transform: AffineTransform_float_3_3
Parameters: 1 0.000178316 0.000426207 -0.000178586 1 0.00031664 -0.000426094 -0.000316792 1 -0.0109449 0.0136905 0.034865
FixedParameters: 0 0 0

#Transform 22
Transform: AffineTransform_float_3_3
Parameters: 1 0.000284631 -6.18095e-06 -0.000284259 1 -8.29753e-05 7.03512e-06 8.3057e-05 1 0.00358388 -0.000177134 0.0493907
FixedParameters: 0 0 0

#Transform 23
Transform: AffineTransform_float_3_3
Parameters: 1 1.34706e-05 1.17454e-05 -1.34674e-05 1 -0.000135726 -1.17491e-05 0.000135726 1 0.00675609 0.0111441 0.0148176
FixedParameters: 0 0 0

#Transform 24
Transform: AffineTransform_float_3_3
Parameters: 1 0.000115731 0.000360076 -0.0001161 1 0.000511499 -0.000359958 -0.000511582 1 0.00624342 0.0146383 0.0165516
FixedParameters: 0 0 0

#Transform 25
Transform: AffineTransform_float_3_3
Parameters: 1 0.000210201 0.00036977 -0.000210399 1 0.000268674 -0.000369657 -0.00026883 1 0.0103718 0.00520864 0.0310841
FixedParameters: 0 0 0

#Transform 26
Transform: AffineTransform_float_3_3
Parameters: 1 7.58867e-05 4.44032e-05 -7.59106e-05 1 0.000268748 -4.43624e-05 -0.000268755 1 0.0180412 3.68833e-05 0.0354603
FixedParameters: 0 0 0

#Transform 27
Transform: AffineTransform_float_3_3
Parameters: 1 0.000162907 0.00037739 -0.000162794 1 -0.000149701 -0.000377439 0.000149578 1 0.0177085 0.0319147 0.0235759
FixedParameters: 0 0 0

#Transform 28
Transform: AffineTransform_float_3_3
Parameters: 0.999999 0.000338824 -0.000788612 -0.000339986 0.999999 -0.000801875 0.000788025 0.000801707 0.999999 -0.0162671 0.0187025 -0.00134237
FixedParameters: 0 0 0

#Transform 29
Transform: AffineTransform_float_3_3
Parameters: 0.999995 0.000717885 -0.00300033 -0.000734518 0.999986 -0.00531785 0.00299657 0.00531978 0.999981 -0.0373654 0.0267045 -0.223348
FixedParameters: 0 0 0

#Transform 30
Transform: AffineTransform_float_3_3
Parameters: 0.999996 0.00063975 -0.00245026 -0.000653753 0.999983 -0.0057156 0.00244664 0.00571694 0.999981 -0.0200698 0.0590305 -0.210419
FixedParameters: 0 0 0

#Transform 31
Transform: AffineTransform_float_3_3
Parameters: 0.999997 0.000642548 -0.00214589 -0.000649764 0.999993 -0.00376136 0.00214353 0.00376307 0.999991 -0.00554629 -0.00395368 -0.134612
FixedParameters: 0 0 0

#Transform 32
Transform: AffineTransform_float_3_3
Parameters: 0.999998 0.000556859 -0.00172919 -0.000562437 0.999994 -0.00344289 0.00172704 0.00344346 0.999992 0.00227528 0.0142133 -0.140385
FixedParameters: 0 0 0

#Transform 33
Transform: AffineTransform_float_3_3
Parameters: 0.999998 0.000263988 -0.00195767 -0.00027 0.999995 -0.00308194 0.00195679 0.00308225 0.999994 0.000626747 0.0203432 -0.125541
FixedParameters: 0 0 0

#Transform 34
Transform: AffineTransform_float_3_3
Parameters: 0.999999 0.000491962 -0.00147691 -0.000495564 0.999996 -0.00285612 0.00147478 0.002856 0.999995 -0.00212775 0.0168857 -0.100181
FixedParameters: 0 0 0

#Transform 35
Transform: AffineTransform_float_3_3
Parameters: 0.999999 0.000385792 -0.00159376 -0.000390435 0.999994 -0.00332483 0.00159199 0.00332533 0.999993 -0.00500952 0.0110467 -0.107301
FixedParameters: 0 0 0

#Transform 36
Transform: AffineTransform_float_3_3
Parameters: 0.999998 0.000373838 -0.00172803 -0.000378971 0.999996 -0.00296612 0.00172719 0.00296662 0.999994 -0.00487977 0.00932797 -0.0695583
FixedParameters: 0 0 0

#Transform 37
Transform: AffineTransform_float_3_3
Parameters: 0.999998 0.000295909 -0.00175847 -0.00030147 0.999995 -0.003036 0.00175805 0.00303624 0.999994 -0.00622928 -0.00534897 -0.0927623
FixedParameters: 0 0 0

#Transform 38
Transform: AffineTransform_float_3_3
Parameters: 0.999999 0.000460499 -0.00147182 -0.000464694 0.999995 -0.00312922 0.00147035 0.00313048 0.999994 -0.0106751 0.0125532 -0.0823944
FixedParameters: 0 0 0

#Transform 39
Transform: AffineTransform_float_3_3
Parameters: 0.999999 0.000342898 -0.00155532 -0.000347371 0.999994 -0.00335204 0.00155381 0.00335237 0.999993 -0.0122514 0.0231526 -0.0773122
FixedParameters: 0 0 0

#Transform 40
Transform: AffineTransform_float_3_3
Parameters: 0.999998 0.000314971 -0.00178086 -0.000320651 0.999995 -0.00326625 0.00177959 0.00326664 0.999993 -0.00750098 0.00533096 -0.0734791
FixedParameters: 0 0 0

#Transform 41
Transform: AffineTransform_float_3_3
Parameters: 0.999999 0.000394632 -0.0015898 -0.000399982 0.999995 -0.00326628 0.00158839 0.00326672 0.999994 -0.0135856 -0.00329237 -0.0720218
FixedParameters: 0 0 0

#Transform 42
Transform: AffineTransform_float_3_3
Parameters: 0.999999 0.000496428 -0.00148196 -0.00050082 0.999995 -0.00280218 0.00148024 0.00280271 0.999995 -0.0369485 -0.00545781 -0.0557155
FixedParameters: 0 0 0

#Transform 43
Transform: AffineTransform_float_3_3
Parameters: 0.999999 0.000241086 -0.0015673 -0.000247168 0.999993 -0.00351906 0.00156656 0.00351971 0.999993 -0.0082869 0.068579 -0.144645
FixedParameters: 0 0 0

#Transform 44
Transform: AffineTransform_float_3_3
Parameters: 0.999998 0.000239449 -0.00181729 -0.000246029 0.999993 -0.00375719 0.00181638 0.00375747 0.999991 -0.00657861 -0.00951181 -0.129596
FixedParameters: 0 0 0

#Transform 45
Transform: AffineTransform_float_3_3
Parameters: 0.999998 0.000370194 -0.00187164 -0.000377526 0.999993 -0.00365394 0.00187037 0.00365396 0.999991 -0.00832846 0.010979 -0.121121
FixedParameters: 0 0 0

#Transform 46
Transform: AffineTransform_float_3_3
Parameters: 0.999999 0.000527037 -0.00126584 -0.000530975 0.999995 -0.00328766 0.00126487 0.00328818 0.999993 -0.0113465 0.0254846 -0.101885
FixedParameters: 0 0 0

#Transform 47
Transform: AffineTransform_float_3_3
Parameters: 0.999998 0.000283275 -0.00183491 -0.000289212 0.999994 -0.00334078 0.0018347 0.00334117 0.999992 -3.00158e-05 -0.00151403 -0.0947542
FixedParameters: 0 0 0

#Transform 48
Transform: AffineTransform_float_3_3
Parameters: 0.999999 0.000442201 -0.00146667 -0.000446466 0.999994 -0.00329703 0.00146583 0.00329759 0.999994 -0.0161963 0.00465592 -0.0766787
FixedParameters: 0 0 0

#Transform 49
Transform: AffineTransform_float_3_3
Parameters: 0.999998 0.000236004 -0.00181588 -0.000242694 0.999993 -0.00378999 0.00181499 0.00379026 0.999991 -0.0167636 0.0182404 -0.0706458
FixedParameters: 0 0 0

#Transform 50
Transform: AffineTransform_float_3_3
Parameters: 0.999998 0.000233395 -0.00181482 -0.000240166 0.999993 -0.00381484 0.00181393 0.0038151 0.999991 -0.0362771 0.0120273 -0.0515339
FixedParameters: 0 0 0

#Transform 51
Transform: AffineTransform_float_3_3
Parameters: 0.999998 0.000502649 -0.0019268 -0.000508954 0.999993 -0.00363938 0.00192531 0.00364013 0.999991 -0.0112591 0.0285848 -0.074112
FixedParameters: 0 0 0

#Transform 52
Transform: AffineTransform_float_3_3
Parameters: 0.999998 0.000290897 -0.00183801 -0.000296589 0.999995 -0.00326822 0.0018378 0.00326864 0.999993 -0.023693 0.0117385 -0.0278156
FixedParameters: 0 0 0

#Transform 53
Transform: AffineTransform_float_3_3
Parameters: 0.999999 0.000494147 -0.00132489 -0.000498186 0.999994 -0.00335485 0.00132259 0.00335604 0.999994 -0.0439323 0.00340206 -0.0200665
FixedParameters: 0 0 0

#Transform 54
Transform: AffineTransform_float_3_3
Parameters: 0.999999 0.000567242 -0.00154325 -0.00057152 0.999995 -0.00301128 0.00154125 0.00301294 0.999994 -0.0204122 0.00462217 -0.0388504
FixedParameters: 0 0 0

#Transform 55
Transform: AffineTransform_float_3_3
Parameters: 0.999999 0.000407569 -0.00151409 -0.000412985 0.999994 -0.00341749 0.00151252 0.00341862 0.999993 -0.0290511 0.0211664 -0.0563926
FixedParameters: 0 0 0

#Transform 56
Transform: AffineTransform_float_3_3
Parameters: 0.999999 0.000494264 -0.00131092 -0.000497962 0.999994 -0.00340152 0.00130947 0.00340278 0.999993 -0.00849327 0.0244434 -0.0649892
FixedParameters: 0 0 0

#Transform 57
Transform: AffineTransform_float_3_3
Parameters: 0.999999 0.000412092 -0.00145453 -0.000417196 0.999994 -0.00358429 0.00145344 0.00358475 0.999993 -0.0216654 0.0114619 -0.054863
FixedParameters: 0 0 0

#Transform 58
Transform: AffineTransform_float_3_3
Parameters: 0.999999 0.000483668 -0.0013066 -0.0004875 0.999994 -0.00350411 0.00130508 0.00350393 0.999993 -0.0113946 -0.00324902 -0.0481249
FixedParameters: 0 0 0

#Transform 59
Transform: AffineTransform_float_3_3
Parameters: 0.999999 0.000431913 -0.00128444 -0.000435629 0.999995 -0.00304883 0.00128336 0.00304905 0.999995 -0.00730309 0.0133286 -0.0317968
FixedParameters: 0 0 0

#Transform 60
Transform: AffineTransform_float_3_3
Parameters: 0.999999 0.000410402 -0.00145274 -0.00041592 0.999993 -0.0036042 0.00145075 0.00360458 0.999993 -0.0214731 0.0166996 -0.0394091
FixedParameters: 0 0 0

#Transform 61
Transform: AffineTransform_float_3_3
Parameters: 0.999999 0.000504029 -0.00131489 -0.000507407 0.999994 -0.00330894 0.00131343 0.00330953 0.999994 0.0137754 0.0301344 -0.0678003
FixedParameters: 0 0 0

#Transform 62
Transform: AffineTransform_float_3_3
Parameters: 0.999999 0.000482422 -0.00130609 -0.000486383 0.999994 -0.00351519 0.00130461 0.00351571 0.999993 0.0185523 0.0230279 -0.0529805
FixedParameters: 0 0 0

#Transform 63
Transform: AffineTransform_float_3_3
Parameters: 0.999998 0.000299371 -0.00176061 -0.000305322 0.999994 -0.00346203 0.00176002 0.00346242 0.999993 0.00125869 -0.0119711 -0.054324
FixedParameters: 0 0 0

#Transform 64
Transform: AffineTransform_float_3_3
Parameters: 0.999999 0.000373735 -0.00126057 -0.000377279 0.999995 -0.00332876 0.00125909 0.00332959 0.999994 0.0114215 0.0286523 -0.0676005
FixedParameters: 0 0 0

#Transform 65
Transform: AffineTransform_float_3_3
Parameters: 0.999999 0.000474172 -0.00130285 -0.000478399 0.999994 -0.00359336 0.00130115 0.00359455 0.999993 0.0192574 0.0287397 -0.0667862
FixedParameters: 0 0 0

#Transform 66
Transform: AffineTransform_float_3_3
Parameters: 0.999999 0.00035451 -0.00125262 -0.000358217 0.999994 -0.00341502 0.00125121 0.00341579 0.999993 0.0359937 0.0274415 -0.0641538
FixedParameters: 0 0 0

#Transform 67
Transform: AffineTransform_float_3_3
Parameters: 0.999999 0.000304976 -0.00123164 -0.000308773 0.999995 -0.00316965 0.0012313 0.00317021 0.999994 0.0338512 0.0295627 -0.0437246
FixedParameters: 0 0 0

#Transform 68
Transform: AffineTransform_float_3_3
Parameters: 0.999999 0.000260524 -0.00121275 -0.000263775 0.999995 -0.00287552 0.00121216 0.00287589 0.999995 0.0198661 0.0167958 -0.0362569
FixedParameters: 0 0 0

#Transform 69
Transform: AffineTransform_float_3_3
Parameters: 0.999999 0.000395586 -0.00126937 -0.000399495 0.999995 -0.00312012 0.00126849 0.00312094 0.999994 0.0115372 0.0206797 -0.0461961
FixedParameters: 0 0 0

#Transform 70
Transform: AffineTransform_float_3_3
Parameters: 0.999999 0.000342004 -0.00108794 -0.000345219 0.999995 -0.00332161 0.00108726 0.00332146 0.999993 0.0131753 0.0289478 -0.0511536
FixedParameters: 0 0 0

#Transform 71
Transform: AffineTransform_float_3_3
Parameters: 0.999999 0.00031173 -0.00123505 -0.000315841 0.999994 -0.00359307 0.00123361 0.00359371 0.999993 0.0225209 0.0231294 -0.0433653
FixedParameters: 0 0 0

#Transform 72
Transform: AffineTransform_float_3_3
Parameters: 0.999999 0.000296428 -0.00122807 -0.000300185 0.999995 -0.00316259 0.00122779 0.00316313 0.999994 0.03323 0.0236734 -0.0329847
FixedParameters: 0 0 0

#Transform 73
Transform: AffineTransform_float_3_3
Parameters: 0.999999 0.000233534 -0.00111337 -0.000237805 0.999993 -0.0035156 0.00111222 0.00351584 0.999993 0.0553645 0.016686 -0.0619301
FixedParameters: 0 0 0

#Transform 74
Transform: AffineTransform_float_3_3
Parameters: 1 -0.000130661 -0.00148964 0.000124553 0.999992 -0.00411131 0.00148964 0.00411087 0.99999 0.0598609 0.014792 -0.102834
FixedParameters: 0 0 0

#Transform 75
Transform: AffineTransform_float_3_3
Parameters: 1 -0.000128981 -0.00114298 0.00012463 0.999994 -0.00329437 0.00114341 0.00329443 0.999994 0.0471292 0.0244596 -0.0583325
FixedParameters: 0 0 0

#Transform 76
Transform: AffineTransform_float_3_3
Parameters: 1 -2.89329e-05 -0.000910375 2.66523e-05 0.999996 -0.00304636 0.00091035 0.00304596 0.999995 0.0432823 0.0242133 -0.0229513
FixedParameters: 0 0 0

#Transform 77
Transform: AffineTransform_float_3_3
Parameters: 1 0.000184384 -0.00110734 -0.000187323 0.999996 -0.00284113 0.0011063 0.00284121 0.999995 0.0182924 0.0482205 0.0192859
FixedParameters: 0 0 0

#Transform 78
Transform: AffineTransform_float_3_3
Parameters: 1 2.1863e-05 -0.0010407 -2.51522e-05 0.999996 -0.0027483 0.00104096 0.00274793 0.999996 0.0304298 0.0252085 0.016523
FixedParameters: 0 0 0

#Transform 79
Transform: AffineTransform_float_3_3
Parameters: 1 -8.97903e-05 -0.000901952 8.78061e-05 0.999997 -0.00249341 0.000902988 0.00249284 0.999996 0.0354839 0.0317479 0.034743
FixedParameters: 0 0 0

#Transform 80
Transform: AffineTransform_float_3_3
Parameters: 0.999999 -0.000226201 -0.000695968 0.000224393 0.999997 -0.00264284 0.000696484 0.00264272 0.999997 0.0285063 0.0370328 0.0132922
FixedParameters: 0 0 0

#Transform 81
Transform: AffineTransform_float_3_3
Parameters: 1 -0.000135298 -0.000458684 0.000134686 0.999997 -0.00270734 0.00045874 0.00270742 0.999996 0.069202 0.0453317 -0.0214938
FixedParameters: 0 0 0

#Transform 82
Transform: AffineTransform_float_3_3
Parameters: 0.999999 -0.000278811 -0.000758564 0.000277261 0.999996 -0.00286044 0.000759101 0.00286029 0.999995 0.0587763 0.0419123 -0.0301447
FixedParameters: 0 0 0

#Transform 83
Transform: AffineTransform_float_3_3
Parameters: 1 -0.000197665 -0.000432706 0.00019584 0.999996 -0.00278044 0.000432604 0.00278032 0.999996 0.0557811 0.0216984 0.00559701
FixedParameters: 0 0 0

#Transform 84
Transform: AffineTransform_float_3_3
Parameters: 1 -0.000135298 -0.000458684 0.000134686 0.999997 -0.00270734 0.00045874 0.00270742 0.999996 0.0557155 0.0610961 -0.0104146
FixedParameters: 0 0 0

#Transform 85
Transform: AffineTransform_float_3_3
Parameters: 1 -0.000435493 -0.00103899 0.000432595 0.999995 -0.00318705 0.00104008 0.0031865 0.999995 0.0768009 0.00618501 -0.0119169
FixedParameters: 0 0 0

#Transform 86
Transform: AffineTransform_float_3_3
Parameters: 0.99999 -0.00211289 -0.00386949 0.00206395 0.99992 -0.012438 0.00389496 0.0124305 0.999915 0.0626429 0.00668998 -0.17847
FixedParameters: 0 0 0

#Transform 87
Transform: AffineTransform_float_3_3
Parameters: 0.999994 -0.00048619 -0.00335451 0.00046104 0.999972 -0.00735035 0.00335841 0.00734831 0.999967 0.000693796 -0.0209585 -0.101484
FixedParameters: 0 0 0

#Transform 88
Transform: AffineTransform_float_3_3
Parameters: 0.999995 -0.000397838 -0.00297185 0.000375019 0.999973 -0.00733029 0.00297457 0.00732951 0.999968 0.0121498 -0.0103429 -0.0991779
FixedParameters: 0 0 0

#Transform 89
Transform: AffineTransform_float_3_3
Parameters: 0.999995 -0.000468765 -0.00294147 0.000447854 0.999975 -0.0070471 0.00294449 0.00704586 0.999971 -0.00941952 -0.0249347 -0.0540986
FixedParameters: 0 0 0

#Transform 90
Transform: AffineTransform_float_3_3
Parameters: 0.999995 -0.000498456 -0.00292942 0.000477195 0.999973 -0.00732632 0.00293324 0.00732505 0.999969 0.00702335 -0.0158866 -0.0738063
FixedParameters: 0 0 0

#Transform 91
Transform: AffineTransform_float_3_3
Parameters: 0.999995 -0.000496666 -0.00293016 0.000475493 0.999973 -0.00730942 0.00293394 0.00730816 0.999969 0.0041183 -0.0275255 -0.0693723
FixedParameters: 0 0 0

#Transform 92
Transform: AffineTransform_float_3_3
Parameters: 0.999996 -0.00053748 -0.00267762 0.000519443 0.999978 -0.00663151 0.00268188 0.00663054 0.999974 0.00169384 -0.0220352 -0.0491003
FixedParameters: 0 0 0

#Transform 93
Transform: AffineTransform_float_3_3
Parameters: 0.999997 -0.000363162 -0.00229421 0.000348011 0.999978 -0.00663283 0.00229603 0.00663212 0.999975 0.020145 -0.0269522 -0.0622188
FixedParameters: 0 0 0

#Transform 94
Transform: AffineTransform_float_3_3
Parameters: 0.999997 -0.000565085 -0.00246406 0.000548734 0.999978 -0.00661984 0.00246836 0.0066181 0.999975 0.00621027 -0.0366126 -0.0518508
FixedParameters: 0 0 0

#Transform 95
Transform: AffineTransform_float_3_3
Parameters: 0.999998 -0.000560549 -0.00200683 0.0005484 0.999979 -0.00643491 0.00201009 0.00643339 0.999977 -0.00785627 -0.0119435 -0.0386579
FixedParameters: 0 0 0

#Transform 96
Transform: AffineTransform_float_3_3
Parameters: 0.999997 -0.000457374 -0.00221264 0.000441553 0.999976 -0.00696514 0.00221563 0.00696476 0.999973 -0.00535618 -0.0283402 -0.0556863
FixedParameters: 0 0 0

#Transform 97
Transform: AffineTransform_float_3_3
Parameters: 0.999997 -0.00032821 -0.00222367 0.000312658 0.999976 -0.00697882 0.00222574 0.00697767 0.999973 0.0136599 -0.0264392 -0.0532558
FixedParameters: 0 0 0

#Transform 98
Transform: AffineTransform_float_3_3
Parameters: 0.999997 -0.000549025 -0.00226659 0.000534447 0.99998 -0.00631423 0.00227046 0.00631326 0.999977 0.0108342 -0.0262992 -0.0249259
FixedParameters: 0 0 0

#Transform 99
Transform: AffineTransform_float_3_3
Parameters: 0.999998 -0.000487235 -0.00203764 0.000474647 0.99998 -0.00631053 0.00204112 0.00630997 0.999978 0.00867659 -0.0194325 -0.00782679
FixedParameters: 0 0 0

#Transform 100
Transform: AffineTransform_float_3_3
Parameters: 0.999998 -0.000542183 -0.00201452 0.000529542 0.99998 -0.006304 0.00201778 0.00630316 0.999978 0.00907101 -0.0209794 -0.0108573
FixedParameters: 0 0 0

#Transform 101
Transform: AffineTransform_float_3_3
Parameters: 0.999998 -0.000451067 -0.0020527 0.000438663 0.999981 -0.00624071 0.00205587 0.00623959 0.999978 -0.0132573 -0.0180469 -0.00453853
FixedParameters: 0 0 0

#Transform 102
Transform: AffineTransform_float_3_3
Parameters: 0.999998 -0.00047456 -0.00204315 0.000461195 0.999979 -0.00646302 0.0020464 0.00646251 0.999977 -0.00538632 -0.00733156 -0.0043477
FixedParameters: 0 0 0

#Transform 103
Transform: AffineTransform_float_3_3
Parameters: 0.999995 0.000861558 -0.00304841 -0.00088054 0.999979 -0.00641698 0.00304222 0.00641902 0.999975 -0.031307 0.0190993 -0.0462899
FixedParameters: 0 0 0

#Transform 104
Transform: AffineTransform_float_3_3
Parameters: 0.999996 0.00012527 -0.00289015 -0.000144398 0.999978 -0.00659646 0.00288864 0.00659724 0.999974 -0.0118714 -0.00253204 -0.0570744
FixedParameters: 0 0 0

#Transform 105
Transform: AffineTransform_float_3_3
Parameters: 0.999997 2.42417e-05 -0.00242877 -3.97707e-05 0.999978 -0.00655605 0.00242762 0.00655589 0.999976 -0.0119089 0.00266762 -0.0404143
FixedParameters: 0 0 0

#Transform 106
Transform: AffineTransform_float_3_3
Parameters: 0.999998 -6.00437e-05 -0.00231217 4.47607e-05 0.999978 -0.00667155 0.00231326 0.00667168 0.999975 0.000930086 -0.00410297 -0.0548111
FixedParameters: 0 0 0

#Transform 107
Transform: AffineTransform_float_3_3
Parameters: 0.999997 -0.000340609 -0.00219398 0.000326512 0.999978 -0.00658885 0.00219697 0.00658761 0.999976 0.0025836 0.0105523 -0.0221905
FixedParameters: 0 0 0

#Transform 108
Transform: AffineTransform_float_3_3
Parameters: 0.999997 -8.62936e-05 -0.00229961 7.3202e-05 0.999984 -0.00568193 0.00229998 0.0056823 0.999981 -0.00266091 -0.0252209 -0.0250675
FixedParameters: 0 0 0

#Transform 109
Transform: AffineTransform_float_3_3
Parameters: 0.999997 -0.000299717 -0.00221052 0.00028647 0.999981 -0.00611373 0.00221279 0.00611253 0.999979 -0.0228964 0.00463675 -0.121571
FixedParameters: 0 0 0

#Transform 110
Transform: AffineTransform_float_3_3
Parameters: 0.999998 -0.000276329 -0.00199756 0.000263296 0.999977 -0.0066493 0.00199921 0.00664828 0.999976 -0.0180384 -0.00501128 -0.119106
FixedParameters: 0 0 0

#Transform 111
Transform: AffineTransform_float_3_3
Parameters: 0.999998 -0.000370502 -0.0021028 0.000355298 0.999975 -0.00705204 0.00210594 0.00705141 0.999972 -0.0420403 -0.0180714 -0.119456
FixedParameters: 0 0 0

#Transform 112
Transform: AffineTransform_float_3_3
Parameters: 0.999997 -0.000213131 -0.00224808 0.000198247 0.999977 -0.00685658 0.00224961 0.00685602 0.999974 -0.0252126 -0.0157886 -0.115362
FixedParameters: 0 0 0

#Transform 113
Transform: AffineTransform_float_3_3
Parameters: 0.999998 -0.000297775 -0.00202343 0.000284332 0.999977 -0.00673478 0.00202612 0.00673374 0.999976 -0.0113532 -0.0181513 -0.119017
FixedParameters: 0 0 0

#Transform 114
Transform: AffineTransform_float_3_3
Parameters: 0.999998 -0.000223314 -0.00184658 0.000211257 0.999977 -0.0067347 0.00184844 0.00673394 0.999976 -0.0123232 -0.0155368 -0.112653
FixedParameters: 0 0 0

#Transform 115
Transform: AffineTransform_float_3_3
Parameters: 0.999998 -0.000420885 -0.00216037 0.000407079 0.999978 -0.00670721 0.00216306 0.00670634 0.999975 -0.0120042 -0.0126495 -0.114269
FixedParameters: 0 0 0

#Transform 116
Transform: AffineTransform_float_3_3
Parameters: 0.999999 -0.000265022 -0.00193632 0.000252165 0.999977 -0.00676569 0.00193772 0.00676545 0.999975 -0.0309481 -0.0135634 -0.10869
FixedParameters: 0 0 0

#Transform 117
Transform: AffineTransform_float_3_3
Parameters: 0.999999 -3.60879e-06 -0.00157429 -6.09201e-06 0.999983 -0.00587956 0.0015742 0.00587919 0.999982 -0.0240116 -0.00738393 -0.0757361
FixedParameters: 0 0 0

#Transform 118
Transform: AffineTransform_float_3_3
Parameters: 0.999998 0.000187698 -0.00175155 -0.000198783 0.999981 -0.00613189 0.00175033 0.00613242 0.999979 -0.0325387 -0.00748656 -0.0723424
FixedParameters: 0 0 0

#Transform 119
Transform: AffineTransform_float_3_3
Parameters: 1 0.000157221 -0.00132499 -0.000164838 0.999983 -0.00584814 0.00132365 0.00584883 0.999982 -0.0512509 0.00904509 -0.0558057
FixedParameters: 0 0 0
