# transform file /out/sourcedata/freesurfer/sub-v1s18x0051280_ses-1/mri/transforms/cc_up.lta
# created by oesteban on Thu Mar 12 13:52:24 2026

type      = 0 # LINEAR_VOX_TO_VOX
nxforms   = 1
mean      = 126.0000 96.0000 118.0000
sigma     = 10000.0000
1 4 4
9.993862509727478e-01 3.543564351275563e-03 3.485401347279549e-02 -4.831757545471191e+00 
-3.541411366313696e-03 9.999938011169434e-01 -1.235082163475454e-04 4.246661758422852e+01 
-3.485422953963280e-02 1.455191696309033e-11 9.993925690650940e-01 3.552812576293945e+01 
0.000000000000000e+00 0.000000000000000e+00 0.000000000000000e+00 1.000000000000000e+00 
src volume info
valid = 1  # volume info valid
filename = /out/sourcedata/freesurfer/sub-v1s18x0051280_ses-1/mri/norm.mgz
volume = 256 256 256
voxelsize = 1.000000000000000e+00 1.000000000000000e+00 1.000000000000000e+00
xras   = -1.000000000000000e+00 0.000000000000000e+00 0.000000000000000e+00
yras   = 0.000000000000000e+00 0.000000000000000e+00 -1.000000000000000e+00
zras   = 0.000000000000000e+00 1.000000000000000e+00 0.000000000000000e+00
cras   = 5.998458862304688e-01 1.310122680664062e+01 -1.231719970703125e+01
dst volume info
valid = 1  # volume info valid
filename = /out/sourcedata/freesurfer/sub-v1s18x0051280_ses-1/mri/norm.mgz
volume = 256 256 256
voxelsize = 1.000000000000000e+00 1.000000000000000e+00 1.000000000000000e+00
xras   = -1.000000000000000e+00 0.000000000000000e+00 0.000000000000000e+00
yras   = 0.000000000000000e+00 0.000000000000000e+00 -1.000000000000000e+00
zras   = 0.000000000000000e+00 1.000000000000000e+00 0.000000000000000e+00
cras   = 5.998458862304688e-01 1.310122680664062e+01 -1.231719970703125e+01
