# transform file /out/sourcedata/freesurfer/sub-v1s18x0051277_ses-1/mri/transforms/cc_up.lta
# created by oesteban on Mon Mar  9 08:44:04 2026

type      = 0 # LINEAR_VOX_TO_VOX
nxforms   = 1
mean      = 123.0000 133.0000 129.0000
sigma     = 10000.0000
1 4 4
9.836187958717346e-01 7.595030963420868e-02 1.634798496961594e-01 -2.637392997741699e+01 
-7.492255419492722e-02 9.971116185188293e-01 -1.245231181383133e-02 2.535231590270996e+01 
-1.639534235000610e-01 0.000000000000000e+00 9.864681363105774e-01 3.148937606811523e+01 
0.000000000000000e+00 0.000000000000000e+00 0.000000000000000e+00 1.000000000000000e+00 
src volume info
valid = 1  # volume info valid
filename = /out/sourcedata/freesurfer/sub-v1s18x0051277_ses-1/mri/norm.mgz
volume = 256 256 256
voxelsize = 1.000000000000000e+00 1.000000000000000e+00 1.000000000000000e+00
xras   = -1.000000119209290e+00 0.000000000000000e+00 -3.725290298461914e-09
yras   = 0.000000000000000e+00 0.000000000000000e+00 -1.000000119209290e+00
zras   = 0.000000000000000e+00 1.000000000000000e+00 0.000000000000000e+00
cras   = -1.256729125976562e+00 4.021331787109375e+00 2.839263916015625e+00
dst volume info
valid = 1  # volume info valid
filename = /out/sourcedata/freesurfer/sub-v1s18x0051277_ses-1/mri/norm.mgz
volume = 256 256 256
voxelsize = 1.000000000000000e+00 1.000000000000000e+00 1.000000000000000e+00
xras   = -1.000000119209290e+00 0.000000000000000e+00 -3.725290298461914e-09
yras   = 0.000000000000000e+00 0.000000000000000e+00 -1.000000119209290e+00
zras   = 0.000000000000000e+00 1.000000000000000e+00 0.000000000000000e+00
cras   = -1.256729125976562e+00 4.021331787109375e+00 2.839263916015625e+00
