# transform file transforms/talairach.lta
# created by oesteban on Mon Mar  9 07:33:00 2026

type      = 0 # LINEAR_VOX_TO_VOX
nxforms   = 1
mean      = 123.0000 135.0000 129.0000
sigma     = 10000.0000
1 4 4
1.053785443305969e+00 4.456326737999916e-02 1.953672617673874e-01 -3.675764465332031e+01 
-1.250411123037338e-01 1.102184653282166e+00 1.896154582500458e-01 -3.411127853393555e+01 
-1.776813417673111e-01 -1.731701046228409e-01 9.841299057006836e-01 2.946465110778809e+01 
0.000000000000000e+00 0.000000000000000e+00 0.000000000000000e+00 1.000000000000000e+00 
src volume info
valid = 1  # volume info valid
filename = nu.mgz
volume = 256 256 256
voxelsize = 1.000000000000000e+00 1.000000000000000e+00 1.000000000000000e+00
xras   = -1.000000119209290e+00 0.000000000000000e+00 -3.725290298461914e-09
yras   = 0.000000000000000e+00 0.000000000000000e+00 -1.000000119209290e+00
zras   = 0.000000000000000e+00 1.000000000000000e+00 0.000000000000000e+00
cras   = -1.256729125976562e+00 4.021331787109375e+00 2.839263916015625e+00
dst volume info
valid = 1  # volume info valid
filename = /opt/freesurfer/average/RB_all_2020-01-02.gca
volume = 256 256 256
voxelsize = 1.000000000000000e+00 1.000000000000000e+00 1.000000000000000e+00
xras   = -1.000000000000000e+00 0.000000000000000e+00 0.000000000000000e+00
yras   = 0.000000000000000e+00 0.000000000000000e+00 -1.000000000000000e+00
zras   = 0.000000000000000e+00 1.000000000000000e+00 0.000000000000000e+00
cras   = 0.000000000000000e+00 0.000000000000000e+00 0.000000000000000e+00
