#Insight Transform File V1.0
#Transform 0
Transform: AffineTransform_float_3_3
Parameters: 1 0.000347642 -0.000463217 -0.000347714 0.999999 -7.76454e-05 0.000463163 7.73546e-05 1 -0.0239591 -0.0486007 -0.143126
FixedParameters: 0 0 0

#Transform 1
Transform: AffineTransform_float_3_3
Parameters: 0.999999 0.000357274 -0.000711782 -0.000357323 1 -3.37457e-05 0.000711758 3.42543e-05 0.999999 -0.0120126 -0.0319944 -0.128806
FixedParameters: 0 0 0

#Transform 2
Transform: AffineTransform_float_3_3
Parameters: 1 0.000188437 -0.000629072 -0.000188503 1 -5.26879e-05 0.000629052 5.23121e-05 1 -0.0143374 -0.0333561 -0.138914
FixedParameters: 0 0 0

#Transform 3
Transform: AffineTransform_float_3_3
Parameters: 1 0.000169683 -0.000619804 -0.000169539 1 0.000116299 0.000619843 -0.000116701 1 -0.0165742 -0.0396197 -0.137972
FixedParameters: 0 0 0

#Transform 4
Transform: AffineTransform_float_3_3
Parameters: 1 0.000197634 -0.000542214 -0.000197573 1 5.61071e-05 0.000542237 -5.58928e-05 1 -0.0213794 -0.0275996 -0.13268
FixedParameters: 0 0 0

#Transform 5
Transform: AffineTransform_float_3_3
Parameters: 1 0.000161617 -0.00061584 -0.00016144 1 0.000144099 0.000615887 -0.0001439 1 -0.0131974 -0.0451567 -0.124888
FixedParameters: 0 0 0

#Transform 6
Transform: AffineTransform_float_3_3
Parameters: 0.999999 0.000264839 -0.000666442 -0.000264765 1 5.61764e-05 0.000666471 -5.58235e-05 1 -0.0144832 -0.0289433 -0.0879595
FixedParameters: 0 0 0

#Transform 7
Transform: AffineTransform_float_3_3
Parameters: 0.999999 -0.000195656 -0.000807366 0.000195534 1 -0.000631763 0.000807173 0.000632238 1 -0.0092392 -0.0194865 -0.0052076
FixedParameters: 0 0 0

#Transform 8
Transform: AffineTransform_float_3_3
Parameters: 1 -0.000251261 -0.000548391 0.000251466 1 -0.000632138 0.000548268 0.000631862 0.999999 -0.000243012 -0.0184272 -0.00670874
FixedParameters: 0 0 0

#Transform 9
Transform: AffineTransform_float_3_3
Parameters: 1 -0.000159875 -0.000568726 0.000159156 1 -0.00063209 0.000568928 0.000631909 0.999999 -0.00868021 -0.0139791 -0.00904389
FixedParameters: 0 0 0

#Transform 10
Transform: AffineTransform_float_3_3
Parameters: 1 -0.000232749 -0.000571955 0.000232026 1 -0.000632132 0.000572249 0.000631867 0.999999 -0.00700817 -0.0173996 0.00255793
FixedParameters: 0 0 0

#Transform 11
Transform: AffineTransform_float_3_3
Parameters: 1 -0.000266769 -0.000448328 0.0002671 1 -0.000632119 0.000448226 0.00063188 0.999999 -0.00671683 -0.010958 0.0197512
FixedParameters: 0 0 0

#Transform 12
Transform: AffineTransform_float_3_3
Parameters: 1 -0.000170064 -0.000623848 0.00016954 1 -0.000420106 0.000623991 0.000419894 0.999999 -0.00529967 -0.015428 0.0130369
FixedParameters: 0 0 0

#Transform 13
Transform: AffineTransform_float_3_3
Parameters: 1 -0.000523514 -0.000383613 0.000523028 0.999999 -0.0006322 0.000384275 0.000631799 0.999999 -0.00604834 -0.00845786 0.0188379
FixedParameters: 0 0 0

#Transform 14
Transform: AffineTransform_float_3_3
Parameters: 1 -0.000178735 -0.000641843 0.000178467 1 -0.000209115 0.000641918 0.000208885 1 -0.00417662 -0.019914 0.0353363
FixedParameters: 0 0 0

#Transform 15
Transform: AffineTransform_float_3_3
Parameters: 0.999999 -0.000203377 -0.000692129 0.000203097 1 -0.000202141 0.000692211 0.000201859 0.999999 0.00270227 -0.00869777 0.00787369
FixedParameters: 0 0 0

#Transform 16
Transform: AffineTransform_float_3_3
Parameters: 1 -0.000146255 -0.000144462 0.000146573 1 0.00109898 0.000144141 -0.00109902 1 -0.00141597 -0.0120477 -0.0564703
FixedParameters: 0 0 0

#Transform 17
Transform: AffineTransform_float_3_3
Parameters: 1 -0.000148382 -0.000399403 0.000148355 1 0.00108994 0.00039952 -0.00109006 1 -0.00490579 -0.0149606 -0.101427
FixedParameters: 0 0 0

#Transform 18
Transform: AffineTransform_float_3_3
Parameters: 1 -0.00015506 -0.00047527 0.000154756 1 -0.000320074 0.000475369 0.000319926 1 0.00403247 0.026642 -0.0181132
FixedParameters: 0 0 0

#Transform 19
Transform: AffineTransform_float_3_3
Parameters: 1 0.00017071 7.11563e-05 -0.000170712 1 1.79879e-05 -7.11502e-05 -1.80121e-05 1 -6.83566e-05 0.0304065 0.0363393
FixedParameters: 0 0 0

#Transform 20
Transform: AffineTransform_float_3_3
Parameters: 1 0.00015793 4.51899e-05 -0.000157975 1 0.000502993 -4.5031e-05 -0.000503007 1 0.000352016 0.0101179 0.0153422
FixedParameters: 0 0 0

#Transform 21
Transform: AffineTransform_float_3_3
Parameters: 1 -2.10218e-05 -0.000320392 2.02854e-05 1 0.000251993 0.000320822 -0.000252007 1 0.00499357 -0.00958073 -0.0202572
FixedParameters: 0 0 0

#Transform 22
Transform: AffineTransform_float_3_3
Parameters: 1 -2.11055e-05 -0.000320387 2.10997e-05 1 -9.00676e-06 0.000320387 8.99324e-06 1 0.00499477 -0.00588073 -0.0242629
FixedParameters: 0 0 0

#Transform 23
Transform: AffineTransform_float_3_3
Parameters: 1 -2.10952e-05 -0.000320387 2.11099e-05 1 2.29932e-05 0.000320386 -2.30068e-05 1 0.00498987 -0.00523202 -0.00899424
FixedParameters: 0 0 0

#Transform 24
Transform: AffineTransform_float_3_3
Parameters: 1 -0.000178833 0.000314052 0.000179572 1 -0.00117694 -0.00031363 0.00117706 1 0.0100327 0.0171549 0.0714094
FixedParameters: 0 0 0

#Transform 25
Transform: AffineTransform_float_3_3
Parameters: 1 -0.000361609 -8.76281e-05 0.000361473 0.999999 -0.000774031 8.81877e-05 0.000773968 0.999999 0.0152365 -0.016354 0.117029
FixedParameters: 0 0 0

#Transform 26
Transform: AffineTransform_float_3_3
Parameters: 1 -0.000185489 0.000253365 0.000185352 1 0.000271047 -0.000253465 -0.000270953 1 0.0109392 -0.0151605 0.0507628
FixedParameters: 0 0 0

#Transform 27
Transform: AffineTransform_float_3_3
Parameters: 1 -0.000325727 0.000187625 0.000325357 0.999997 0.00215406 -0.000188129 -0.00215394 0.999997 0.0110511 -0.00740965 -0.121086
FixedParameters: 0 0 0

#Transform 28
Transform: AffineTransform_float_3_3
Parameters: 1 -0.000130771 6.94836e-05 0.000130646 0.999999 0.000899008 -6.97186e-05 -0.00089899 0.999999 0.0179014 0.0420378 0.00817898
FixedParameters: 0 0 0

#Transform 29
Transform: AffineTransform_float_3_3
Parameters: 1 -0.000132483 -9.76737e-05 0.000132479 1 -2.20129e-05 9.76796e-05 2.19871e-05 1 0.020146 0.0251729 0.0888087
FixedParameters: 0 0 0

#Transform 30
Transform: AffineTransform_float_3_3
Parameters: 1 -0.000123261 -7.43752e-05 0.000123296 1 0.000235991 7.4317e-05 -0.000236009 1 0.0167128 0.023517 0.0744398
FixedParameters: 0 0 0

#Transform 31
Transform: AffineTransform_float_3_3
Parameters: 1 2.16266e-05 -0.000233273 -2.24144e-05 1 0.000236005 0.000233723 -0.000235995 1 0.0202654 0.0155311 0.0465379
FixedParameters: 0 0 0

#Transform 32
Transform: AffineTransform_float_3_3
Parameters: 1 -0.000109852 -0.000501814 0.000109191 1 0.000235945 0.000502202 -0.000236055 1 0.0236274 -0.0063131 0.0299095
FixedParameters: 0 0 0

#Transform 33
Transform: AffineTransform_float_3_3
Parameters: 1 -5.94223e-05 -0.000107861 5.9579e-05 0.999999 0.000726993 0.000107774 -0.000727006 0.999999 0.0248153 -0.000366069 -0.00193681
FixedParameters: 0 0 0

#Transform 34
Transform: AffineTransform_float_3_3
Parameters: 1 -8.90888e-06 -0.000148117 9.2593e-06 1 0.001183 0.000148096 -0.001183 1 0.0186326 -0.00633899 -0.0203043
FixedParameters: 0 0 0

#Transform 35
Transform: AffineTransform_float_3_3
Parameters: 1 0.000110078 -5.26101e-05 -0.00010992 0.999999 0.00149401 5.29388e-05 -0.00149399 0.999999 0.0213024 0.00970812 -0.059258
FixedParameters: 0 0 0

#Transform 36
Transform: AffineTransform_float_3_3
Parameters: 1 -2.24192e-05 0.000145583 2.19841e-05 0.999999 0.001494 -0.000145649 -0.001494 0.999999 0.0223571 0.0218688 -0.0285648
FixedParameters: 0 0 0

#Transform 37
Transform: AffineTransform_float_3_3
Parameters: 1 -0.000230355 0.000289436 0.000230523 0.999999 0.00125907 -0.000290456 -0.00125893 0.999999 0.0213819 0.0185816 -0.0223674
FixedParameters: 0 0 0

#Transform 38
Transform: AffineTransform_float_3_3
Parameters: 1 -0.000166986 0.000109291 0.000167076 0.999998 0.00160302 -0.000108929 -0.00160298 0.999998 0.032842 0.00758941 -0.0693556
FixedParameters: 0 0 0

#Transform 39
Transform: AffineTransform_float_3_3
Parameters: 1 -0.000222537 0.000114027 0.000222518 0.999998 0.00201303 -0.000114025 -0.00201297 0.999998 0.0323401 0.0207531 -0.0928834
FixedParameters: 0 0 0

#Transform 40
Transform: AffineTransform_float_3_3
Parameters: 1 -0.000256836 0.000155452 0.000256869 0.999999 0.00131004 -0.000155227 -0.00130996 0.999999 0.0314908 0.0160736 -0.0891161
FixedParameters: 0 0 0

#Transform 41
Transform: AffineTransform_float_3_3
Parameters: 1 -0.000210937 -0.000154112 0.000210536 0.999998 0.00161197 0.000153872 -0.00161203 0.999998 0.0367729 0.0251842 -0.0770034
FixedParameters: 0 0 0

#Transform 42
Transform: AffineTransform_float_3_3
Parameters: 1 -0.000343007 -8.98236e-05 0.000342927 0.999997 0.00210697 8.97163e-05 -0.00210703 0.999998 0.0348323 0.0256979 -0.084384
FixedParameters: 0 0 0

#Transform 43
Transform: AffineTransform_float_3_3
Parameters: 1 -0.000102831 -3.28959e-06 0.000102844 0.999997 0.002127 2.85212e-06 -0.002127 0.999997 0.0349889 0.00173687 -0.122346
FixedParameters: 0 0 0

#Transform 44
Transform: AffineTransform_float_3_3
Parameters: 1 -0.000278849 -6.54851e-05 0.000279132 0.999997 0.00218198 6.42676e-05 -0.00218202 0.999997 0.0348657 0.0189409 -0.137221
FixedParameters: 0 0 0

#Transform 45
Transform: AffineTransform_float_3_3
Parameters: 1 -0.00015132 0.000369679 0.000150754 0.999998 0.00197706 -0.000370716 -0.00197694 0.999998 0.0286895 0.0284666 -0.098558
FixedParameters: 0 0 0

#Transform 46
Transform: AffineTransform_float_3_3
Parameters: 1 -0.000135652 0.000443143 0.000134961 0.999998 0.00228906 -0.000443304 -0.00228894 0.999998 0.0276659 0.0163751 -0.093518
FixedParameters: 0 0 0

#Transform 47
Transform: AffineTransform_float_3_3
Parameters: 1 -0.000263119 0.000307133 0.000261998 0.999996 0.00253908 -0.000307568 -0.00253892 0.999996 0.0290677 0.0043934 -0.122076
FixedParameters: 0 0 0

#Transform 48
Transform: AffineTransform_float_3_3
Parameters: 1 -0.000155654 0.000422777 0.00015488 0.999997 0.00249706 -0.000423095 -0.00249693 0.999997 0.0334165 0.0129481 -0.134214
FixedParameters: 0 0 0

#Transform 49
Transform: AffineTransform_float_3_3
Parameters: 1 -0.000332476 1.6024e-05 0.000332821 0.999996 0.002875 -1.70387e-05 -0.00287499 0.999996 0.0412477 0.0102058 -0.128602
FixedParameters: 0 0 0

#Transform 50
Transform: AffineTransform_float_3_3
Parameters: 1 -0.000355859 2.73756e-05 0.000355238 0.999995 0.00293001 -2.81212e-05 -0.00292999 0.999995 0.0328723 0.0104047 -0.165116
FixedParameters: 0 0 0

#Transform 51
Transform: AffineTransform_float_3_3
Parameters: 1 -0.000273128 0.000275211 0.000272044 0.999996 0.00276408 -0.00027582 -0.00276393 0.999996 0.0329819 0.0156321 -0.187497
FixedParameters: 0 0 0

#Transform 52
Transform: AffineTransform_float_3_3
Parameters: 1 -0.000282435 0.000438847 0.000281495 0.999996 0.00259212 -0.000439851 -0.00259187 0.999996 0.033191 0.00881101 -0.155029
FixedParameters: 0 0 0

#Transform 53
Transform: AffineTransform_float_3_3
Parameters: 1 -0.000214368 0.000288727 0.000212954 0.999995 0.00320806 -0.0002892 -0.00320794 0.999995 0.0296418 0.0157135 -0.151552
FixedParameters: 0 0 0

#Transform 54
Transform: AffineTransform_float_3_3
Parameters: 1 -0.000129778 0.000364383 0.000128824 0.999995 0.00314305 -0.000364737 -0.00314295 0.999995 0.0289118 0.00856556 -0.187478
FixedParameters: 0 0 0

#Transform 55
Transform: AffineTransform_float_3_3
Parameters: 1 -0.00015529 0.000517156 0.000154093 0.999997 0.00245027 -0.000517456 -0.00245073 0.999997 0.039418 0.0378161 -0.168657
FixedParameters: 0 0 0

#Transform 56
Transform: AffineTransform_float_3_3
Parameters: 1 -0.000156338 0.000462938 0.000154849 0.999996 0.00305207 -0.000463429 -0.00305193 0.999995 0.0436682 0.0207472 -0.168757
FixedParameters: 0 0 0

#Transform 57
Transform: AffineTransform_float_3_3
Parameters: 1 -0.000336186 0.000335566 0.000334743 0.999994 0.00345811 -0.00033609 -0.00345789 0.999994 0.0445319 0.0186095 -0.181819
FixedParameters: 0 0 0

#Transform 58
Transform: AffineTransform_float_3_3
Parameters: 0.999999 -0.000328117 0.000633918 0.000326194 0.999994 0.00362321 -0.000635373 -0.00362279 0.999993 0.0397098 0.0142198 -0.206455
FixedParameters: 0 0 0

#Transform 59
Transform: AffineTransform_float_3_3
Parameters: 1 -0.00046824 0.000399991 0.000467605 0.999995 0.00301038 -0.000401452 -0.00301062 0.999996 0.0472905 0.0128136 -0.167121
FixedParameters: 0 0 0

#Transform 60
Transform: AffineTransform_float_3_3
Parameters: 0.999999 -0.000430585 0.000935212 0.000427631 0.999994 0.00324399 -0.000936181 -0.00324301 0.999995 0.0416288 0.0213562 -0.130456
FixedParameters: 0 0 0

#Transform 61
Transform: AffineTransform_float_3_3
Parameters: 0.999999 -0.000354546 0.000821606 0.000352005 0.999995 0.00317229 -0.000822931 -0.00317171 0.999994 0.0365365 0.01618 -0.155117
FixedParameters: 0 0 0

#Transform 62
Transform: AffineTransform_float_3_3
Parameters: 1 -0.000303813 0.000595144 0.000301568 0.999992 0.00412818 -0.000596726 -0.00412782 0.999992 0.0445674 0.0120968 -0.181396
FixedParameters: 0 0 0

#Transform 63
Transform: AffineTransform_float_3_3
Parameters: 0.999999 -0.000423706 0.000836429 0.000420392 0.999991 0.00437436 -0.000838746 -0.00437365 0.99999 0.0499855 0.0221974 -0.242688
FixedParameters: 0 0 0

#Transform 64
Transform: AffineTransform_float_3_3
Parameters: 1 -0.000621794 0.000948679 0.000617695 0.999989 0.00473319 -0.000951375 -0.00473281 0.999988 0.061294 0.047716 -0.251354
FixedParameters: 0 0 0

#Transform 65
Transform: AffineTransform_float_3_3
Parameters: 1 -0.000572566 0.000929052 0.000567768 0.999988 0.00497053 -0.000932448 -0.00496947 0.999987 0.029501 0.0336518 -0.273062
FixedParameters: 0 0 0

#Transform 66
Transform: AffineTransform_float_3_3
Parameters: 1 -0.000109462 -0.0011835 0.000115517 0.999989 0.00482787 0.00118282 -0.00482813 0.999987 -0.0352966 0.0383234 -0.203127
FixedParameters: 0 0 0

#Transform 67
Transform: AffineTransform_float_3_3
Parameters: 0.999992 0.00394583 0.000250146 -0.00394089 0.999825 -0.0182811 -0.000321478 0.0182799 0.999833 0.0514916 -0.0616839 0.31763
FixedParameters: 0 0 0

#Transform 68
Transform: AffineTransform_float_3_3
Parameters: 0.999999 0.00178118 -0.000559823 -0.00178855 0.999913 -0.0130836 0.000536425 0.0130854 0.999914 0.0269469 0.0505273 -0.246534
FixedParameters: 0 0 0

#Transform 69
Transform: AffineTransform_float_3_3
Parameters: 0.999974 0.00115799 -0.00702443 -0.00116221 0.999999 -0.000646047 0.00702385 0.000653956 0.999975 -0.271383 -0.480468 -1.17506
FixedParameters: 0 0 0

#Transform 70
Transform: AffineTransform_float_3_3
Parameters: 0.999982 0.000800158 -0.00594723 -0.000856691 0.999955 -0.00945202 0.00593872 0.00945697 0.999938 -0.0747691 -0.124238 -0.939064
FixedParameters: 0 0 0

#Transform 71
Transform: AffineTransform_float_3_3
Parameters: 0.999992 0.000977253 -0.00372101 -0.00101511 0.999948 -0.0101347 0.0037114 0.0101372 0.999942 -0.0441935 -0.00731975 -0.998931
FixedParameters: 0 0 0

#Transform 72
Transform: AffineTransform_float_3_3
Parameters: 0.999993 0.000722338 -0.00351161 -0.000773302 0.999897 -0.0143334 0.00350041 0.0143366 0.999891 -0.0339191 0.027569 -1.08651
FixedParameters: 0 0 0

#Transform 73
Transform: AffineTransform_float_3_3
Parameters: 0.999992 0.000965947 -0.00404395 -0.00102669 0.999884 -0.0152056 0.00402891 0.0152104 0.999876 -0.0114293 0.0699164 -1.17578
FixedParameters: 0 0 0

#Transform 74
Transform: AffineTransform_float_3_3
Parameters: 0.99999 0.00085765 -0.00425453 -0.000923735 0.99988 -0.0155027 0.00424041 0.0155063 0.999871 -0.0138403 0.0765067 -1.18959
FixedParameters: 0 0 0

#Transform 75
Transform: AffineTransform_float_3_3
Parameters: 0.999989 0.00132821 -0.00437287 -0.0013987 0.99987 -0.0161031 0.00435143 0.0161089 0.99986 0.00608738 0.0981098 -1.17892
FixedParameters: 0 0 0

#Transform 76
Transform: AffineTransform_float_3_3
Parameters: 0.999989 0.00161838 -0.00452185 -0.0016914 0.999865 -0.0163526 0.0044947 0.0163594 0.999856 0.00785408 0.10364 -1.17168
FixedParameters: 0 0 0

#Transform 77
Transform: AffineTransform_float_3_3
Parameters: 0.999988 0.00188725 -0.00465511 -0.00195821 0.999879 -0.0154223 0.00462499 0.0154306 0.99987 0.00717502 0.0848345 -1.14908
FixedParameters: 0 0 0

#Transform 78
Transform: AffineTransform_float_3_3
Parameters: 0.999986 0.0021435 -0.00496384 -0.00221503 0.999893 -0.0144255 0.00493283 0.0144355 0.999884 0.0147598 0.106882 -1.16957
FixedParameters: 0 0 0

#Transform 79
Transform: AffineTransform_float_3_3
Parameters: 0.999983 0.00205816 -0.00547283 -0.0021351 0.999899 -0.0140667 0.00544307 0.0140783 0.999886 0.0334041 0.111277 -1.16167
FixedParameters: 0 0 0

#Transform 80
Transform: AffineTransform_float_3_3
Parameters: 0.999983 0.00237179 -0.00520718 -0.00244861 0.999888 -0.0147776 0.00517187 0.0147904 0.999877 0.0433314 0.146106 -1.17287
FixedParameters: 0 0 0

#Transform 81
Transform: AffineTransform_float_3_3
Parameters: 0.999981 0.00239576 -0.00564035 -0.00247104 0.999908 -0.013342 0.00560774 0.013356 0.999895 0.0503687 0.104316 -1.16156
FixedParameters: 0 0 0

#Transform 82
Transform: AffineTransform_float_3_3
Parameters: 0.999981 0.00257985 -0.00561986 -0.00265156 0.999914 -0.0128322 0.00558637 0.0128468 0.999902 0.0621477 0.128813 -1.18592
FixedParameters: 0 0 0

#Transform 83
Transform: AffineTransform_float_3_3
Parameters: 0.999979 0.00284991 -0.00586058 -0.00291849 0.999927 -0.0116511 0.00582697 0.0116679 0.999915 0.11674 0.137023 -1.2519
FixedParameters: 0 0 0

#Transform 84
Transform: AffineTransform_float_3_3
Parameters: 0.999981 0.00305633 -0.00547665 -0.00310216 0.99996 -0.00842246 0.00545104 0.00843955 0.99995 0.154462 0.136954 -1.36263
FixedParameters: 0 0 0

#Transform 85
Transform: AffineTransform_float_3_3
Parameters: 0.999996 0.00203594 -0.00203373 -0.00204486 0.999989 -0.00427447 0.00202439 0.00427854 0.999989 0.0921705 0.15443 -1.50193
FixedParameters: 0 0 0

#Transform 86
Transform: AffineTransform_float_3_3
Parameters: 0.999997 0.00160492 -0.00180005 -0.00161253 0.999989 -0.00421751 0.0017928 0.00422048 0.999989 0.0725032 0.122176 -1.55394
FixedParameters: 0 0 0

#Transform 87
Transform: AffineTransform_float_3_3
Parameters: 0.999994 0.0024831 -0.0021387 -0.00249694 0.999976 -0.00636369 0.00212276 0.00636931 0.999978 0.0337919 0.142312 -1.61754
FixedParameters: 0 0 0

#Transform 88
Transform: AffineTransform_float_3_3
Parameters: 0.999995 0.00232919 -0.00217188 -0.00233794 0.999988 -0.00416394 0.00216235 0.00416906 0.999989 0.0361825 0.0851399 -1.61856
FixedParameters: 0 0 0

#Transform 89
Transform: AffineTransform_float_3_3
Parameters: 0.999998 0.00218312 -0.000786897 -0.00218517 0.999994 -0.00269327 0.000781853 0.00269573 0.999996 0.0322622 0.115177 -1.66784
FixedParameters: 0 0 0

#Transform 90
Transform: AffineTransform_float_3_3
Parameters: 0.999996 0.00241245 0.00151616 -0.00241087 0.999996 -0.00141464 -0.00151942 0.00141136 0.999998 -0.0465972 0.098005 -1.75143
FixedParameters: 0 0 0

#Transform 91
Transform: AffineTransform_float_3_3
Parameters: 0.999993 0.0034822 0.00122023 -0.00348056 0.999994 -0.000868608 -0.00122269 0.000864394 0.999999 -0.065294 0.126176 -1.80152
FixedParameters: 0 0 0

#Transform 92
Transform: AffineTransform_float_3_3
Parameters: 0.999993 0.00389284 -0.00049996 -0.00389343 0.999992 -0.0014434 0.000494981 0.0014456 0.999999 -0.0692759 0.157206 -1.78592
FixedParameters: 0 0 0

#Transform 93
Transform: AffineTransform_float_3_3
Parameters: 0.99999 0.00448802 -0.000113313 -0.00448747 0.999989 0.000416787 0.000115713 -0.00041621 1 -0.0718397 0.198095 -1.85195
FixedParameters: 0 0 0

#Transform 94
Transform: AffineTransform_float_3_3
Parameters: 0.99999 0.00446076 -0.000375932 -0.00446041 0.99999 0.000448166 0.000377688 -0.000446835 0.999999 -0.0624526 0.216567 -1.86735
FixedParameters: 0 0 0

#Transform 95
Transform: AffineTransform_float_3_3
Parameters: 0.999988 0.00456476 -0.00180687 -0.00456565 0.999989 -0.000486884 0.00180418 0.000495113 0.999998 -0.0618991 0.221393 -1.7967
FixedParameters: 0 0 0

#Transform 96
Transform: AffineTransform_float_3_3
Parameters: 0.99999 0.00454118 -0.000746358 -0.00454333 0.999986 -0.00258835 0.000735365 0.00259165 0.999996 -0.0340726 0.218292 -1.70793
FixedParameters: 0 0 0

#Transform 97
Transform: AffineTransform_float_3_3
Parameters: 0.999993 0.00352545 -0.00028947 -0.00352743 0.999982 -0.00485236 0.00027269 0.00485364 0.999989 -0.0266746 0.145877 -1.52544
FixedParameters: 0 0 0

#Transform 98
Transform: AffineTransform_float_3_3
Parameters: 0.999991 0.00422611 -0.000385363 -0.00422726 0.999984 -0.00374433 0.000368477 0.00374566 0.999993 -0.036762 0.180476 -1.70419
FixedParameters: 0 0 0

#Transform 99
Transform: AffineTransform_float_3_3
Parameters: 0.999992 0.00389902 -0.0010451 -0.00390186 0.999988 -0.00282569 0.0010338 0.00282931 0.999995 -0.0277921 0.198108 -1.77214
FixedParameters: 0 0 0

#Transform 100
Transform: AffineTransform_float_3_3
Parameters: 0.99999 0.00427024 -0.000849539 -0.00426952 0.999991 0.000414503 0.000850825 -0.000410499 1 -0.0332841 0.222306 -1.90455
FixedParameters: 0 0 0

#Transform 101
Transform: AffineTransform_float_3_3
Parameters: 0.999988 0.00408764 -0.00269102 -0.00409374 0.999989 -0.00211517 0.00268221 0.00212583 0.999994 -0.0586174 0.259603 -1.83047
FixedParameters: 0 0 0

#Transform 102
Transform: AffineTransform_float_3_3
Parameters: 0.999978 0.00386994 -0.00534633 -0.00388007 0.999991 -0.00181095 0.0053399 0.00183105 0.999984 -0.0703322 0.265268 -1.85036
FixedParameters: 0 0 0

#Transform 103
Transform: AffineTransform_float_3_3
Parameters: 0.999976 0.00448646 -0.00526687 -0.00449968 0.999986 -0.0025112 0.00525548 0.0025348 0.999983 -0.0844771 0.258001 -1.74645
FixedParameters: 0 0 0

#Transform 104
Transform: AffineTransform_float_3_3
Parameters: 0.999984 0.00459225 -0.00312134 -0.00461161 0.999969 -0.00630985 0.00309243 0.00632414 0.999975 -0.0462671 0.218597 -1.5899
FixedParameters: 0 0 0

#Transform 105
Transform: AffineTransform_float_3_3
Parameters: 0.999987 0.00433514 -0.0026715 -0.00435028 0.999975 -0.005493 0.002648 0.00550399 0.999981 -0.0226905 0.204869 -1.58154
FixedParameters: 0 0 0

#Transform 106
Transform: AffineTransform_float_3_3
Parameters: 0.999989 0.00408898 -0.00257776 -0.00410386 0.999975 -0.00581865 0.00255388 0.00582835 0.99998 0.0068466 0.21197 -1.59599
FixedParameters: 0 0 0

#Transform 107
Transform: AffineTransform_float_3_3
Parameters: 0.999987 0.00434126 -0.00242776 -0.00435361 0.999976 -0.00529104 0.00240418 0.00530195 0.999983 0.00902302 0.194104 -1.61734
FixedParameters: 0 0 0

#Transform 108
Transform: AffineTransform_float_3_3
Parameters: 0.999989 0.00417878 -0.00223337 -0.00419005 0.999978 -0.00510985 0.00221168 0.00511915 0.999984 0.00604268 0.170148 -1.6348
FixedParameters: 0 0 0

#Transform 109
Transform: AffineTransform_float_3_3
Parameters: 0.999987 0.00450153 -0.00233421 -0.00451514 0.999972 -0.00586948 0.00230684 0.00587952 0.99998 0.0140479 0.195543 -1.61889
FixedParameters: 0 0 0

#Transform 110
Transform: AffineTransform_float_3_3
Parameters: 0.999988 0.00455992 -0.00209319 -0.00457136 0.999973 -0.00570883 0.00206616 0.00571816 0.999981 0.00970756 0.188399 -1.62845
FixedParameters: 0 0 0

#Transform 111
Transform: AffineTransform_float_3_3
Parameters: 0.999988 0.00457376 -0.00211 -0.00458466 0.999978 -0.00489253 0.00208714 0.00490147 0.999986 0.00927291 0.153538 -1.64687
FixedParameters: 0 0 0

#Transform 112
Transform: AffineTransform_float_3_3
Parameters: 0.999988 0.00461673 -0.00202328 -0.00462616 0.999978 -0.00473803 0.00200144 0.00474697 0.999987 -0.000693812 0.164373 -1.65814
FixedParameters: 0 0 0

#Transform 113
Transform: AffineTransform_float_3_3
Parameters: 0.999987 0.00452935 -0.00236402 -0.00453886 0.999981 -0.00416727 0.0023446 0.00417773 0.999989 -0.000457039 0.152672 -1.66638
FixedParameters: 0 0 0

#Transform 114
Transform: AffineTransform_float_3_3
Parameters: 0.999987 0.0045187 -0.0020538 -0.00452482 0.999985 -0.00310268 0.00203917 0.00311232 0.999993 0.0249008 0.18357 -1.74651
FixedParameters: 0 0 0

#Transform 115
Transform: AffineTransform_float_3_3
Parameters: 0.999987 0.00459838 -0.00228317 -0.00460761 0.999982 -0.00395767 0.00226465 0.00396833 0.99999 0.053174 0.207582 -1.73326
FixedParameters: 0 0 0

#Transform 116
Transform: AffineTransform_float_3_3
Parameters: 0.999987 0.00454621 -0.00238842 -0.00455681 0.999979 -0.00463212 0.00236732 0.00464288 0.999987 0.0428454 0.172569 -1.677
FixedParameters: 0 0 0

#Transform 117
Transform: AffineTransform_float_3_3
Parameters: 0.999987 0.0044599 -0.00256351 -0.00446847 0.999985 -0.00331053 0.00254873 0.00332247 0.999991 0.0431269 0.199111 -1.732
FixedParameters: 0 0 0

#Transform 118
Transform: AffineTransform_float_3_3
Parameters: 0.999987 0.00319962 -0.00392177 -0.00320525 0.999994 -0.00156307 0.00391625 0.00157493 0.999991 0.0504773 0.259209 -1.80763
FixedParameters: 0 0 0

#Transform 119
Transform: AffineTransform_float_3_3
Parameters: 0.999986 0.00314218 -0.00411207 -0.00315128 0.999993 -0.0022353 0.00410564 0.0022487 0.999989 0.00933026 0.275611 -1.80849
FixedParameters: 0 0 0
