# transform file /out/sourcedata/freesurfer/sub-v1s18x0051211_ses-1/mri/transforms/cc_up.lta
# created by oesteban on Mon Mar  9 05:31:03 2026

type      = 0 # LINEAR_VOX_TO_VOX
nxforms   = 1
mean      = 127.0000 128.0000 134.0000
sigma     = 10000.0000
1 4 4
9.939181804656982e-01 3.518101572990417e-02 1.043502390384674e-01 -1.711955451965332e+01 
-3.498870879411697e-02 9.993810057640076e-01 -3.673421451821923e-03 2.000341987609863e+01 
-1.044148802757263e-01 2.328306436538696e-10 9.945338368415833e-01 2.306862258911133e+01 
0.000000000000000e+00 0.000000000000000e+00 0.000000000000000e+00 1.000000000000000e+00 
src volume info
valid = 1  # volume info valid
filename = /out/sourcedata/freesurfer/sub-v1s18x0051211_ses-1/mri/norm.mgz
volume = 256 256 256
voxelsize = 1.000000000000000e+00 1.000000000000000e+00 1.000000000000000e+00
xras   = -1.000000000000000e+00 0.000000000000000e+00 0.000000000000000e+00
yras   = 0.000000000000000e+00 0.000000000000000e+00 -1.000000000000000e+00
zras   = 0.000000000000000e+00 1.000000000000000e+00 0.000000000000000e+00
cras   = -2.978904724121094e+00 -8.119102478027344e+00 -4.016223144531250e+01
dst volume info
valid = 1  # volume info valid
filename = /out/sourcedata/freesurfer/sub-v1s18x0051211_ses-1/mri/norm.mgz
volume = 256 256 256
voxelsize = 1.000000000000000e+00 1.000000000000000e+00 1.000000000000000e+00
xras   = -1.000000000000000e+00 0.000000000000000e+00 0.000000000000000e+00
yras   = 0.000000000000000e+00 0.000000000000000e+00 -1.000000000000000e+00
zras   = 0.000000000000000e+00 1.000000000000000e+00 0.000000000000000e+00
cras   = -2.978904724121094e+00 -8.119102478027344e+00 -4.016223144531250e+01
