# transform file /out/sourcedata/freesurfer/sub-v1s18x0051258_ses-1/mri/transforms/cc_up.lta
# created by oesteban on Mon Mar  9 08:03:26 2026

type      = 0 # LINEAR_VOX_TO_VOX
nxforms   = 1
mean      = 130.0000 139.0000 120.0000
sigma     = 10000.0000
1 4 4
9.870707392692566e-01 1.045546755194664e-01 -1.214894875884056e-01 -6.549680233001709e-01 
-1.037716194987297e-01 9.945191740989685e-01 1.277229748666286e-02 1.975363540649414e+01 
1.221590191125870e-01 0.000000000000000e+00 9.925105571746826e-01 2.937165737152100e+00 
0.000000000000000e+00 0.000000000000000e+00 0.000000000000000e+00 1.000000000000000e+00 
src volume info
valid = 1  # volume info valid
filename = /out/sourcedata/freesurfer/sub-v1s18x0051258_ses-1/mri/norm.mgz
volume = 256 256 256
voxelsize = 1.000000000000000e+00 1.000000000000000e+00 1.000000000000000e+00
xras   = -1.000000000000000e+00 0.000000000000000e+00 0.000000000000000e+00
yras   = 0.000000000000000e+00 0.000000000000000e+00 -1.000000000000000e+00
zras   = 0.000000000000000e+00 1.000000000000000e+00 0.000000000000000e+00
cras   = -7.269401550292969e+00 3.416000366210938e+00 1.129055786132812e+01
dst volume info
valid = 1  # volume info valid
filename = /out/sourcedata/freesurfer/sub-v1s18x0051258_ses-1/mri/norm.mgz
volume = 256 256 256
voxelsize = 1.000000000000000e+00 1.000000000000000e+00 1.000000000000000e+00
xras   = -1.000000000000000e+00 0.000000000000000e+00 0.000000000000000e+00
yras   = 0.000000000000000e+00 0.000000000000000e+00 -1.000000000000000e+00
zras   = 0.000000000000000e+00 1.000000000000000e+00 0.000000000000000e+00
cras   = -7.269401550292969e+00 3.416000366210938e+00 1.129055786132812e+01
