# transform file /out/sourcedata/freesurfer/sub-v1s18x0051271_ses-1/mri/transforms/cc_up.lta
# created by oesteban on Mon Mar  9 08:50:03 2026

type      = 0 # LINEAR_VOX_TO_VOX
nxforms   = 1
mean      = 126.0000 130.0000 128.0000
sigma     = 10000.0000
1 4 4
9.991747140884399e-01 -2.739210985600948e-02 -2.999447099864483e-02 8.154979705810547e+00 
2.737977541983128e-02 9.996248483657837e-01 -8.219201699830592e-04 1.764839744567871e+01 
3.000573068857193e-02 0.000000000000000e+00 9.995498061180115e-01 2.227990150451660e+00 
0.000000000000000e+00 0.000000000000000e+00 0.000000000000000e+00 1.000000000000000e+00 
src volume info
valid = 1  # volume info valid
filename = /out/sourcedata/freesurfer/sub-v1s18x0051271_ses-1/mri/norm.mgz
volume = 256 256 256
voxelsize = 1.000000000000000e+00 1.000000000000000e+00 1.000000000000000e+00
xras   = -1.000000119209290e+00 0.000000000000000e+00 1.862645149230957e-09
yras   = 0.000000000000000e+00 0.000000000000000e+00 -1.000000000000000e+00
zras   = 0.000000000000000e+00 1.000000000000000e+00 0.000000000000000e+00
cras   = -3.014739990234375e+00 4.626663208007812e+00 1.594696044921875e+00
dst volume info
valid = 1  # volume info valid
filename = /out/sourcedata/freesurfer/sub-v1s18x0051271_ses-1/mri/norm.mgz
volume = 256 256 256
voxelsize = 1.000000000000000e+00 1.000000000000000e+00 1.000000000000000e+00
xras   = -1.000000119209290e+00 0.000000000000000e+00 1.862645149230957e-09
yras   = 0.000000000000000e+00 0.000000000000000e+00 -1.000000000000000e+00
zras   = 0.000000000000000e+00 1.000000000000000e+00 0.000000000000000e+00
cras   = -3.014739990234375e+00 4.626663208007812e+00 1.594696044921875e+00
