#Insight Transform File V1.0
#Transform 0
Transform: AffineTransform_float_3_3
Parameters: 1 0.000229893 0.000403045 -0.000229893 1 -9.26571e-08 -0.000403045 -9.26571e-08 1 -0.0668089 -0.0156539 0.203082
FixedParameters: 0 0 0

#Transform 1
Transform: AffineTransform_float_3_3
Parameters: 1 0.000473518 0.000510322 -0.000472811 0.999999 -0.000692241 -0.000510977 0.000691758 0.999999 -0.0823492 0.0181579 0.245242
FixedParameters: 0 0 0

#Transform 2
Transform: AffineTransform_float_3_3
Parameters: 0.999999 0.000838653 0.000243913 -0.00083816 0.999999 -0.00100721 -0.000245601 0.0010068 1 -0.0692694 -0.0451046 0.255221
FixedParameters: 0 0 0

#Transform 3
Transform: AffineTransform_float_3_3
Parameters: 1 0.00101884 5.32971e-05 -0.00101823 0.999999 -0.00106406 -5.45959e-05 0.00106395 1 -0.0808195 0.0203575 0.217757
FixedParameters: 0 0 0

#Transform 4
Transform: AffineTransform_float_3_3
Parameters: 0.999999 0.00136424 0.000269864 -0.00136311 0.999996 -0.00253762 -0.000273188 0.00253739 0.999997 -0.106188 -0.0244197 0.247226
FixedParameters: 0 0 0

#Transform 5
Transform: AffineTransform_float_3_3
Parameters: 0.999999 0.000884893 0.000501945 -0.000884666 0.999999 -0.00109044 -0.000503378 0.00108956 1 -0.0607238 -0.0239129 0.2192
FixedParameters: 0 0 0

#Transform 6
Transform: AffineTransform_float_3_3
Parameters: 1 0.000633267 6.12993e-05 -0.000632534 0.999998 -0.00191728 -6.28578e-05 0.00191772 0.999998 -0.0360541 0.0354521 0.0728574
FixedParameters: 0 0 0

#Transform 7
Transform: AffineTransform_float_3_3
Parameters: 1 0.000575466 0.000198503 -0.000575885 0.999999 -0.00113212 -0.000199311 0.00113189 1 -0.0330477 -0.00278034 0.0455589
FixedParameters: 0 0 0

#Transform 8
Transform: AffineTransform_float_3_3
Parameters: 1 4.62753e-05 0.000500886 -4.62141e-05 1 -6.10231e-05 -0.000500891 6.09768e-05 1 0.0063201 0.0452139 0.071094
FixedParameters: 0 0 0

#Transform 9
Transform: AffineTransform_float_3_3
Parameters: 1 -7.30476e-05 0.00066549 7.26197e-05 0.999999 0.000321294 -0.000665537 -0.000321706 1 -0.0228662 -0.0306338 0.0596235
FixedParameters: 0 0 0

#Transform 10
Transform: AffineTransform_float_3_3
Parameters: 0.999999 0.000175137 0.000726715 -0.00017499 1 -0.000101127 -0.00072675 0.000100873 0.999999 -0.0213711 0.00657339 0.074468
FixedParameters: 0 0 0

#Transform 11
Transform: AffineTransform_float_3_3
Parameters: 1 9.37852e-05 0.000583333 -9.28412e-05 0.999999 -0.000809054 -0.000583484 0.000808945 0.999999 -0.038168 0.018209 0.0576603
FixedParameters: 0 0 0

#Transform 12
Transform: AffineTransform_float_3_3
Parameters: 1 -6.09893e-06 0.000408816 6.44888e-06 1 -0.000427997 -0.000408811 0.000428002 1 -0.0394521 -0.0547131 0.12661
FixedParameters: 0 0 0

#Transform 13
Transform: AffineTransform_float_3_3
Parameters: 1 0.000264564 0.000330282 -0.000264299 1 -0.000401087 -0.000330494 0.000400913 1 -0.0125091 0.0292783 0.0391141
FixedParameters: 0 0 0

#Transform 14
Transform: AffineTransform_float_3_3
Parameters: 1 -0.000248556 -1.59069e-05 0.000248551 1 -0.000162004 1.59874e-05 0.000161996 1 -0.000464452 0.000763955 0.0507789
FixedParameters: 0 0 0

#Transform 15
Transform: AffineTransform_float_3_3
Parameters: 1 0.000152473 0.000166289 -0.000152392 1 -0.000244025 -0.000166363 0.000243975 1 -0.0436981 0.0383949 0.0531029
FixedParameters: 0 0 0

#Transform 16
Transform: AffineTransform_float_3_3
Parameters: 1 8.68372e-05 0.000571178 -8.59163e-05 0.999999 -0.000806049 -0.000571317 0.00080595 0.999999 -0.0372561 -0.0112427 0.0760437
FixedParameters: 0 0 0

#Transform 17
Transform: AffineTransform_float_3_3
Parameters: 1 0.000174979 0.00052071 -0.000174976 1 -3.09111e-06 -0.000520711 2.90889e-06 1 -0.0533884 -0.0353692 0.0860178
FixedParameters: 0 0 0

#Transform 18
Transform: AffineTransform_float_3_3
Parameters: 0.999999 5.56463e-05 0.000861812 -5.57516e-05 1 -0.000443048 -0.000861365 0.000442952 0.999999 -0.0157937 -0.0297135 0.0180326
FixedParameters: 0 0 0

#Transform 19
Transform: AffineTransform_float_3_3
Parameters: 1 0.000262354 0.000470867 -0.000262195 0.999999 0.000752876 -0.000470968 -0.000753123 0.999999 -0.0110422 -0.00762827 0.0139234
FixedParameters: 0 0 0

#Transform 20
Transform: AffineTransform_float_3_3
Parameters: 1 9.29751e-05 8.62591e-05 -9.29419e-05 1 -0.000192008 -8.62948e-05 0.000191992 1 0.00078582 0.016772 0.0271843
FixedParameters: 0 0 0

#Transform 21
Transform: AffineTransform_float_3_3
Parameters: 1 -2.98938e-05 0.000367961 3.00952e-05 0.999999 0.00090601 -0.000368511 -0.000905988 0.999999 0.00153962 0.00601657 -0.0133069
FixedParameters: 0 0 0

#Transform 22
Transform: AffineTransform_float_3_3
Parameters: 1 -0.000121168 0.000207322 0.000121273 1 -0.000251975 -0.000207261 0.000252025 1 0.0271288 0.00609898 -0.0402667
FixedParameters: 0 0 0

#Transform 23
Transform: AffineTransform_float_3_3
Parameters: 1 -0.000179765 0.000104654 0.000179604 0.999999 0.000770018 -0.000104931 -0.000769981 0.999999 0.0183648 -0.0345394 0.0143469
FixedParameters: 0 0 0

#Transform 24
Transform: AffineTransform_float_3_3
Parameters: 1 -0.000179701 0.000104765 0.000179668 1 0.000154019 -0.00010482 -0.000153981 1 0.0533048 0.0158995 -0.0328018
FixedParameters: 0 0 0

#Transform 25
Transform: AffineTransform_float_3_3
Parameters: 0.999999 -0.000744304 0.000392456 0.000743984 0.999999 0.00103729 -0.000393131 -0.00103671 1 0.115256 -0.0230155 -0.0315529
FixedParameters: 0 0 0

#Transform 26
Transform: AffineTransform_float_3_3
Parameters: 1 -0.000299106 -4.82831e-05 0.000299162 1 0.000572985 4.79403e-05 -0.000573014 1 0.0597751 0.0245027 -0.0625142
FixedParameters: 0 0 0

#Transform 27
Transform: AffineTransform_float_3_3
Parameters: 1 -0.000291597 -0.000168974 0.000292094 0.999999 0.0014737 0.000168114 -0.00147329 0.999998 0.0293233 -0.0326083 -0.0747318
FixedParameters: 0 0 0

#Transform 28
Transform: AffineTransform_float_3_3
Parameters: 0.999999 8.10052e-05 -0.000737471 -8.00308e-05 0.999999 0.00124906 0.000738168 -0.00124894 0.999999 0.0703703 0.0469495 -0.110997
FixedParameters: 0 0 0

#Transform 29
Transform: AffineTransform_float_3_3
Parameters: 1 -9.92151e-06 -0.000647973 1.00252e-05 0.999999 0.000749993 0.000648453 -0.000750006 0.999999 0.0930074 -0.00584438 -0.132939
FixedParameters: 0 0 0

#Transform 30
Transform: AffineTransform_float_3_3
Parameters: 1 -0.000201653 -0.000440992 0.000202258 0.999999 0.00068591 0.000440715 -0.000686089 0.999999 0.0757 0.0369803 -0.176786
FixedParameters: 0 0 0

#Transform 31
Transform: AffineTransform_float_3_3
Parameters: 0.999999 -0.000655104 -0.000708492 0.00065508 1 -1.74641e-05 0.000708514 1.65358e-05 0.999999 0.0986676 0.0268426 -0.091409
FixedParameters: 0 0 0

#Transform 32
Transform: AffineTransform_float_3_3
Parameters: 0.999999 -0.000606632 -0.000736319 0.000607631 0.999999 0.000931983 0.000736552 -0.000932017 0.999999 0.0826258 -0.0175269 -0.0696518
FixedParameters: 0 0 0

#Transform 33
Transform: AffineTransform_float_3_3
Parameters: 1 -0.000254894 -0.000534939 0.000255168 1 0.00106786 0.000534889 -0.00106814 1 0.0306842 -0.0135508 -0.107676
FixedParameters: 0 0 0

#Transform 34
Transform: AffineTransform_float_3_3
Parameters: 1 -0.000309787 -0.000631415 0.00030977 1 0.00106781 0.00063038 -0.0010682 0.999999 0.0460853 -0.0439691 -0.15342
FixedParameters: 0 0 0

#Transform 35
Transform: AffineTransform_float_3_3
Parameters: 1 -0.000352314 -0.000354061 0.000352021 0.999999 0.000811875 0.000353985 -0.000812124 0.999999 0.0331892 -0.0205406 -0.101098
FixedParameters: 0 0 0

#Transform 36
Transform: AffineTransform_float_3_3
Parameters: 0.999999 -0.000730581 0.000198146 0.000730612 0.999999 0.00116915 -0.000198985 -0.00116886 1 0.0860272 0.0907642 0.392623
FixedParameters: 0 0 0

#Transform 37
Transform: AffineTransform_float_3_3
Parameters: 1 -0.000935626 0.000421811 0.000934489 0.999995 0.0030984 -0.000424999 -0.0030976 0.999995 0.0104877 0.0423949 0.408587
FixedParameters: 0 0 0

#Transform 38
Transform: AffineTransform_float_3_3
Parameters: 0.999999 -0.000393271 0.0013395 0.00039248 0.999999 0.00131377 -0.00133978 -0.00131323 0.999998 -0.0215684 0.0804053 0.231712
FixedParameters: 0 0 0

#Transform 39
Transform: AffineTransform_float_3_3
Parameters: 0.999999 -0.000605629 0.00171751 0.000604541 0.999999 0.00085853 -0.00171731 -0.00085747 0.999998 -0.0177816 0.000908538 0.256454
FixedParameters: 0 0 0

#Transform 40
Transform: AffineTransform_float_3_3
Parameters: 0.999997 -0.000422253 0.00248238 0.000424203 0.999999 -0.000666782 -0.00248219 0.000668217 0.999996 -0.0131987 -0.0401379 0.210569
FixedParameters: 0 0 0

#Transform 41
Transform: AffineTransform_float_3_3
Parameters: 0.999996 -0.000351885 0.00260087 0.00035621 0.999999 -0.00178491 -0.00260022 0.00178609 0.999995 -0.0300353 0.00399129 0.0557019
FixedParameters: 0 0 0

#Transform 42
Transform: AffineTransform_float_3_3
Parameters: 0.999997 -0.00063949 0.00210064 0.000641605 0.999999 -0.00115216 -0.00209991 0.00115384 0.999997 -0.0314863 -0.0633339 0.0662973
FixedParameters: 0 0 0

#Transform 43
Transform: AffineTransform_float_3_3
Parameters: 0.999998 -0.000599145 0.00217538 0.00059847 1 0.000155793 -0.00217557 -0.000154206 0.999997 -0.015828 -0.0228672 0.0704215
FixedParameters: 0 0 0

#Transform 44
Transform: AffineTransform_float_3_3
Parameters: 0.999998 -0.000351673 0.00203484 0.00035256 1 -0.000217792 -0.00203469 0.000218207 0.999998 -0.00208313 0.0337912 0.0122105
FixedParameters: 0 0 0

#Transform 45
Transform: AffineTransform_float_3_3
Parameters: 0.999998 -0.000727093 0.00194846 0.000728779 1 -0.000782521 -0.00194769 0.000783479 0.999998 0.0387801 -0.0198407 0.00567915
FixedParameters: 0 0 0

#Transform 46
Transform: AffineTransform_float_3_3
Parameters: 0.999999 -0.00100265 0.00146751 0.00100257 0.999999 2.82864e-05 -0.00146757 -2.67135e-05 0.999999 0.0697252 -0.0203238 0.0637252
FixedParameters: 0 0 0

#Transform 47
Transform: AffineTransform_float_3_3
Parameters: 0.999997 -0.00108592 0.00216161 0.00108509 1 0.000193407 -0.00216203 -0.000190592 0.999997 0.097898 0.0150906 0.0426504
FixedParameters: 0 0 0

#Transform 48
Transform: AffineTransform_float_3_3
Parameters: 0.999993 -0.00224396 0.00291992 0.00224051 0.999997 0.00131563 -0.00292245 -0.00130938 0.999995 0.188569 -0.0130424 0.0207122
FixedParameters: 0 0 0

#Transform 49
Transform: AffineTransform_float_3_3
Parameters: 0.999994 -0.00267796 0.00246841 0.00267702 0.999996 0.000193763 -0.00246943 -0.000187234 0.999997 0.224528 0.0583071 -0.0616646
FixedParameters: 0 0 0

#Transform 50
Transform: AffineTransform_float_3_3
Parameters: 0.999996 -0.00218304 0.0018749 0.0021822 0.999997 0.000358862 -0.00187559 -0.000355137 0.999998 0.193011 -0.0224704 -0.00582082
FixedParameters: 0 0 0

#Transform 51
Transform: AffineTransform_float_3_3
Parameters: 0.999996 -0.00210919 0.00191984 0.00210864 0.999997 0.00049982 -0.00192156 -0.000496179 0.999998 0.196583 0.0284404 -0.0391111
FixedParameters: 0 0 0

#Transform 52
Transform: AffineTransform_float_3_3
Parameters: 0.999997 -0.00202466 0.00184335 0.00202474 0.999998 -1.84983e-05 -0.00184327 2.15016e-05 0.999998 0.20024 0.0486169 -0.0455033
FixedParameters: 0 0 0

#Transform 53
Transform: AffineTransform_float_3_3
Parameters: 0.999995 -0.00249364 0.00158849 0.00249369 0.999997 0.000571812 -0.00159009 -0.000568189 0.999998 0.20753 -0.00576803 0.0355384
FixedParameters: 0 0 0

#Transform 54
Transform: AffineTransform_float_3_3
Parameters: 0.999995 -0.00290392 0.00134315 0.00290351 0.999996 0.000338504 -0.00134423 -0.000334495 0.999999 0.217789 0.0245265 -0.00913987
FixedParameters: 0 0 0

#Transform 55
Transform: AffineTransform_float_3_3
Parameters: 0.999995 -0.00260488 0.00131039 0.00260415 0.999996 0.000472693 -0.00131197 -0.000469306 0.999999 0.195562 0.0464605 -0.0480248
FixedParameters: 0 0 0

#Transform 56
Transform: AffineTransform_float_3_3
Parameters: 0.999997 -0.00243472 0.0010734 0.00243384 0.999997 0.00110108 -0.00107615 -0.00109792 0.999999 0.191513 -0.0146789 -0.0326254
FixedParameters: 0 0 0

#Transform 57
Transform: AffineTransform_float_3_3
Parameters: 0.999997 -0.00201253 0.00122891 0.00201234 0.999998 0.000280183 -0.00122916 -0.000277818 0.999999 0.185133 0.0555597 -0.0824835
FixedParameters: 0 0 0

#Transform 58
Transform: AffineTransform_float_3_3
Parameters: 0.999998 -0.00161736 0.00132271 0.00161657 0.999998 0.000674524 -0.00132315 -0.000672476 0.999999 0.176706 0.000792079 -0.0017586
FixedParameters: 0 0 0

#Transform 59
Transform: AffineTransform_float_3_3
Parameters: 0.999998 -0.00168959 0.00119604 0.00168802 0.999998 0.00106841 -0.00119791 -0.00106659 0.999999 0.17383 0.0304971 -0.00618251
FixedParameters: 0 0 0

#Transform 60
Transform: AffineTransform_float_3_3
Parameters: 0.999998 -0.00178942 0.00102058 0.00178835 0.999998 0.00100997 -0.00102245 -0.00100803 0.999999 0.180294 0.043544 -0.0282762
FixedParameters: 0 0 0

#Transform 61
Transform: AffineTransform_float_3_3
Parameters: 0.999997 -0.0018999 0.000943651 0.00189903 0.999997 0.00124493 -0.000945772 -0.00124307 0.999999 0.184239 0.0290423 -0.0477949
FixedParameters: 0 0 0

#Transform 62
Transform: AffineTransform_float_3_3
Parameters: 0.999998 -0.00179127 0.00101733 0.00179046 0.999998 0.000396961 -0.00101875 -0.000395037 0.999999 0.180224 0.0414498 -0.0524157
FixedParameters: 0 0 0

#Transform 63
Transform: AffineTransform_float_3_3
Parameters: 0.999998 -0.00184943 0.000915078 0.00184874 0.999998 0.00119083 -0.000916873 -0.00118917 0.999999 0.182642 0.00673602 -0.0243126
FixedParameters: 0 0 0

#Transform 64
Transform: AffineTransform_float_3_3
Parameters: 0.999999 -0.00135437 0.00110569 0.00135331 0.999999 0.000927313 -0.00110646 -0.000925688 1 0.172905 0.0302839 -0.040077
FixedParameters: 0 0 0

#Transform 65
Transform: AffineTransform_float_3_3
Parameters: 0.999999 -0.00164852 0.000626999 0.00164931 0.999996 -0.00221383 -0.000623172 0.00221417 0.999997 0.243299 0.109602 0.0332293
FixedParameters: 0 0 0

#Transform 66
Transform: AffineTransform_float_3_3
Parameters: 0.999998 -8.09503e-05 0.00172677 7.87828e-05 0.999999 0.00127406 -0.0017271 -0.00127394 0.999998 -0.0218319 0.23952 0.440635
FixedParameters: 0 0 0

#Transform 67
Transform: AffineTransform_float_3_3
Parameters: 0.999998 0.00167812 -0.000305673 -0.00167304 0.999897 0.0142109 0.000330224 -0.0142101 0.999899 -0.235453 0.158792 0.454764
FixedParameters: 0 0 0

#Transform 68
Transform: AffineTransform_float_3_3
Parameters: 0.999999 0.00115231 0.001337 -0.00116145 0.999977 0.00663907 -0.00132883 -0.00663993 0.999977 -0.203583 0.114224 0.645808
FixedParameters: 0 0 0

#Transform 69
Transform: AffineTransform_float_3_3
Parameters: 0.999988 0.00320999 0.00353643 -0.00330877 0.999592 0.0283657 -0.00344377 -0.0283773 0.999591 -0.179944 0.55683 2.18957
FixedParameters: 0 0 0

#Transform 70
Transform: AffineTransform_float_3_3
Parameters: 0.999984 0.0054263 0.00150105 -0.00549271 0.99883 0.0480486 -0.00123897 -0.0480554 0.998844 -0.026973 0.768389 2.21808
FixedParameters: 0 0 0

#Transform 71
Transform: AffineTransform_float_3_3
Parameters: 0.999982 0.00348407 0.00485224 -0.00356968 0.999835 0.0178013 -0.00478955 -0.0178187 0.99983 0.346201 0.345451 1.39446
FixedParameters: 0 0 0

#Transform 72
Transform: AffineTransform_float_3_3
Parameters: 0.99998 -0.00427179 0.00468102 0.00422687 0.999946 0.00954561 -0.00472197 -0.00952639 0.999943 0.593971 0.401225 0.149942
FixedParameters: 0 0 0

#Transform 73
Transform: AffineTransform_float_3_3
Parameters: 0.999966 -0.00707291 0.00438545 0.00705126 0.999964 0.00482495 -0.00441913 -0.00479305 0.999979 0.722528 0.12863 0.238631
FixedParameters: 0 0 0

#Transform 74
Transform: AffineTransform_float_3_3
Parameters: 0.999955 -0.00783351 0.00546095 0.00781424 0.999963 0.00355811 -0.00548825 -0.00351489 0.999979 0.758319 0.0334103 0.263293
FixedParameters: 0 0 0

#Transform 75
Transform: AffineTransform_float_3_3
Parameters: 0.999955 -0.00832007 0.00471462 0.00830082 0.999957 0.00409552 -0.00474849 -0.00405647 0.99998 0.751276 0.149614 0.248902
FixedParameters: 0 0 0

#Transform 76
Transform: AffineTransform_float_3_3
Parameters: 0.999951 -0.00874264 0.00467434 0.00867244 0.999853 0.0147837 -0.00480315 -0.0147423 0.99988 0.773554 0.322348 0.147062
FixedParameters: 0 0 0

#Transform 77
Transform: AffineTransform_float_3_3
Parameters: 0.999935 -0.00790603 0.00827646 0.00788517 0.999966 0.00248759 -0.00829661 -0.0024224 0.999962 0.91392 0.0937194 -0.904301
FixedParameters: 0 0 0

#Transform 78
Transform: AffineTransform_float_3_3
Parameters: 0.999913 -0.00956262 0.00900509 0.00950996 0.999938 0.00582525 -0.00906088 -0.00573874 0.999943 0.982934 0.254693 0.87964
FixedParameters: 0 0 0

#Transform 79
Transform: AffineTransform_float_3_3
Parameters: 0.99991 -0.0101604 0.00877192 0.0100902 0.999917 0.00790609 -0.00885157 -0.00781689 0.99993 0.920518 0.305511 0.867091
FixedParameters: 0 0 0

#Transform 80
Transform: AffineTransform_float_3_3
Parameters: 0.99991 -0.0102209 0.00876335 0.0101496 0.999915 0.00813712 -0.00884567 -0.00804788 0.999929 0.933206 0.305042 0.839744
FixedParameters: 0 0 0

#Transform 81
Transform: AffineTransform_float_3_3
Parameters: 0.999907 -0.0105815 0.00859822 0.010511 0.999912 0.00815506 -0.00868351 -0.00806295 0.99993 0.927468 0.220994 0.840776
FixedParameters: 0 0 0

#Transform 82
Transform: AffineTransform_float_3_3
Parameters: 0.999918 -0.0101216 0.00791567 0.0100641 0.999923 0.00728216 -0.00798888 -0.00720184 0.999942 0.907322 0.22064 0.785828
FixedParameters: 0 0 0

#Transform 83
Transform: AffineTransform_float_3_3
Parameters: 0.999926 -0.0090539 0.00810968 0.00898905 0.999928 0.00791225 -0.00818092 -0.00783873 0.999935 0.861759 0.263853 0.771616
FixedParameters: 0 0 0

#Transform 84
Transform: AffineTransform_float_3_3
Parameters: 0.999931 -0.00902282 0.00750745 0.00897925 0.999943 0.00585373 -0.0075591 -0.00578628 0.999955 0.912186 0.248692 0.749191
FixedParameters: 0 0 0

#Transform 85
Transform: AffineTransform_float_3_3
Parameters: 0.999932 -0.00901029 0.00730282 0.00896131 0.999937 0.00674375 -0.00736299 -0.00667825 0.99995 0.845004 0.165344 0.759019
FixedParameters: 0 0 0

#Transform 86
Transform: AffineTransform_float_3_3
Parameters: 0.999931 -0.00889144 0.00769675 0.00884188 0.999941 0.00642634 -0.00775413 -0.00635766 0.999949 0.840492 0.26519 0.738527
FixedParameters: 0 0 0

#Transform 87
Transform: AffineTransform_float_3_3
Parameters: 0.999934 -0.00887961 0.00739058 0.00882596 0.999935 0.00722725 -0.00745504 -0.00716175 0.999946 0.861355 0.250618 0.766372
FixedParameters: 0 0 0

#Transform 88
Transform: AffineTransform_float_3_3
Parameters: 0.999931 -0.00844232 0.00809996 0.00840204 0.999952 0.00505544 -0.00814246 -0.00498657 0.999954 0.837168 0.199931 0.722667
FixedParameters: 0 0 0

#Transform 89
Transform: AffineTransform_float_3_3
Parameters: 0.999935 -0.00809229 0.00810155 0.00807336 0.999965 0.00239913 -0.00811983 -0.00233388 0.999964 0.83096 0.118383 0.512888
FixedParameters: 0 0 0

#Transform 90
Transform: AffineTransform_float_3_3
Parameters: 0.99994 -0.00791981 0.00756877 0.00789249 0.999963 0.00355602 -0.00759685 -0.00349598 0.999965 0.850279 0.181444 0.492177
FixedParameters: 0 0 0

#Transform 91
Transform: AffineTransform_float_3_3
Parameters: 0.999936 -0.00842497 0.00757323 0.00840231 0.99996 0.0030935 -0.00759917 -0.00302951 0.999967 0.83284 0.142616 0.50842
FixedParameters: 0 0 0

#Transform 92
Transform: AffineTransform_float_3_3
Parameters: 0.999934 -0.00856808 0.00757774 0.00854249 0.999957 0.00341551 -0.00760658 -0.00335048 0.999965 0.836671 0.107525 0.519182
FixedParameters: 0 0 0

#Transform 93
Transform: AffineTransform_float_3_3
Parameters: 0.999936 -0.00858616 0.00734437 0.0085583 0.999956 0.00377517 -0.00737691 -0.00371283 0.999966 0.846054 0.17863 0.487283
FixedParameters: 0 0 0

#Transform 94
Transform: AffineTransform_float_3_3
Parameters: 0.999942 -0.00811629 0.00708949 0.00812117 0.999967 -0.000620871 -0.00708452 0.000679131 0.999975 0.776033 0.115636 0.523368
FixedParameters: 0 0 0

#Transform 95
Transform: AffineTransform_float_3_3
Parameters: 0.999947 -0.00600073 0.00844833 0.00611165 0.999894 -0.0131673 -0.00836799 0.0132187 0.999877 0.66653 -0.0876396 0.847028
FixedParameters: 0 0 0

#Transform 96
Transform: AffineTransform_float_3_3
Parameters: 0.999927 -0.00756436 0.00944683 0.00760946 0.999961 -0.00466943 -0.00941156 0.00474058 0.999945 0.744279 0.0930302 0.744752
FixedParameters: 0 0 0

#Transform 97
Transform: AffineTransform_float_3_3
Parameters: 0.999908 -0.00770675 0.0110993 0.00774414 0.999964 -0.00330388 -0.0110738 0.00338912 0.999933 0.751071 0.103366 0.611245
FixedParameters: 0 0 0

#Transform 98
Transform: AffineTransform_float_3_3
Parameters: 0.999913 -0.00830674 0.0102355 0.00832387 0.999964 -0.00168525 -0.0102205 0.00177075 0.999946 0.718102 0.0246764 0.604617
FixedParameters: 0 0 0

#Transform 99
Transform: AffineTransform_float_3_3
Parameters: 0.999916 -0.00841634 0.00985033 0.00842911 0.999963 -0.0012998 -0.00983953 0.00138221 0.99995 0.759333 0.120579 0.48922
FixedParameters: 0 0 0

#Transform 100
Transform: AffineTransform_float_3_3
Parameters: 0.99991 -0.00900464 0.00992684 0.00902138 0.999958 -0.00163 -0.00991143 0.001719 0.99995 0.782558 0.105774 0.539524
FixedParameters: 0 0 0

#Transform 101
Transform: AffineTransform_float_3_3
Parameters: 0.99993 -0.00790505 0.00881712 0.00794748 0.999957 -0.00478506 -0.00877869 0.00485495 0.99995 0.753468 0.0712141 0.111082
FixedParameters: 0 0 0

#Transform 102
Transform: AffineTransform_float_3_3
Parameters: 0.999943 -0.00611364 0.00869409 0.00614232 0.999976 -0.00328772 -0.00867383 0.00334128 0.999957 0.611308 -0.00747658 0.0158717
FixedParameters: 0 0 0

#Transform 103
Transform: AffineTransform_float_3_3
Parameters: 0.99993 -0.00784827 0.00882946 0.00787443 0.999965 -0.00291704 -0.00880626 0.00298696 0.999957 0.779338 0.0581616 0.0196197
FixedParameters: 0 0 0

#Transform 104
Transform: AffineTransform_float_3_3
Parameters: 0.999923 -0.00904806 0.00842936 0.00909364 0.999944 -0.00536368 -0.00838038 0.00544033 0.99995 0.888885 0.0407704 0.0710738
FixedParameters: 0 0 0

#Transform 105
Transform: AffineTransform_float_3_3
Parameters: 0.999918 -0.00981263 0.00831614 0.00984872 0.999942 -0.00430047 -0.0082736 0.00438253 0.999956 0.867569 -0.0291672 0.193173
FixedParameters: 0 0 0

#Transform 106
Transform: AffineTransform_float_3_3
Parameters: 0.999923 -0.00905723 0.00849063 0.00908906 0.999951 -0.00374822 -0.00845642 0.00382478 0.999957 0.84989 0.0259996 0.138777
FixedParameters: 0 0 0

#Transform 107
Transform: AffineTransform_float_3_3
Parameters: 0.999921 -0.00895074 0.00889046 0.00899512 0.999948 -0.00494955 -0.00884598 0.00502946 0.999948 0.860095 0.0232265 0.0839244
FixedParameters: 0 0 0

#Transform 108
Transform: AffineTransform_float_3_3
Parameters: 0.999919 -0.00924508 0.00866443 0.00928773 0.999945 -0.00495908 -0.0086182 0.00503893 0.999951 0.858366 -0.0165247 0.124941
FixedParameters: 0 0 0

#Transform 109
Transform: AffineTransform_float_3_3
Parameters: 0.999918 -0.00939031 0.00871436 0.00942215 0.999949 -0.00364996 -0.00867944 0.00373105 0.999956 0.857995 0.00406818 0.137685
FixedParameters: 0 0 0

#Transform 110
Transform: AffineTransform_float_3_3
Parameters: 0.999927 -0.00842188 0.00858385 0.00845468 0.999957 -0.00380887 -0.00855072 0.00388212 0.999956 0.746291 0.0519518 0.0992287
FixedParameters: 0 0 0

#Transform 111
Transform: AffineTransform_float_3_3
Parameters: 0.999925 -0.00881259 0.00842634 0.0088392 0.999956 -0.00309856 -0.00839867 0.00317244 0.99996 0.770712 -0.000486072 0.162313
FixedParameters: 0 0 0

#Transform 112
Transform: AffineTransform_float_3_3
Parameters: 0.99993 -0.00840601 0.00824795 0.008427 0.999961 -0.00256315 -0.00822631 0.00263286 0.999963 0.796172 0.0914743 0.125364
FixedParameters: 0 0 0

#Transform 113
Transform: AffineTransform_float_3_3
Parameters: 0.999931 -0.00848243 0.00811253 0.00850627 0.999959 -0.00295959 -0.00808674 0.0030284 0.999962 0.795542 0.0636578 0.143693
FixedParameters: 0 0 0

#Transform 114
Transform: AffineTransform_float_3_3
Parameters: 0.999919 -0.00886063 0.00920347 0.00890811 0.999948 -0.00512333 -0.00915838 0.00520468 0.999945 0.849175 -0.0418075 0.154903
FixedParameters: 0 0 0

#Transform 115
Transform: AffineTransform_float_3_3
Parameters: 0.999911 -0.00957439 0.00930859 0.00961693 0.999943 -0.00459533 -0.00926374 0.00468367 0.999946 0.964182 0.143419 -0.000784787
FixedParameters: 0 0 0

#Transform 116
Transform: AffineTransform_float_3_3
Parameters: 0.999928 -0.00916943 0.00771133 0.00920796 0.999946 -0.00490347 -0.007666 0.00497352 0.999958 0.839521 -0.0273725 -0.138124
FixedParameters: 0 0 0

#Transform 117
Transform: AffineTransform_float_3_3
Parameters: 0.999938 -0.00842333 0.00729235 0.0084724 0.999942 -0.00663952 -0.00723525 0.00670148 0.999952 0.758717 -0.0370594 -0.239513
FixedParameters: 0 0 0

#Transform 118
Transform: AffineTransform_float_3_3
Parameters: 0.99995 -0.007456 0.00669343 0.00749494 0.999955 -0.00579101 -0.00665004 0.00584099 0.999961 0.739507 -0.0266188 -0.198015
FixedParameters: 0 0 0

#Transform 119
Transform: AffineTransform_float_3_3
Parameters: 0.99994 -0.00733142 0.00811411 0.0073976 0.99994 -0.00811752 -0.00805456 0.00817747 0.999934 0.774537 0.00981623 -0.108717
FixedParameters: 0 0 0
