#Insight Transform File V1.0
#Transform 0
Transform: AffineTransform_float_3_3
Parameters: 0.999995 0.000854541 -0.00293987 -0.000860334 0.999998 -0.00211723 0.00293776 0.00212019 0.999994 0.0381088 -0.0148292 -0.016158
FixedParameters: 0 0 0

#Transform 1
Transform: AffineTransform_float_3_3
Parameters: 0.999999 -0.00101375 0.0010269 0.00101519 0.999999 -0.000804836 -0.00102621 0.000806097 1 0.151514 0.0107211 0.0515611
FixedParameters: 0 0 0

#Transform 2
Transform: AffineTransform_float_3_3
Parameters: 0.999999 -0.000710874 0.000258743 0.000711276 1 -0.00097384 -0.000257615 0.000974194 1 0.132704 0.00283641 -0.00563325
FixedParameters: 0 0 0

#Transform 3
Transform: AffineTransform_float_3_3
Parameters: 1 -0.000238123 -0.000229108 0.00023757 0.999999 -0.000988102 0.000229321 0.000988657 1 0.077821 -0.0154338 0.0015962
FixedParameters: 0 0 0

#Transform 4
Transform: AffineTransform_float_3_3
Parameters: 1 3.84622e-05 -0.000493406 -3.95008e-05 0.999999 -0.00178547 0.000492392 0.00178559 0.999998 0.0682497 -0.0131947 -0.0256207
FixedParameters: 0 0 0

#Transform 5
Transform: AffineTransform_float_3_3
Parameters: 1 0.000154582 -0.00100922 -0.000156589 0.999999 -0.00157421 0.00100901 0.00157539 0.999998 0.0568547 -0.0153204 -0.0422684
FixedParameters: 0 0 0

#Transform 6
Transform: AffineTransform_float_3_3
Parameters: 0.999999 0.000528806 -0.00134405 -0.000531028 0.999998 -0.00170352 0.00134206 0.00170377 0.999998 0.0493146 -0.00949195 -0.049707
FixedParameters: 0 0 0

#Transform 7
Transform: AffineTransform_float_3_3
Parameters: 0.999991 0.00118278 -0.00411251 -0.00118921 0.999998 -0.001706 0.00411051 0.00171075 0.999991 -0.043412 0.0595787 -0.0937752
FixedParameters: 0 0 0

#Transform 8
Transform: AffineTransform_float_3_3
Parameters: 0.999998 -0.00203633 0.000104893 0.00203642 0.999998 -6.52706e-05 -0.000104062 6.50963e-05 1 0.0749743 -0.130294 0.161612
FixedParameters: 0 0 0

#Transform 9
Transform: AffineTransform_float_3_3
Parameters: 1 -0.00041626 -0.00113644 0.000415163 1 -0.000482473 0.00113684 0.000482205 0.999999 0.0252751 0.0446661 0.0869413
FixedParameters: 0 0 0

#Transform 10
Transform: AffineTransform_float_3_3
Parameters: 0.999998 0.000127957 -0.00160241 -0.000128945 1 -0.000348694 0.00160227 0.000349054 0.999999 0.00674918 0.022839 0.0877141
FixedParameters: 0 0 0

#Transform 11
Transform: AffineTransform_float_3_3
Parameters: 0.999997 0.00154866 -0.00146448 -0.00154917 0.999998 -0.000764052 0.00146306 0.000765997 0.999998 -0.0549273 -0.159448 -0.0873584
FixedParameters: 0 0 0

#Transform 12
Transform: AffineTransform_float_3_3
Parameters: 0.999994 0.00176747 -0.00297972 -0.00176625 0.999999 0.000474255 0.00298083 -0.000468396 0.999996 -0.089603 0.0181843 -0.0144078
FixedParameters: 0 0 0

#Transform 13
Transform: AffineTransform_float_3_3
Parameters: 0.999993 0.000964555 -0.00373688 -0.000969436 0.999999 -0.00127717 0.00373553 0.00128119 0.999992 -0.0786903 0.0122235 -0.0424239
FixedParameters: 0 0 0

#Transform 14
Transform: AffineTransform_float_3_3
Parameters: 0.99999 0.00152125 -0.00408167 -0.00152796 0.999998 -0.00165027 0.0040793 0.00165627 0.99999 -0.0944244 -0.00325587 -0.0392544
FixedParameters: 0 0 0

#Transform 15
Transform: AffineTransform_float_3_3
Parameters: 0.999998 -0.000223639 -0.00154749 0.000221347 0.999999 -0.00172512 0.00154751 0.00172476 0.999998 -0.0147759 -0.0145848 0.0307322
FixedParameters: 0 0 0

#Transform 16
Transform: AffineTransform_float_3_3
Parameters: 0.999999 -0.00068502 0.000532058 0.000685877 1 -0.000900408 -0.000531081 0.000901123 1 0.0121282 0.0391735 0.0905202
FixedParameters: 0 0 0

#Transform 17
Transform: AffineTransform_float_3_3
Parameters: 0.999998 -0.000339271 -0.00158593 0.000335816 0.999999 -0.00175871 0.00158673 0.00175786 0.999998 -0.0582017 -0.0788494 0.041175
FixedParameters: 0 0 0

#Transform 18
Transform: AffineTransform_float_3_3
Parameters: 0.999999 -0.000804137 0.000314747 0.000804038 0.999999 0.000157261 -0.000315 -0.000156754 1 -0.00435981 0.0591843 0.234695
FixedParameters: 0 0 0

#Transform 19
Transform: AffineTransform_float_3_3
Parameters: 1 -0.000786212 0.000891109 0.000787107 0.999999 -0.0012159 -0.000889731 0.0012171 0.999999 0.02312 0.0361403 0.0660242
FixedParameters: 0 0 0

#Transform 20
Transform: AffineTransform_float_3_3
Parameters: 1 -0.000425364 0.0001492 0.000425594 0.999999 -0.000774665 -0.000148541 0.000774792 0.999999 0.00229702 0.0196245 0.0453157
FixedParameters: 0 0 0

#Transform 21
Transform: AffineTransform_float_3_3
Parameters: 0.999999 0.000839328 -0.00156522 -0.000841558 0.999999 -0.000827082 0.00156399 0.000828268 0.999999 -0.0440985 0.0182725 0.0251902
FixedParameters: 0 0 0

#Transform 22
Transform: AffineTransform_float_3_3
Parameters: 0.999994 0.001127 -0.00331912 -0.00112458 1 0.000621964 0.00331971 -0.000617821 0.999994 -0.097088 0.0339671 0.060473
FixedParameters: 0 0 0

#Transform 23
Transform: AffineTransform_float_3_3
Parameters: 0.999997 0.00144702 -0.00232162 -0.00144635 0.999999 0.00046415 0.0023231 -0.000461294 0.999998 -0.105057 0.00458164 -0.252944
FixedParameters: 0 0 0

#Transform 24
Transform: AffineTransform_float_3_3
Parameters: 0.999996 0.00225829 -0.00185761 -0.00225885 0.999997 -2.18063e-05 0.00185784 2.51596e-05 0.999998 -0.087837 0.0337298 -0.236812
FixedParameters: 0 0 0

#Transform 25
Transform: AffineTransform_float_3_3
Parameters: 0.999992 0.00278127 -0.00267702 -0.00278138 0.999996 0.000117153 0.00267662 -0.000109596 0.999996 -0.075285 0.015605 -0.310765
FixedParameters: 0 0 0

#Transform 26
Transform: AffineTransform_float_3_3
Parameters: 0.999992 0.00281624 -0.00299406 -0.00281864 0.999995 -0.000878747 0.00299106 0.000887412 0.999995 -0.0458777 0.000326836 -0.385588
FixedParameters: 0 0 0

#Transform 27
Transform: AffineTransform_float_3_3
Parameters: 0.999982 0.00390795 -0.00452247 -0.00389759 0.99999 0.00237001 0.0045318 -0.00235252 0.999987 -0.0839287 0.105211 -0.128808
FixedParameters: 0 0 0

#Transform 28
Transform: AffineTransform_float_3_3
Parameters: 0.999971 0.00430355 -0.0064317 -0.00428058 0.999984 0.00353874 0.00644626 -0.00351142 0.999973 -0.0969293 -0.0599931 -0.297382
FixedParameters: 0 0 0

#Transform 29
Transform: AffineTransform_float_3_3
Parameters: 0.999966 0.00443562 -0.00702043 -0.00442546 0.999989 0.00147477 0.00702726 -0.00144366 0.999974 -0.12752 0.0158665 -0.454105
FixedParameters: 0 0 0

#Transform 30
Transform: AffineTransform_float_3_3
Parameters: 0.99995 0.0048385 -0.00878219 -0.00483183 0.999988 0.000647738 0.00878557 -0.0006057 0.999961 -0.192 -0.0140359 -0.577882
FixedParameters: 0 0 0

#Transform 31
Transform: AffineTransform_float_3_3
Parameters: 0.999849 -0.00574206 0.0163924 0.00581251 0.999974 -0.00422589 -0.016368 0.00432043 0.999856 0.697938 -0.124699 -0.490365
FixedParameters: 0 0 0

#Transform 32
Transform: AffineTransform_float_3_3
Parameters: 0.999977 -0.00275419 0.00608569 0.00277095 0.999992 -0.00276479 -0.00607833 0.00278144 0.999978 0.309514 -0.00658828 -0.340875
FixedParameters: 0 0 0

#Transform 33
Transform: AffineTransform_float_3_3
Parameters: 0.999992 -0.00182654 0.00334822 0.00183543 0.999995 -0.00241669 -0.00334402 0.00242329 0.999991 0.172911 0.0199869 -0.29279
FixedParameters: 0 0 0

#Transform 34
Transform: AffineTransform_float_3_3
Parameters: 0.999996 -0.0013654 0.00268135 0.00137179 0.999996 -0.00251433 -0.00267744 0.00251836 0.999993 0.151502 0.0116112 -0.280364
FixedParameters: 0 0 0

#Transform 35
Transform: AffineTransform_float_3_3
Parameters: 0.999996 -0.00114905 0.00252235 0.00115483 0.999997 -0.00211487 -0.00252028 0.00211836 0.999995 0.132644 -0.0156605 -0.264324
FixedParameters: 0 0 0

#Transform 36
Transform: AffineTransform_float_3_3
Parameters: 0.999997 -0.00117365 0.00204391 0.00117898 0.999996 -0.00256032 -0.0020409 0.00256285 0.999995 0.152482 0.0471537 -0.335306
FixedParameters: 0 0 0

#Transform 37
Transform: AffineTransform_float_3_3
Parameters: 0.999998 -0.000556551 0.0017154 0.000559799 0.999999 -0.00157798 -0.00171412 0.00157886 0.999997 0.139759 0.00129438 -0.335567
FixedParameters: 0 0 0

#Transform 38
Transform: AffineTransform_float_3_3
Parameters: 0.999998 -0.00047087 0.00176624 0.000472585 0.999999 -0.00119671 -0.00176649 0.00119792 0.999997 0.117513 -0.0332606 -0.354645
FixedParameters: 0 0 0

#Transform 39
Transform: AffineTransform_float_3_3
Parameters: 1 -0.000390679 0.000344281 0.000391837 0.999998 -0.00197592 -0.000343249 0.00197616 0.999998 0.122613 0.024654 -0.479041
FixedParameters: 0 0 0

#Transform 40
Transform: AffineTransform_float_3_3
Parameters: 0.999999 0.000869087 0.000396824 -0.000868319 0.999999 -0.000527223 -0.000396844 0.000526627 1 0.0842708 -0.0910793 -0.366233
FixedParameters: 0 0 0

#Transform 41
Transform: AffineTransform_float_3_3
Parameters: 0.999999 0.000641319 0.000721032 -0.000640529 1 -0.000396162 -0.000720593 0.00039606 0.999999 0.0780768 0.00102439 -0.365965
FixedParameters: 0 0 0

#Transform 42
Transform: AffineTransform_float_3_3
Parameters: 0.999999 0.000518562 0.00131119 -0.000516908 0.999999 -0.000982765 -0.00131185 0.000981982 0.999998 0.0779943 0.032363 -0.402383
FixedParameters: 0 0 0

#Transform 43
Transform: AffineTransform_float_3_3
Parameters: 0.999957 0.000137027 0.00923502 -0.000134051 1 -0.000406122 -0.00923528 0.000405254 0.999957 0.248314 -0.041733 -0.342579
FixedParameters: 0 0 0

#Transform 44
Transform: AffineTransform_float_3_3
Parameters: 0.999993 6.58834e-05 0.00353377 -6.93105e-05 1 0.000869086 -0.00353368 -0.000868792 0.999993 0.0891269 0.14051 -0.429105
FixedParameters: 0 0 0

#Transform 45
Transform: AffineTransform_float_3_3
Parameters: 0.999994 0.00027691 0.00325067 -0.00027714 1 9.50027e-05 -0.00325077 -9.56022e-05 0.999995 0.0793485 -0.0218587 -0.321828
FixedParameters: 0 0 0

#Transform 46
Transform: AffineTransform_float_3_3
Parameters: 0.999993 0.000292158 0.00367598 -0.000293907 1 0.000446955 -0.00367602 -0.000448521 0.999993 0.066382 -0.0296098 -0.297886
FixedParameters: 0 0 0

#Transform 47
Transform: AffineTransform_float_3_3
Parameters: 0.999997 -0.000422719 0.0026047 0.000422262 1 0.000249669 -0.00260391 -0.000248192 0.999997 0.0639185 0.0308847 -0.234007
FixedParameters: 0 0 0

#Transform 48
Transform: AffineTransform_float_3_3
Parameters: 0.99968 0.00640978 0.0244731 -0.00645816 0.999977 0.00187971 -0.0244601 -0.00203706 0.999699 0.490508 -0.175807 0.47811
FixedParameters: 0 0 0

#Transform 49
Transform: AffineTransform_float_3_3
Parameters: 0.999936 0.0012603 0.0113213 -0.00138763 0.999935 0.0113206 -0.0113064 -0.0113355 0.999872 0.227879 0.209412 0.118167
FixedParameters: 0 0 0

#Transform 50
Transform: AffineTransform_float_3_3
Parameters: 0.999982 0.000311132 0.00592089 -0.00034661 0.999982 0.00598548 -0.00591915 -0.00598765 0.999965 0.0943907 -0.000951351 -0.15736
FixedParameters: 0 0 0

#Transform 51
Transform: AffineTransform_float_3_3
Parameters: 0.999984 -0.000479678 0.00554267 0.000454604 0.999989 0.00455945 -0.00554464 -0.00455646 0.999974 0.0855227 0.0428423 -0.0530746
FixedParameters: 0 0 0

#Transform 52
Transform: AffineTransform_float_3_3
Parameters: 0.999982 -0.00188317 0.00560424 0.00187426 0.999997 0.00152476 -0.00560692 -0.0015139 0.999983 0.131915 0.0276546 0.0365867
FixedParameters: 0 0 0

#Transform 53
Transform: AffineTransform_float_3_3
Parameters: 0.999982 -0.000949649 0.00588128 0.000943825 0.999999 0.00101195 -0.00588201 -0.00100649 0.999982 0.133286 0.0780876 -0.0313498
FixedParameters: 0 0 0

#Transform 54
Transform: AffineTransform_float_3_3
Parameters: 0.999984 -0.000711183 0.00558949 0.000704559 0.999999 0.00112319 -0.0055891 -0.00111869 0.999983 0.128792 0.015133 0.0381263
FixedParameters: 0 0 0

#Transform 55
Transform: AffineTransform_float_3_3
Parameters: 0.999986 -0.000826089 0.00523615 0.000822974 1 0.000699194 -0.00523701 -0.000694949 0.999987 0.118169 0.0525853 0.0545352
FixedParameters: 0 0 0

#Transform 56
Transform: AffineTransform_float_3_3
Parameters: 0.999987 -0.000790816 0.00488458 0.000787803 1 0.000617512 -0.0048848 -0.000614191 0.999988 0.118583 0.0306616 0.0444271
FixedParameters: 0 0 0

#Transform 57
Transform: AffineTransform_float_3_3
Parameters: 0.999987 -0.000847067 0.00491939 0.00084563 0.999999 0.000230385 -0.0049192 -0.00022607 0.999988 0.103165 0.0430615 0.0712508
FixedParameters: 0 0 0

#Transform 58
Transform: AffineTransform_float_3_3
Parameters: 0.999991 -0.00136689 0.00389669 0.00136606 1 0.000118039 -0.00389718 -0.000112696 0.999992 0.0685972 -0.01879 0.0761397
FixedParameters: 0 0 0

#Transform 59
Transform: AffineTransform_float_3_3
Parameters: 0.999991 -0.000530762 0.00402114 0.000529021 1 0.000628559 -0.00402147 -0.000626362 0.999991 0.035078 0.107212 0.0279278
FixedParameters: 0 0 0

#Transform 60
Transform: AffineTransform_float_3_3
Parameters: 0.999988 -0.00083897 0.00489259 0.000836475 1 0.00068128 -0.00489313 -0.000678085 0.999988 0.0776953 0.04687 0.0711222
FixedParameters: 0 0 0

#Transform 61
Transform: AffineTransform_float_3_3
Parameters: 0.999984 -0.0010734 0.00564527 0.00106776 0.999999 0.000956614 -0.00564576 -0.000950981 0.999984 0.0891814 0.0314149 0.0986755
FixedParameters: 0 0 0

#Transform 62
Transform: AffineTransform_float_3_3
Parameters: 0.999984 -0.00124362 0.005362 0.00124045 0.999999 0.000548031 -0.00536188 -0.000541364 0.999985 0.0727936 0.0539678 0.112225
FixedParameters: 0 0 0

#Transform 63
Transform: AffineTransform_float_3_3
Parameters: 0.999971 -0.00207976 0.00732231 0.00207571 0.999998 0.000520823 -0.00732357 -0.000506099 0.999973 0.101394 0.0537812 0.15641
FixedParameters: 0 0 0

#Transform 64
Transform: AffineTransform_float_3_3
Parameters: 0.999974 -0.00222618 0.00692074 0.00222166 0.999998 0.000591404 -0.00692146 -0.000576131 0.999976 0.0840234 0.0694652 0.16144
FixedParameters: 0 0 0

#Transform 65
Transform: AffineTransform_float_3_3
Parameters: 0.999978 -0.00141586 0.00654956 0.00140856 0.999998 0.00115956 -0.00655173 -0.00114957 0.999978 0.0696622 0.0380102 0.133093
FixedParameters: 0 0 0

#Transform 66
Transform: AffineTransform_float_3_3
Parameters: 0.999992 -0.00014602 0.00393889 0.000146679 1 -8.87042e-05 -0.00393855 8.94611e-05 0.999993 0.0850607 0.144433 -0.28761
FixedParameters: 0 0 0

#Transform 67
Transform: AffineTransform_float_3_3
Parameters: 0.999984 -0.0010938 0.00548519 0.00108716 0.999998 0.00114748 -0.00548645 -0.00114182 0.999984 0.00272948 -0.0056517 0.109776
FixedParameters: 0 0 0

#Transform 68
Transform: AffineTransform_float_3_3
Parameters: 0.999979 -0.00200798 0.00620251 0.0020058 0.999998 0.000261442 -0.00620361 -0.000249419 0.999981 -0.0214526 0.0563274 0.230958
FixedParameters: 0 0 0

#Transform 69
Transform: AffineTransform_float_3_3
Parameters: 0.999977 -0.0021479 0.00640232 0.00214336 0.999998 0.000700365 -0.00640299 -0.000687386 0.999979 -0.0150047 0.0704818 0.179544
FixedParameters: 0 0 0

#Transform 70
Transform: AffineTransform_float_3_3
Parameters: 0.999979 -0.0019584 0.00612264 0.00195129 0.999998 0.0010826 -0.00612479 -0.00107075 0.999981 -0.0309534 0.0453671 0.123667
FixedParameters: 0 0 0

#Transform 71
Transform: AffineTransform_float_3_3
Parameters: 0.999987 -0.000451791 0.00508654 0.000443167 0.999998 0.0017595 -0.00508804 -0.00175725 0.999986 0.0011838 0.098033 -0.000350937
FixedParameters: 0 0 0

#Transform 72
Transform: AffineTransform_float_3_3
Parameters: 0.999989 -0.000115435 0.00488572 0.000103427 0.999997 0.00245906 -0.00488653 -0.00245912 0.999985 -0.00997448 0.0904398 0.0132055
FixedParameters: 0 0 0

#Transform 73
Transform: AffineTransform_float_3_3
Parameters: 0.999988 -0.00126975 0.00488709 0.00126841 0.999999 0.000221065 -0.0048875 -0.000214822 0.999988 -0.034339 0.00817308 0.0896593
FixedParameters: 0 0 0

#Transform 74
Transform: AffineTransform_float_3_3
Parameters: 0.999963 -0.000308092 0.00852089 0.000288733 0.999997 0.00228902 -0.00852121 -0.00228665 0.999961 0.221058 0.000438549 -0.235817
FixedParameters: 0 0 0

#Transform 75
Transform: AffineTransform_float_3_3
Parameters: 0.999984 -0.000567949 0.00562096 0.000557392 0.999998 0.00174591 -0.00562144 -0.00174266 0.999983 0.197179 0.00509135 -0.216524
FixedParameters: 0 0 0

#Transform 76
Transform: AffineTransform_float_3_3
Parameters: 0.999993 -0.00116325 0.00373774 0.00116224 0.999999 0.000147151 -0.00373825 -0.000143088 0.999993 0.185564 0.0220716 -0.186834
FixedParameters: 0 0 0

#Transform 77
Transform: AffineTransform_float_3_3
Parameters: 0.999996 -0.000333709 0.0025384 0.000332501 1 0.000496895 -0.00253924 -0.000495931 0.999997 0.135164 0.0343632 -0.203086
FixedParameters: 0 0 0

#Transform 78
Transform: AffineTransform_float_3_3
Parameters: 1 0.000671141 -0.00020148 -0.000669888 0.999997 0.00242847 0.000202709 -0.00242823 0.999997 0.0089245 0.018918 -0.151568
FixedParameters: 0 0 0

#Transform 79
Transform: AffineTransform_float_3_3
Parameters: 0.99997 -0.00186729 0.00752008 0.00187622 0.999998 -0.00122895 -0.00751787 0.001243 0.999971 0.0444065 0.120238 0.167299
FixedParameters: 0 0 0

#Transform 80
Transform: AffineTransform_float_3_3
Parameters: 0.999973 -0.00175873 0.00720953 0.00176589 0.999998 -0.00109867 -0.00720735 0.00111167 0.999973 -0.0152093 0.0896926 0.171404
FixedParameters: 0 0 0

#Transform 81
Transform: AffineTransform_float_3_3
Parameters: 0.999975 -0.00150525 0.00692249 0.00151163 0.999998 -0.000954686 -0.00692161 0.000964846 0.999976 -0.00848614 0.0616938 0.149834
FixedParameters: 0 0 0

#Transform 82
Transform: AffineTransform_float_3_3
Parameters: 0.999986 -0.00208007 0.00490338 0.00208238 0.999998 -0.000466335 -0.00490183 0.000476609 0.999988 0.0215197 0.190908 0.168277
FixedParameters: 0 0 0

#Transform 83
Transform: AffineTransform_float_3_3
Parameters: 0.999974 -0.00322315 0.00641529 0.00323236 0.999993 -0.0014772 -0.00641022 0.00149842 0.999978 0.0845877 -0.0765873 0.315385
FixedParameters: 0 0 0

#Transform 84
Transform: AffineTransform_float_3_3
Parameters: 0.999976 -0.00305027 0.00616884 0.00305929 0.999994 -0.00143768 -0.0061642 0.00145608 0.99998 0.0410666 0.083164 0.308995
FixedParameters: 0 0 0

#Transform 85
Transform: AffineTransform_float_3_3
Parameters: 0.999976 -0.00306978 0.00625138 0.00306732 0.999995 0.00025484 -0.00625236 -0.000235726 0.99998 0.0938237 0.0739862 0.260319
FixedParameters: 0 0 0

#Transform 86
Transform: AffineTransform_float_3_3
Parameters: 0.999989 -0.000988883 0.00470276 0.000985477 0.999999 0.000792233 -0.00470367 -0.000787899 0.999989 0.144756 0.103378 -0.134141
FixedParameters: 0 0 0

#Transform 87
Transform: AffineTransform_float_3_3
Parameters: 0.99999 -0.000833382 0.00426016 0.00083256 1 0.000258992 -0.00426053 -0.000255715 0.999991 0.106235 0.0406592 -0.00478022
FixedParameters: 0 0 0

#Transform 88
Transform: AffineTransform_float_3_3
Parameters: 0.99999 -0.000968769 0.0044561 0.000978044 0.999997 -0.00193183 -0.00445438 0.00193605 0.999989 0.102289 0.0450927 0.0169856
FixedParameters: 0 0 0

#Transform 89
Transform: AffineTransform_float_3_3
Parameters: 0.999988 -0.00136433 0.00463533 0.00137377 0.999997 -0.00198619 -0.00463226 0.00199283 0.999987 0.103428 0.0895363 -0.00367397
FixedParameters: 0 0 0

#Transform 90
Transform: AffineTransform_float_3_3
Parameters: 0.999979 0.000527949 0.00652067 -0.000552335 0.999993 0.00375584 -0.00651885 -0.0037586 0.999972 0.097768 0.114659 -0.0991076
FixedParameters: 0 0 0

#Transform 91
Transform: AffineTransform_float_3_3
Parameters: 0.999978 0.000845946 0.00650467 -0.000868343 0.999994 0.00340535 -0.00650209 -0.0034112 0.999973 0.0808082 0.0994214 -0.293002
FixedParameters: 0 0 0

#Transform 92
Transform: AffineTransform_float_3_3
Parameters: 0.999981 0.000286552 0.00621702 -0.000296744 0.999998 0.00172291 -0.00621671 -0.00172462 0.999979 0.0968928 0.10017 -0.373605
FixedParameters: 0 0 0

#Transform 93
Transform: AffineTransform_float_3_3
Parameters: 0.999982 0.000235508 0.00605413 -0.000245908 0.999999 0.00180714 -0.00605332 -0.00180873 0.999981 0.100141 0.0591788 -0.348088
FixedParameters: 0 0 0

#Transform 94
Transform: AffineTransform_float_3_3
Parameters: 0.999991 0.000977609 0.00417891 -0.000982131 0.999999 0.00102688 -0.00417848 -0.00103143 0.99999 0.0424064 -0.0757616 -0.198537
FixedParameters: 0 0 0

#Transform 95
Transform: AffineTransform_float_3_3
Parameters: 0.999993 0.00345499 0.00134425 -0.00345775 0.999992 0.00232314 -0.00133602 -0.00232789 0.999997 0.0502235 0.096543 -0.315442
FixedParameters: 0 0 0

#Transform 96
Transform: AffineTransform_float_3_3
Parameters: 0.999997 0.00253503 0.00081334 -0.00253484 0.999997 -0.000938127 -0.000814912 0.000935515 1 0.132515 0.263345 -0.599689
FixedParameters: 0 0 0

#Transform 97
Transform: AffineTransform_float_3_3
Parameters: 0.999991 0.00121193 0.00389522 -0.00120448 0.999997 -0.00193169 -0.00389751 0.00192685 0.99999 0.156452 0.00292274 -0.488713
FixedParameters: 0 0 0

#Transform 98
Transform: AffineTransform_float_3_3
Parameters: 0.999991 0.0011359 0.00426868 -0.00113144 0.999999 -0.00107611 -0.00427031 0.00107046 0.99999 0.128355 0.0231552 -0.480437
FixedParameters: 0 0 0

#Transform 99
Transform: AffineTransform_float_3_3
Parameters: 0.999994 0.000872843 0.00339632 -0.000871233 0.999999 -0.000542278 -0.00339749 0.00053939 0.999994 0.0967726 0.0706649 -0.427821
FixedParameters: 0 0 0

#Transform 100
Transform: AffineTransform_float_3_3
Parameters: 0.999738 -0.00459229 0.0224187 0.00468707 0.99998 -0.00417695 -0.0223985 0.0042807 0.99974 0.533921 -0.00184909 -0.423665
FixedParameters: 0 0 0

#Transform 101
Transform: AffineTransform_float_3_3
Parameters: 0.999853 -0.00352247 0.0167784 0.00358281 0.999987 -0.00360025 -0.016765 0.00366004 0.999853 0.252003 0.0662651 -0.388981
FixedParameters: 0 0 0

#Transform 102
Transform: AffineTransform_float_3_3
Parameters: 0.999901 -0.00374091 0.0135608 0.00377257 0.99999 -0.0022984 -0.013552 0.00234943 0.999905 0.23738 0.0619969 -0.327272
FixedParameters: 0 0 0

#Transform 103
Transform: AffineTransform_float_3_3
Parameters: 0.999926 -0.00312498 0.0117865 0.00315254 0.999992 -0.00233761 -0.0117792 0.0023744 0.999928 0.207848 0.0301896 -0.347175
FixedParameters: 0 0 0

#Transform 104
Transform: AffineTransform_float_3_3
Parameters: 0.99993 -0.00315899 0.01144 0.00318822 0.999992 -0.00250442 -0.0114316 0.00253998 0.999932 0.197089 0.0526142 -0.351845
FixedParameters: 0 0 0

#Transform 105
Transform: AffineTransform_float_3_3
Parameters: 0.999936 -0.00318673 0.0108303 0.00320991 0.999992 -0.00216189 -0.0108239 0.00219714 0.999939 0.18028 0.0547217 -0.307157
FixedParameters: 0 0 0

#Transform 106
Transform: AffineTransform_float_3_3
Parameters: 0.999849 -0.00173385 0.0173178 0.00181306 0.999988 -0.00455362 -0.0173101 0.00458448 0.99984 0.324936 -0.00211351 -0.37514
FixedParameters: 0 0 0

#Transform 107
Transform: AffineTransform_float_3_3
Parameters: 0.999433 -0.0149943 0.03015 0.0151988 0.999863 -0.00657405 -0.0300468 0.00702886 0.999524 0.490607 0.000676799 -0.31521
FixedParameters: 0 0 0

#Transform 108
Transform: AffineTransform_float_3_3
Parameters: 0.999633 -0.0110607 0.0247227 0.0111673 0.999929 -0.00415154 -0.0246754 0.00442609 0.999686 0.401063 0.0776332 -0.296032
FixedParameters: 0 0 0

#Transform 109
Transform: AffineTransform_float_3_3
Parameters: 0.999803 -0.00550262 0.0190361 0.00561439 0.999967 -0.00579664 -0.0190034 0.00590262 0.999802 0.097106 0.120604 -0.436129
FixedParameters: 0 0 0

#Transform 110
Transform: AffineTransform_float_3_3
Parameters: 0.999932 0.00853389 0.00803051 -0.00851815 0.999962 -0.00205738 -0.00804841 0.00198882 0.999966 -0.258439 0.20678 -0.43317
FixedParameters: 0 0 0

#Transform 111
Transform: AffineTransform_float_3_3
Parameters: 0.999953 0.00693892 0.00678135 -0.00697215 0.999963 0.00495593 -0.00674694 -0.00500266 0.999965 -0.341534 0.21951 0.521262
FixedParameters: 0 0 0

#Transform 112
Transform: AffineTransform_float_3_3
Parameters: 0.999915 0.00924221 0.00916327 -0.00923262 0.999957 -0.00110536 -0.00917283 0.00102049 0.999958 -0.335651 0.266858 -0.0387932
FixedParameters: 0 0 0

#Transform 113
Transform: AffineTransform_float_3_3
Parameters: 0.999944 0.0059149 0.00871013 -0.00591207 0.999983 -0.000355766 -0.0087123 0.000304113 0.999962 -0.219811 0.242008 -0.0753754
FixedParameters: 0 0 0

#Transform 114
Transform: AffineTransform_float_3_3
Parameters: 0.999952 0.005503 0.00819471 -0.00550837 0.999985 0.000574387 -0.00819133 -0.0006203 0.999967 -0.167573 0.211527 -0.131587
FixedParameters: 0 0 0

#Transform 115
Transform: AffineTransform_float_3_3
Parameters: 0.999953 0.00508601 0.00830157 -0.00510387 0.999985 0.00215714 -0.00829019 -0.00219967 0.999964 -0.0840965 0.192384 -0.0829971
FixedParameters: 0 0 0

#Transform 116
Transform: AffineTransform_float_3_3
Parameters: 0.999959 0.00496714 0.00762869 -0.00498208 0.999986 0.00189269 -0.00761963 -0.00193105 0.999969 -0.105592 0.204964 -0.0715571
FixedParameters: 0 0 0

#Transform 117
Transform: AffineTransform_float_3_3
Parameters: 0.999962 0.00551263 0.00675254 -0.00552651 0.999983 0.00202917 -0.00674149 -0.0020666 0.999975 -0.0743917 0.231924 -0.165658
FixedParameters: 0 0 0

#Transform 118
Transform: AffineTransform_float_3_3
Parameters: 0.999983 0.00345767 0.00474864 -0.00347109 0.999991 0.00272342 -0.00473857 -0.0027397 0.999985 -0.0462754 0.250722 -0.181983
FixedParameters: 0 0 0

#Transform 119
Transform: AffineTransform_float_3_3
Parameters: 0.999975 0.0031211 0.00637053 -0.00314874 0.999985 0.00441181 -0.00635695 -0.00443236 0.99997 -0.0671599 0.16933 -0.134677
FixedParameters: 0 0 0
