#Insight Transform File V1.0
#Transform 0
Transform: AffineTransform_float_3_3
Parameters: 0.999997 -0.00072258 -0.00210014 0.000748951 0.99992 0.0126855 0.00209052 -0.0126875 0.999918 -0.133823 0.100504 0.354447
FixedParameters: 0 0 0

#Transform 1
Transform: AffineTransform_float_3_3
Parameters: 0.999998 -0.00182073 -0.00087655 0.00184005 0.999741 0.0226894 0.0008347 -0.0226906 0.999742 -0.0875678 0.0931259 0.609445
FixedParameters: 0 0 0

#Transform 2
Transform: AffineTransform_float_3_3
Parameters: 0.999989 -0.00445066 0.00106116 0.00443781 0.999924 0.0115618 -0.00111298 -0.0115572 0.999932 -0.0171082 -0.117569 0.270407
FixedParameters: 0 0 0

#Transform 3
Transform: AffineTransform_float_3_3
Parameters: 0.999998 -0.00154996 -0.00136612 0.00156887 0.999896 0.0143669 0.00134375 -0.0143691 0.999896 -0.0920403 0.23443 0.258534
FixedParameters: 0 0 0

#Transform 4
Transform: AffineTransform_float_3_3
Parameters: 0.999999 -0.000710812 -0.00164952 0.000730647 0.999929 0.0118606 0.001641 -0.0118614 0.999928 -0.123521 0.0770758 0.4649
FixedParameters: 0 0 0

#Transform 5
Transform: AffineTransform_float_3_3
Parameters: 0.999986 -0.00433074 0.00321952 0.00433006 0.99999 0.000182325 -0.00322015 -0.000168675 0.999994 0.0616757 0.29732 -0.6414
FixedParameters: 0 0 0

#Transform 6
Transform: AffineTransform_float_3_3
Parameters: 0.999998 -0.00178315 0.000714625 0.00177793 0.999971 0.00737648 -0.000727945 -0.00737552 0.999972 0.0127449 -0.142291 0.512996
FixedParameters: 0 0 0

#Transform 7
Transform: AffineTransform_float_3_3
Parameters: 0.999999 -0.00141385 0.000237098 0.00141282 0.999986 0.00499714 -0.000244071 -0.00499586 0.999988 -0.010652 0.0311798 0.143674
FixedParameters: 0 0 0

#Transform 8
Transform: AffineTransform_float_3_3
Parameters: 0.999981 -0.00358846 -0.00504385 0.00358871 0.999993 1.63261e-05 0.00504367 -3.36729e-05 0.999987 -0.0243663 -0.126906 0.135168
FixedParameters: 0 0 0

#Transform 9
Transform: AffineTransform_float_3_3
Parameters: 0.999986 -0.0039586 -0.00356697 0.00396312 0.999991 0.00137708 0.00356094 -0.00139192 0.999993 -0.0067673 -0.0925959 0.214919
FixedParameters: 0 0 0

#Transform 10
Transform: AffineTransform_float_3_3
Parameters: 0.999998 -0.00111343 -0.00115609 0.00112092 0.999981 0.00614591 0.00114909 -0.00614709 0.99998 -0.0425842 0.00849295 0.302321
FixedParameters: 0 0 0

#Transform 11
Transform: AffineTransform_float_3_3
Parameters: 1 0.000247761 -0.000372676 -0.000245588 0.999986 0.00531309 0.000373963 -0.00531291 0.999986 -0.0256441 -0.0475232 0.240972
FixedParameters: 0 0 0

#Transform 12
Transform: AffineTransform_float_3_3
Parameters: 0.999999 -0.000437323 -0.00132025 0.00043306 0.999995 -0.00296597 0.00132103 0.00296503 0.999995 -0.00472614 -0.0280707 -0.0786971
FixedParameters: 0 0 0

#Transform 13
Transform: AffineTransform_float_3_3
Parameters: 0.999999 -0.00033756 -0.00126307 0.000335131 0.999998 -0.00219943 0.00126408 0.00219858 0.999997 -0.0148939 0.00837227 -0.0199796
FixedParameters: 0 0 0

#Transform 14
Transform: AffineTransform_float_3_3
Parameters: 1 -0.00041286 -0.0010025 0.000412875 0.999999 0.000452192 0.00100257 -0.000452809 1 -0.00814417 -0.0233732 0.116214
FixedParameters: 0 0 0

#Transform 15
Transform: AffineTransform_float_3_3
Parameters: 1 0.000275973 7.00316e-06 -0.000276847 0.999999 -0.001313 -7.27814e-06 0.001313 0.999999 0.00662008 -0.0400257 -0.299827
FixedParameters: 0 0 0

#Transform 16
Transform: AffineTransform_float_3_3
Parameters: 1 -0.000344297 -5.25092e-05 0.000343511 0.999995 -0.00315902 5.37894e-05 0.00315898 0.999995 0.0203516 -0.0515633 -0.169005
FixedParameters: 0 0 0

#Transform 17
Transform: AffineTransform_float_3_3
Parameters: 1 -0.000359649 -0.000565478 0.000358749 0.999998 -0.0015842 0.000566165 0.0015838 0.999998 0.00959847 -0.046515 -0.0743093
FixedParameters: 0 0 0

#Transform 18
Transform: AffineTransform_float_3_3
Parameters: 1 -5.836e-05 0.000196662 5.89875e-05 0.999998 -0.00159599 -0.000196475 0.00159601 0.999998 0.0110309 -0.0595633 -0.18479
FixedParameters: 0 0 0

#Transform 19
Transform: AffineTransform_float_3_3
Parameters: 1 -0.000219171 0.000160388 0.000219128 0.999999 -0.00127097 -0.000160723 0.00127104 0.999999 0.0183378 -0.00119972 -0.208079
FixedParameters: 0 0 0

#Transform 20
Transform: AffineTransform_float_3_3
Parameters: 1 -0.000137523 -0.000397776 0.000136754 0.999999 -0.000965652 0.000398041 0.000966348 1 -0.000487876 0.023737 0.0247372
FixedParameters: 0 0 0

#Transform 21
Transform: AffineTransform_float_3_3
Parameters: 0.999998 0.000140057 -0.0016633 -0.000145045 0.999996 -0.00284416 0.00166248 0.00284484 0.999994 -0.0380028 0.0354633 -0.212835
FixedParameters: 0 0 0

#Transform 22
Transform: AffineTransform_float_3_3
Parameters: 1 -0.000483958 -0.00025931 0.000484603 0.999997 0.00209887 0.00025862 -0.00209912 0.999998 0.00145168 0.0187819 0.213333
FixedParameters: 0 0 0

#Transform 23
Transform: AffineTransform_float_3_3
Parameters: 1 -0.00033546 -0.000914896 0.000336607 1 0.00111469 0.000914598 -0.00111531 0.999999 0.00253001 0.0523937 0.0844232
FixedParameters: 0 0 0

#Transform 24
Transform: AffineTransform_float_3_3
Parameters: 0.999995 -0.00114299 -0.00290618 0.00115983 0.999982 0.00582287 0.0028991 -0.00582613 0.999979 -0.0227215 0.0894112 0.263993
FixedParameters: 0 0 0

#Transform 25
Transform: AffineTransform_float_3_3
Parameters: 0.999999 -0.000536602 -0.000762355 0.00053849 0.999995 0.00299799 0.000760484 -0.00299801 0.999995 -0.0107303 0.0532645 0.0680217
FixedParameters: 0 0 0

#Transform 26
Transform: AffineTransform_float_3_3
Parameters: 1 -2.11712e-05 -3.97213e-05 2.1193e-05 1 0.000273999 3.97097e-05 -0.000274001 1 0.0107858 -0.021762 -0.165138
FixedParameters: 0 0 0

#Transform 27
Transform: AffineTransform_float_3_3
Parameters: 1 0.000151025 -0.000451287 -0.000150274 0.999999 0.000832067 0.000451538 -0.000831931 0.999999 -0.0227021 0.00362563 0.362201
FixedParameters: 0 0 0

#Transform 28
Transform: AffineTransform_float_3_3
Parameters: 1 -0.00010684 -0.000332619 0.00010608 1 -0.00114204 0.000332862 0.00114197 1 0.00865761 0.0379619 -0.320484
FixedParameters: 0 0 0

#Transform 29
Transform: AffineTransform_float_3_3
Parameters: 0.999999 -0.000284867 -0.000730086 0.000284614 0.999999 -0.00139621 0.000729979 0.00139579 0.999999 -0.00366807 0.00545858 -0.310297
FixedParameters: 0 0 0

#Transform 30
Transform: AffineTransform_float_3_3
Parameters: 0.999989 -0.00385167 0.00272718 0.00385659 0.99999 -0.00205432 -0.00271933 0.00206468 0.999994 -0.00290031 0.113947 -0.524841
FixedParameters: 0 0 0

#Transform 31
Transform: AffineTransform_float_3_3
Parameters: 0.999998 -0.00105314 0.00161146 0.00104896 0.999996 0.0026857 -0.00161489 -0.0026843 0.999995 0.0417602 -0.106229 -0.0892311
FixedParameters: 0 0 0

#Transform 32
Transform: AffineTransform_float_3_3
Parameters: 0.999994 -0.000549219 0.00359495 0.000527255 0.999981 0.00610296 -0.00359803 -0.00610104 0.999975 0.0367501 -0.0119485 0.119885
FixedParameters: 0 0 0

#Transform 33
Transform: AffineTransform_float_3_3
Parameters: 0.999997 -0.000512992 0.00260625 0.000513018 0.999999 -4.44735e-06 -0.00260625 5.55261e-06 0.999997 0.0458343 -0.00957214 -0.204797
FixedParameters: 0 0 0

#Transform 34
Transform: AffineTransform_float_3_3
Parameters: 0.999997 -0.000123369 0.00220776 0.00012775 0.999998 -0.00180291 -0.00220774 0.00180308 0.999995 0.0673694 -0.0498772 -0.416086
FixedParameters: 0 0 0

#Transform 35
Transform: AffineTransform_float_3_3
Parameters: 0.999998 -0.000193064 0.00207043 0.000196925 0.999998 -0.00179679 -0.00207016 0.00179721 0.999996 0.0517155 0.0190226 -0.326335
FixedParameters: 0 0 0

#Transform 36
Transform: AffineTransform_float_3_3
Parameters: 0.999998 -0.000229698 0.00187307 0.000233466 0.999998 -0.00219976 -0.00187204 0.00220024 0.999996 0.0762331 -0.0456318 -0.448151
FixedParameters: 0 0 0

#Transform 37
Transform: AffineTransform_float_3_3
Parameters: 0.999998 0.000735289 0.00194266 -0.000740356 0.999997 0.00222377 -0.00194118 -0.00222422 0.999996 0.0695927 0.0633899 -0.738723
FixedParameters: 0 0 0

#Transform 38
Transform: AffineTransform_float_3_3
Parameters: 0.999998 0.000426548 0.00206322 -0.000437842 0.999984 0.00566312 -0.00206105 -0.00566388 0.999982 0.0584804 -0.169255 -0.69156
FixedParameters: 0 0 0

#Transform 39
Transform: AffineTransform_float_3_3
Parameters: 0.999993 0.00149976 0.00330659 -0.00150715 0.999995 0.00253405 -0.00330258 -0.00253895 0.999992 0.07044 -0.218029 -1.10047
FixedParameters: 0 0 0

#Transform 40
Transform: AffineTransform_float_3_3
Parameters: 0.999996 0.00166233 0.00197275 -0.00166637 0.999996 0.00226573 -0.0019688 -0.00226928 0.999996 0.0437359 0.234609 -1.21997
FixedParameters: 0 0 0

#Transform 41
Transform: AffineTransform_float_3_3
Parameters: 0.999992 -0.00165828 0.00382724 0.0016134 0.999933 0.0114563 -0.00384611 -0.0114507 0.999927 0.150542 0.191776 -1.48365
FixedParameters: 0 0 0

#Transform 42
Transform: AffineTransform_float_3_3
Parameters: 0.999986 0.000743165 0.00513379 -0.000801566 0.999934 0.0114401 -0.00512575 -0.0114439 0.999922 0.0703385 -0.0698507 -0.985542
FixedParameters: 0 0 0

#Transform 43
Transform: AffineTransform_float_3_3
Parameters: 0.999986 0.00151314 0.00502286 -0.00154941 0.999973 0.00717136 -0.00501221 -0.00717864 0.999961 0.0389288 0.018297 -1.15925
FixedParameters: 0 0 0

#Transform 44
Transform: AffineTransform_float_3_3
Parameters: 0.999971 -0.00248874 0.00718577 0.00244141 0.999975 0.00665923 -0.00720265 -0.00664177 0.999952 0.123364 0.172208 -2.48395
FixedParameters: 0 0 0

#Transform 45
Transform: AffineTransform_float_3_3
Parameters: 0.999949 -0.00214789 0.00993136 0.00203389 0.999932 0.0114814 -0.00995521 -0.0114606 0.999884 0.321145 0.0601743 -6.31789
FixedParameters: 0 0 0

#Transform 46
Transform: AffineTransform_float_3_3
Parameters: 0.999771 -0.00694492 0.0202418 0.00591878 0.998714 0.0503469 -0.0205655 -0.0502161 0.998526 0.39801 0.623781 -10.0874
FixedParameters: 0 0 0

#Transform 47
Transform: AffineTransform_float_3_3
Parameters: 0.999992 -0.0036511 -0.00115553 0.00366837 0.99988 0.015085 0.00110062 -0.01509 0.999885 -0.115103 -0.238234 -5.80689
FixedParameters: 0 0 0

#Transform 48
Transform: AffineTransform_float_3_3
Parameters: 0.999976 -0.0053053 0.00447409 0.00520604 0.999747 0.0219152 -0.00458983 -0.0218918 0.99975 0.429815 0.426425 -11.0553
FixedParameters: 0 0 0

#Transform 49
Transform: AffineTransform_float_3_3
Parameters: 0.999976 0.00157924 -0.00663736 -0.0014838 0.999896 0.0143535 0.0066589 -0.0143435 0.999875 -0.0812241 -0.419713 -6.76837
FixedParameters: 0 0 0

#Transform 50
Transform: AffineTransform_float_3_3
Parameters: 0.999826 0.00258613 -0.018443 -0.00263417 0.999993 -0.00260079 0.0184349 0.00264921 0.999826 -0.253916 -0.456772 -5.09264
FixedParameters: 0 0 0

#Transform 51
Transform: AffineTransform_float_3_3
Parameters: 0.999663 -2.65424e-06 -0.0259684 -0.000485565 0.999823 -0.0187974 0.0259636 0.0188037 0.999486 -0.348319 -0.8935 -5.13445
FixedParameters: 0 0 0

#Transform 52
Transform: AffineTransform_float_3_3
Parameters: 0.999609 -0.00262566 -0.027814 0.0027539 0.999986 0.00457476 0.0278013 -0.00464924 0.999603 -0.116423 0.310532 -5.61627
FixedParameters: 0 0 0

#Transform 53
Transform: AffineTransform_float_3_3
Parameters: 0.999729 -0.00472563 -0.0227635 0.00471757 0.999988 -0.000387673 0.0227652 0.000280316 0.999741 -0.0345801 0.0620168 -5.49847
FixedParameters: 0 0 0

#Transform 54
Transform: AffineTransform_float_3_3
Parameters: 0.999729 -0.00233744 -0.0231554 0.00264471 0.999909 0.0132344 0.0231232 -0.0132926 0.999644 -0.0340526 0.110916 -4.7514
FixedParameters: 0 0 0

#Transform 55
Transform: AffineTransform_float_3_3
Parameters: 0.999796 0.0002169 -0.020229 0.000113163 0.999867 0.0163243 0.0202307 -0.0163227 0.999662 -0.0848392 0.206943 -4.43464
FixedParameters: 0 0 0

#Transform 56
Transform: AffineTransform_float_3_3
Parameters: 0.999797 0.000449161 -0.0201527 -0.000112275 0.99986 0.0167563 0.0201573 -0.0167507 0.999657 -0.0994004 0.23115 -4.5002
FixedParameters: 0 0 0

#Transform 57
Transform: AffineTransform_float_3_3
Parameters: 0.999868 0.00155291 -0.0162039 -0.00122144 0.99979 0.0204476 0.016232 -0.0204244 0.99966 -0.0833124 0.270895 -4.27008
FixedParameters: 0 0 0

#Transform 58
Transform: AffineTransform_float_3_3
Parameters: 0.999854 0.0015515 -0.0170154 -0.00119783 0.999784 0.0207678 0.0170448 -0.0207442 0.99964 -0.113206 0.244439 -4.25083
FixedParameters: 0 0 0

#Transform 59
Transform: AffineTransform_float_3_3
Parameters: 0.999859 0.00104279 -0.0167192 -0.000713546 0.999806 0.0196859 0.0167363 -0.0196711 0.999666 -0.106973 0.300766 -4.30054
FixedParameters: 0 0 0

#Transform 60
Transform: AffineTransform_float_3_3
Parameters: 0.999833 0.000400819 -0.0182766 -8.34257e-05 0.999848 0.0174169 0.0182805 -0.0174121 0.999681 -0.104161 0.27124 -4.36764
FixedParameters: 0 0 0

#Transform 61
Transform: AffineTransform_float_3_3
Parameters: 0.999813 -0.000288028 -0.0193637 0.000609568 0.999862 0.0166123 0.0193568 -0.0166207 0.999674 -0.108111 0.287406 -4.44568
FixedParameters: 0 0 0

#Transform 62
Transform: AffineTransform_float_3_3
Parameters: 0.999816 9.12183e-05 -0.0191936 0.000189625 0.999893 0.0146536 0.0191933 -0.0146534 0.999708 -0.123157 0.232057 -4.45631
FixedParameters: 0 0 0

#Transform 63
Transform: AffineTransform_float_3_3
Parameters: 0.999825 0.000552313 -0.018702 -0.000272795 0.999888 0.0149812 0.0187084 -0.0149738 0.999712 -0.129723 0.190709 -4.42229
FixedParameters: 0 0 0

#Transform 64
Transform: AffineTransform_float_3_3
Parameters: 0.999831 0.000605429 -0.0184125 -0.000325789 0.999885 0.0151721 0.0184197 -0.0151629 0.999715 -0.130865 0.232286 -4.41936
FixedParameters: 0 0 0

#Transform 65
Transform: AffineTransform_float_3_3
Parameters: 0.99984 -0.0020918 -0.0178067 0.00237423 0.999871 0.0158821 0.0177713 -0.0159209 0.999715 -0.0713287 0.175637 -4.48689
FixedParameters: 0 0 0

#Transform 66
Transform: AffineTransform_float_3_3
Parameters: 0.999868 -0.00576656 -0.0152255 0.00599365 0.99987 0.0149323 0.0151375 -0.0150217 0.999772 -0.00118152 0.106401 -4.82745
FixedParameters: 0 0 0

#Transform 67
Transform: AffineTransform_float_3_3
Parameters: 0.999876 -0.00389263 -0.0153026 0.00420598 0.999781 0.0204922 0.0152195 -0.0205538 0.999673 -0.000369281 0.246124 -4.73079
FixedParameters: 0 0 0

#Transform 68
Transform: AffineTransform_float_3_3
Parameters: 0.999875 0.000153427 -0.015804 0.00034384 0.999504 0.031486 0.015801 -0.031488 0.999379 -0.0355458 0.538357 -3.94985
FixedParameters: 0 0 0

#Transform 69
Transform: AffineTransform_float_3_3
Parameters: 0.999867 0.00197443 -0.0162027 -0.0015673 0.999684 0.0250612 0.0162466 -0.0250327 0.999554 -0.0787907 0.606929 -4.38157
FixedParameters: 0 0 0

#Transform 70
Transform: AffineTransform_float_3_3
Parameters: 0.999877 0.00121438 -0.0156404 -0.00083921 0.999712 0.0239762 0.0156652 -0.0239598 0.999591 -0.0724219 0.166503 -4.12993
FixedParameters: 0 0 0

#Transform 71
Transform: AffineTransform_float_3_3
Parameters: 0.999879 0.00121053 -0.0155006 -0.000849144 0.999729 0.0232729 0.0155246 -0.0232571 0.999609 -0.069225 0.302283 -4.26832
FixedParameters: 0 0 0

#Transform 72
Transform: AffineTransform_float_3_3
Parameters: 0.999884 0.00156452 -0.015114 -0.00122726 0.99975 0.0223004 0.015145 -0.0222796 0.999637 -0.0719192 0.288803 -4.34293
FixedParameters: 0 0 0

#Transform 73
Transform: AffineTransform_float_3_3
Parameters: 0.999891 0.00155242 -0.0146476 -0.00122351 0.999749 0.02239 0.014678 -0.022369 0.999642 -0.0656708 0.262703 -4.33131
FixedParameters: 0 0 0

#Transform 74
Transform: AffineTransform_float_3_3
Parameters: 0.999894 0.00137219 -0.014508 -0.00103862 0.999736 0.0229652 0.0145357 -0.0229479 0.999631 -0.0610494 0.266214 -4.30402
FixedParameters: 0 0 0

#Transform 75
Transform: AffineTransform_float_3_3
Parameters: 0.99989 0.00197756 -0.0147348 -0.00164462 0.999744 0.0225714 0.0147763 -0.0225446 0.999637 -0.0765572 0.280961 -4.31921
FixedParameters: 0 0 0

#Transform 76
Transform: AffineTransform_float_3_3
Parameters: 0.999879 0.0016226 -0.0154648 -0.00128034 0.999755 0.0221156 0.0154968 -0.0220934 0.999636 -0.0752343 0.266935 -4.34123
FixedParameters: 0 0 0

#Transform 77
Transform: AffineTransform_float_3_3
Parameters: 0.99994 0.00191636 -0.0107628 -0.00169907 0.999796 0.0201303 0.0107994 -0.0201107 0.999739 0.00487955 0.121878 -6.1523
FixedParameters: 0 0 0

#Transform 78
Transform: AffineTransform_float_3_3
Parameters: 0.999992 -0.00373015 0.000822505 0.00371982 0.999926 0.0115201 -0.000865872 -0.0115169 0.999934 0.127988 0.572597 -10.7523
FixedParameters: 0 0 0

#Transform 79
Transform: AffineTransform_float_3_3
Parameters: 0.999867 0.000328629 -0.016315 -4.74003e-05 0.999852 0.0172238 0.0163177 -0.0172212 0.999718 -0.16444 -0.0520688 -5.73565
FixedParameters: 0 0 0

#Transform 80
Transform: AffineTransform_float_3_3
Parameters: 0.999916 0.00722701 -0.0107025 -0.00704889 0.999836 0.0166666 0.0108212 -0.0165894 0.999804 -0.136931 0.288258 -5.57463
FixedParameters: 0 0 0

#Transform 81
Transform: AffineTransform_float_3_3
Parameters: 0.999897 0.0030674 -0.0140532 -0.00284253 0.999869 0.015971 0.0141006 -0.01593 0.999774 -0.208317 0.386807 -5.68689
FixedParameters: 0 0 0

#Transform 82
Transform: AffineTransform_float_3_3
Parameters: 0.99991 0.00340242 -0.0129268 -0.00317005 0.999833 0.0180049 0.012986 -0.0179621 0.999755 -0.225351 0.3516 -5.61113
FixedParameters: 0 0 0

#Transform 83
Transform: AffineTransform_float_3_3
Parameters: 0.999938 0.00193504 -0.0108997 -0.00172176 0.999809 0.01947 0.0109355 -0.01945 0.999751 -0.164533 0.37303 -5.49438
FixedParameters: 0 0 0

#Transform 84
Transform: AffineTransform_float_3_3
Parameters: 0.999937 0.00174683 -0.0111444 -0.00155066 0.999845 0.0175791 0.0111736 -0.017561 0.999784 -0.172846 0.364964 -5.48964
FixedParameters: 0 0 0

#Transform 85
Transform: AffineTransform_float_3_3
Parameters: 0.999928 0.00161155 -0.0118374 -0.00139719 0.999836 0.0180561 0.011864 -0.0180379 0.999767 -0.177164 0.326458 -5.44862
FixedParameters: 0 0 0

#Transform 86
Transform: AffineTransform_float_3_3
Parameters: 0.999911 0.00143555 -0.0132244 -0.00119956 0.99984 0.017828 0.0132482 -0.01781 0.999754 -0.159836 0.385495 -5.45655
FixedParameters: 0 0 0

#Transform 87
Transform: AffineTransform_float_3_3
Parameters: 0.999905 0.00103273 -0.0137861 -0.000761537 0.999806 0.019707 0.0138034 -0.019695 0.999711 -0.143048 0.338674 -5.62637
FixedParameters: 0 0 0

#Transform 88
Transform: AffineTransform_float_3_3
Parameters: 0.999885 0.00100278 -0.0151772 -0.000721025 0.999828 0.0185458 0.0151933 -0.0185322 0.999713 -0.139368 0.381696 -5.75375
FixedParameters: 0 0 0

#Transform 89
Transform: AffineTransform_float_3_3
Parameters: 0.999877 0.00108359 -0.0156933 -0.000798328 0.999834 0.0181763 0.0157104 -0.0181617 0.999711 -0.140296 0.318818 -5.76731
FixedParameters: 0 0 0

#Transform 90
Transform: AffineTransform_float_3_3
Parameters: 0.999886 0.000970914 -0.0151136 -0.000689918 0.999827 0.018599 0.0151287 -0.018586 0.999713 -0.145637 0.331126 -5.79712
FixedParameters: 0 0 0

#Transform 91
Transform: AffineTransform_float_3_3
Parameters: 0.999872 0.000924419 -0.0160118 -0.000633785 0.999834 0.0181784 0.0160261 -0.0181656 0.999706 -0.128946 0.361972 -5.87004
FixedParameters: 0 0 0

#Transform 92
Transform: AffineTransform_float_3_3
Parameters: 0.999921 0.00273716 -0.012316 -0.00259093 0.999927 0.0118609 0.0123475 -0.0118281 0.999853 -0.0591069 0.413012 -7.42163
FixedParameters: 0 0 0

#Transform 93
Transform: AffineTransform_float_3_3
Parameters: 0.999909 0.00131989 -0.0134661 -0.00116483 0.999934 0.0114905 0.0134796 -0.0114735 0.999843 -0.0148489 0.312532 -8.42497
FixedParameters: 0 0 0

#Transform 94
Transform: AffineTransform_float_3_3
Parameters: 0.999921 0.00174759 -0.0124669 -0.00157352 0.999902 0.013958 0.0124902 -0.013938 0.999825 0.00285872 0.224794 -7.78288
FixedParameters: 0 0 0

#Transform 95
Transform: AffineTransform_float_3_3
Parameters: 0.999896 -0.000122619 -0.0144216 0.000247874 0.999962 0.00871376 0.0144193 -0.00871625 0.999858 0.0542224 0.354134 -8.47124
FixedParameters: 0 0 0

#Transform 96
Transform: AffineTransform_float_3_3
Parameters: 0.999922 0.00174829 -0.0124182 -0.00153788 0.999855 0.0169645 0.0124462 -0.0169445 0.999779 0.0128666 0.312552 -7.944
FixedParameters: 0 0 0

#Transform 97
Transform: AffineTransform_float_3_3
Parameters: 0.999902 0.00303518 -0.0136692 -0.00296879 0.999984 0.00483662 0.013684 -0.00479538 0.999895 0.00236891 0.0885363 -8.5702
FixedParameters: 0 0 0

#Transform 98
Transform: AffineTransform_float_3_3
Parameters: 0.999891 0.00174017 -0.014627 -0.00162989 0.999971 0.00751009 0.0146402 -0.00748491 0.999865 -0.00192806 0.154977 -8.55893
FixedParameters: 0 0 0

#Transform 99
Transform: AffineTransform_float_3_3
Parameters: 0.999908 0.00100363 -0.0135229 -0.000886284 0.999962 0.00867535 0.0135312 -0.00866265 0.99987 0.0299986 0.154746 -8.45608
FixedParameters: 0 0 0

#Transform 100
Transform: AffineTransform_float_3_3
Parameters: 0.999869 -0.000249725 -0.0161984 0.000483721 0.999895 0.0144672 0.0161932 -0.0144728 0.999764 -0.00844476 0.224109 -8.27056
FixedParameters: 0 0 0

#Transform 101
Transform: AffineTransform_float_3_3
Parameters: 0.999792 -0.00220957 -0.0202695 0.00262091 0.999791 0.0202653 0.0202196 -0.0203147 0.999589 -0.0289212 0.240161 -8.21058
FixedParameters: 0 0 0

#Transform 102
Transform: AffineTransform_float_3_3
Parameters: 0.999745 -0.00208828 -0.0225148 0.00257146 0.999767 0.0214342 0.0224646 -0.0214868 0.999517 -0.0870668 0.179049 -8.29442
FixedParameters: 0 0 0

#Transform 103
Transform: AffineTransform_float_3_3
Parameters: 0.999523 -0.00876944 -0.0296098 0.00959581 0.999566 0.0278592 0.029352 -0.0281298 0.999173 -0.15626 0.261928 -8.46678
FixedParameters: 0 0 0

#Transform 104
Transform: AffineTransform_float_3_3
Parameters: 0.999627 -0.00767184 -0.0262353 0.00861646 0.999311 0.0360855 0.0259401 -0.0362975 0.999004 -0.144198 0.284601 -8.18377
FixedParameters: 0 0 0

#Transform 105
Transform: AffineTransform_float_3_3
Parameters: 0.999745 -0.00573234 -0.0218488 0.00640865 0.999498 0.0310008 0.0216594 -0.0311332 0.999281 -0.072411 0.250901 -8.20205
FixedParameters: 0 0 0

#Transform 106
Transform: AffineTransform_float_3_3
Parameters: 0.999729 -0.00513959 -0.0227001 0.00579434 0.999566 0.0288577 0.0225416 -0.0289813 0.999326 -0.0648776 0.310594 -8.14167
FixedParameters: 0 0 0

#Transform 107
Transform: AffineTransform_float_3_3
Parameters: 0.999723 -0.00573115 -0.0228313 0.00641927 0.999524 0.0301574 0.0226474 -0.0302966 0.999284 -0.0491113 0.370017 -8.03559
FixedParameters: 0 0 0

#Transform 108
Transform: AffineTransform_float_3_3
Parameters: 0.9998 -0.0034363 -0.0196665 0.00414642 0.999337 0.036192 0.0195287 -0.036267 0.999152 -0.0378136 0.2606 -7.63795
FixedParameters: 0 0 0

#Transform 109
Transform: AffineTransform_float_3_3
Parameters: 0.999798 -0.00192527 -0.0199739 0.00243632 0.999669 0.0255907 0.0199175 -0.0256343 0.999474 -0.0404335 0.246177 -8.03727
FixedParameters: 0 0 0

#Transform 110
Transform: AffineTransform_float_3_3
Parameters: 0.999805 -0.00171482 -0.0197076 0.00201549 0.999881 0.0152402 0.0196792 -0.0152767 0.99969 -0.037434 0.338493 -8.28473
FixedParameters: 0 0 0

#Transform 111
Transform: AffineTransform_float_3_3
Parameters: 0.999784 -0.00319025 -0.0205164 0.00365376 0.999738 0.0226043 0.0204389 -0.0226737 0.999534 -0.015934 0.276687 -8.01647
FixedParameters: 0 0 0

#Transform 112
Transform: AffineTransform_float_3_3
Parameters: 0.999756 -0.00156861 -0.0220611 0.00207676 0.999733 0.0229932 0.0220191 -0.0230328 0.999492 -0.0684764 0.205555 -8.02586
FixedParameters: 0 0 0

#Transform 113
Transform: AffineTransform_float_3_3
Parameters: 0.999748 -0.0028083 -0.022243 0.00325121 0.999796 0.0199319 0.0221829 -0.0199991 0.999554 -0.0356929 0.274492 -8.26508
FixedParameters: 0 0 0

#Transform 114
Transform: AffineTransform_float_3_3
Parameters: 0.999721 -0.00319741 -0.0234109 0.00367931 0.999782 0.0205873 0.0233403 -0.0206677 0.999514 -0.111939 0.176547 -8.1756
FixedParameters: 0 0 0

#Transform 115
Transform: AffineTransform_float_3_3
Parameters: 0.999739 -0.00426058 -0.0224542 0.00468067 0.999815 0.0187082 0.0223713 -0.0188079 0.999573 -0.0590947 0.183279 -8.26755
FixedParameters: 0 0 0

#Transform 116
Transform: AffineTransform_float_3_3
Parameters: 0.999755 -0.00397692 -0.0217826 0.00434796 0.999845 0.0170304 0.0217118 -0.0171206 0.999617 -0.0599472 0.170231 -8.37608
FixedParameters: 0 0 0

#Transform 117
Transform: AffineTransform_float_3_3
Parameters: 0.999822 -0.00156071 -0.0188034 0.00187639 0.999857 0.0167928 0.0187742 -0.0168252 0.999682 -0.033304 0.206612 -8.31309
FixedParameters: 0 0 0

#Transform 118
Transform: AffineTransform_float_3_3
Parameters: 0.999775 -0.00245521 -0.0211004 0.00295853 0.999711 0.0238447 0.0210358 -0.0239013 0.999493 -0.0460095 0.275261 -8.00132
FixedParameters: 0 0 0

#Transform 119
Transform: AffineTransform_float_3_3
Parameters: 0.999766 -0.00233969 -0.0215344 0.00281287 0.999754 0.0219737 0.0214775 -0.0220293 0.999526 -0.0704447 0.309096 -8.1124
FixedParameters: 0 0 0
