#Insight Transform File V1.0
#Transform 0
Transform: AffineTransform_float_3_3
Parameters: 0.999997 0.00208425 -0.00132918 -0.00209455 0.999966 -0.00797604 0.00131227 0.00797896 0.999967 0.141695 0.129599 0.169085
FixedParameters: 0 0 0

#Transform 1
Transform: AffineTransform_float_3_3
Parameters: 0.999997 0.00115524 -0.00180076 -0.0011716 0.999958 -0.00905071 0.00179012 0.00905329 0.999957 0.164049 0.184751 -0.0685178
FixedParameters: 0 0 0

#Transform 2
Transform: AffineTransform_float_3_3
Parameters: 0.999977 0.00472255 0.00482549 -0.00470853 0.999985 -0.00286709 -0.00483944 0.00284491 0.999985 -0.0045907 0.284159 -0.82837
FixedParameters: 0 0 0

#Transform 3
Transform: AffineTransform_float_3_3
Parameters: 0.99999 0.00348125 0.00273423 -0.00347661 0.999993 -0.00183353 -0.00274094 0.00182347 0.999994 0.0680915 0.0716848 -1.49963
FixedParameters: 0 0 0

#Transform 4
Transform: AffineTransform_float_3_3
Parameters: 0.999991 0.00358988 0.00233399 -0.00358243 0.999989 -0.0032157 -0.002345 0.00320731 0.999992 0.0588804 0.0268954 -1.08856
FixedParameters: 0 0 0

#Transform 5
Transform: AffineTransform_float_3_3
Parameters: 0.999998 0.00170813 -0.000389434 -0.00170846 0.999996 -0.00247294 0.000385727 0.00247306 0.999997 0.102563 0.00217774 -0.222043
FixedParameters: 0 0 0

#Transform 6
Transform: AffineTransform_float_3_3
Parameters: 0.999997 0.00141763 -0.00162677 -0.0014222 0.999994 -0.00315769 0.00162222 0.00315931 0.999994 0.082665 0.117639 -0.130691
FixedParameters: 0 0 0

#Transform 7
Transform: AffineTransform_float_3_3
Parameters: 0.999998 0.00159433 -0.00137856 -0.00159866 0.999993 -0.003299 0.00137276 0.003302 0.999994 0.040463 0.166847 -0.269028
FixedParameters: 0 0 0

#Transform 8
Transform: AffineTransform_float_3_3
Parameters: 0.999998 0.0014142 -0.00122869 -0.00141579 0.999998 -0.00142176 0.00122719 0.00142324 0.999998 0.0420671 0.0895217 -0.260146
FixedParameters: 0 0 0

#Transform 9
Transform: AffineTransform_float_3_3
Parameters: 0.999998 0.00113875 -0.00157256 -0.0011418 0.999997 -0.00187531 0.00157049 0.00187669 0.999997 0.0432397 0.0648358 -0.23241
FixedParameters: 0 0 0

#Transform 10
Transform: AffineTransform_float_3_3
Parameters: 0.999999 0.000903377 -0.00149363 -0.000905853 0.999997 -0.00210045 0.00149172 0.00210155 0.999997 0.066017 0.027432 -0.135792
FixedParameters: 0 0 0

#Transform 11
Transform: AffineTransform_float_3_3
Parameters: 0.999998 0.000931837 -0.00141147 -0.000933234 0.999999 -0.00139188 0.00141013 0.00139312 0.999997 0.0632925 0.0327718 -0.0798145
FixedParameters: 0 0 0

#Transform 12
Transform: AffineTransform_float_3_3
Parameters: 0.999999 0.000846598 -0.00166385 -0.000848719 0.999998 -0.00168339 0.00166194 0.00168461 0.999997 0.0779679 0.103246 -0.131367
FixedParameters: 0 0 0

#Transform 13
Transform: AffineTransform_float_3_3
Parameters: 0.999999 0.000902405 -0.00149799 -0.000904916 0.999998 -0.00168345 0.00149621 0.00168455 0.999998 0.0619422 0.0635718 -0.0948673
FixedParameters: 0 0 0

#Transform 14
Transform: AffineTransform_float_3_3
Parameters: 0.999998 0.00132255 -0.00183 -0.0013274 0.999994 -0.00314258 0.00182577 0.00314443 0.999994 0.0557271 0.0711895 -0.104604
FixedParameters: 0 0 0

#Transform 15
Transform: AffineTransform_float_3_3
Parameters: 1 0.000143944 1.36076e-05 -0.000143854 0.999995 -0.003191 -1.4526e-05 0.003191 0.999995 -0.0714077 0.209658 -0.263379
FixedParameters: 0 0 0

#Transform 16
Transform: AffineTransform_float_3_3
Parameters: 1 7.58155e-06 -0.000390884 -8.29062e-06 0.999998 -0.002121 0.000390533 0.002121 0.999997 -0.0267242 0.101024 -0.201738
FixedParameters: 0 0 0

#Transform 17
Transform: AffineTransform_float_3_3
Parameters: 1 0.000145105 -0.000155289 -0.000145156 1 -0.00118498 0.000155893 0.00118502 1 -0.0347023 0.0532869 -0.148892
FixedParameters: 0 0 0

#Transform 18
Transform: AffineTransform_float_3_3
Parameters: 1 0.000170314 9.26337e-05 -0.000170157 0.999999 -0.000846015 -9.29217e-05 0.000845984 0.999999 -0.0318345 -0.0138461 -0.0666233
FixedParameters: 0 0 0

#Transform 19
Transform: AffineTransform_float_3_3
Parameters: 1 0.000187075 0.00014301 -0.000187031 1 -0.000152027 -0.000143067 0.000151973 1 -0.0316357 -0.0107034 0.0375708
FixedParameters: 0 0 0

#Transform 20
Transform: AffineTransform_float_3_3
Parameters: 1 -0.000271857 -0.000647145 0.000271943 0.999999 -0.000666176 0.00064719 0.000665824 0.999999 0.0205984 0.0326726 0.00252742
FixedParameters: 0 0 0

#Transform 21
Transform: AffineTransform_float_3_3
Parameters: 1 -0.000419931 -0.000371274 0.000420812 0.999999 0.00118884 0.000370274 -0.00118916 0.999999 0.0139533 -0.0338778 -0.0268568
FixedParameters: 0 0 0

#Transform 22
Transform: AffineTransform_float_3_3
Parameters: 1 0.000138185 -3.14085e-06 -0.000138191 0.999999 -0.000997999 2.86503e-06 0.000997999 0.999999 -0.0304086 0.0454866 -0.030416
FixedParameters: 0 0 0

#Transform 23
Transform: AffineTransform_float_3_3
Parameters: 1 0.000271663 0.000396317 -0.000271884 1 0.000277892 -0.000396166 -0.000278108 1 -0.0417199 0.00854439 -0.0169326
FixedParameters: 0 0 0

#Transform 24
Transform: AffineTransform_float_3_3
Parameters: 1 0.000301809 0.00038633 -0.000302748 0.999999 0.000803883 -0.000386792 -0.000804116 0.999999 -0.0142515 -0.0503565 0.0655552
FixedParameters: 0 0 0

#Transform 25
Transform: AffineTransform_float_3_3
Parameters: 1 0.000591501 -0.000201909 -0.000591364 1 0.000338119 0.000202309 -0.00033788 1 5.42324e-05 -0.00503828 0.0681536
FixedParameters: 0 0 0

#Transform 26
Transform: AffineTransform_float_3_3
Parameters: 1 -0.000280242 0.000148787 0.000280409 1 -0.000562958 -0.000148471 0.000563041 1 -0.00220204 0.0289446 0.0326067
FixedParameters: 0 0 0

#Transform 27
Transform: AffineTransform_float_3_3
Parameters: 0.999999 -0.000523569 -0.000911741 0.000523319 0.999999 -0.00117748 0.000912338 0.00117652 0.999999 0.0845325 0.0068152 -0.413627
FixedParameters: 0 0 0

#Transform 28
Transform: AffineTransform_float_3_3
Parameters: 0.999999 0.000224498 0.00135306 -0.00023458 0.99997 0.0077001 -0.00135207 -0.00770092 0.99997 0.173974 0.0398348 -1.32524
FixedParameters: 0 0 0

#Transform 29
Transform: AffineTransform_float_3_3
Parameters: 1 -0.000931431 0.000571139 0.000932072 0.999998 -0.00195077 -0.000569083 0.00195123 0.999998 0.0866361 -0.0233304 -0.563043
FixedParameters: 0 0 0

#Transform 30
Transform: AffineTransform_float_3_3
Parameters: 0.999979 0.00521973 0.00380069 -0.0052806 0.999854 0.0162384 -0.00371489 -0.0162576 0.999861 -0.0316227 -0.332802 -0.885598
FixedParameters: 0 0 0

#Transform 31
Transform: AffineTransform_float_3_3
Parameters: 0.999988 0.0026489 0.00393817 -0.00266539 0.999988 0.00405995 -0.00392702 -0.00407004 0.999984 -0.0958792 -0.217764 -0.420604
FixedParameters: 0 0 0

#Transform 32
Transform: AffineTransform_float_3_3
Parameters: 0.999998 0.00207271 7.58438e-05 -0.0020732 0.999992 0.00339915 -6.80742e-05 -0.00339985 0.999994 0.0124176 -0.143182 -0.174224
FixedParameters: 0 0 0

#Transform 33
Transform: AffineTransform_float_3_3
Parameters: 0.999994 0.00207361 -0.00272702 -0.00206341 0.999992 0.00349255 0.00273387 -0.00348645 0.99999 0.102698 0.00843925 -0.162894
FixedParameters: 0 0 0

#Transform 34
Transform: AffineTransform_float_3_3
Parameters: 0.999998 0.00121635 -0.00114522 -0.00121505 0.999999 0.00126119 0.00114671 -0.00125981 0.999998 0.0441587 -0.0251787 -0.217427
FixedParameters: 0 0 0

#Transform 35
Transform: AffineTransform_float_3_3
Parameters: 0.999999 0.00115209 -0.00106605 -0.00115142 0.999999 -0.000276973 0.00106604 0.000278028 0.999999 0.036163 0.0193133 -0.286322
FixedParameters: 0 0 0

#Transform 36
Transform: AffineTransform_float_3_3
Parameters: 0.999998 0.00109335 -0.00124214 -0.00109339 0.999999 -1.47414e-05 0.0012421 1.52585e-05 0.999999 0.0537232 0.00780572 -0.219876
FixedParameters: 0 0 0

#Transform 37
Transform: AffineTransform_float_3_3
Parameters: 0.999998 0.00111559 -0.00134386 -0.00111582 0.999999 0.0003854 0.00134408 -0.0003846 0.999999 0.0393473 0.0203458 -0.15848
FixedParameters: 0 0 0

#Transform 38
Transform: AffineTransform_float_3_3
Parameters: 0.999998 0.00084202 -0.00135624 -0.000841026 0.999999 0.000833242 0.00135701 -0.000831758 0.999999 0.0397125 0.0193547 -0.151503
FixedParameters: 0 0 0

#Transform 39
Transform: AffineTransform_float_3_3
Parameters: 1 0.00022428 -0.00103008 -0.000223056 1 0.000594531 0.00103034 -0.000593468 0.999999 0.019789 0.0461291 -0.179224
FixedParameters: 0 0 0

#Transform 40
Transform: AffineTransform_float_3_3
Parameters: 1 -0.000113523 0.000154471 0.000114442 0.999995 -0.00297998 -0.000153792 0.00298001 0.999995 -0.00248659 0.172503 -0.246885
FixedParameters: 0 0 0

#Transform 41
Transform: AffineTransform_float_3_3
Parameters: 1 -0.000738293 0.000656485 0.000738583 0.999998 -0.00142652 -0.000655957 0.00142748 0.999999 0.00537713 0.0513557 -0.0909576
FixedParameters: 0 0 0

#Transform 42
Transform: AffineTransform_float_3_3
Parameters: 1 -0.000650174 0.00089053 0.000651929 0.999998 -0.00134132 -0.00089068 0.00134168 0.999999 0.00137944 0.0881783 -0.0680926
FixedParameters: 0 0 0

#Transform 43
Transform: AffineTransform_float_3_3
Parameters: 1 -0.00092293 0.000717342 0.000923162 1 -0.000382639 -0.000717583 0.000383362 0.999999 0.012246 0.00171359 0.0181185
FixedParameters: 0 0 0

#Transform 44
Transform: AffineTransform_float_3_3
Parameters: 1 -0.000854607 0.000693049 0.000853346 0.999999 0.000908391 -0.000694601 -0.000908607 0.999999 0.0168105 -0.0025724 0.00454295
FixedParameters: 0 0 0

#Transform 45
Transform: AffineTransform_float_3_3
Parameters: 1 -0.000874227 0.00070007 0.000873556 1 0.000479311 -0.000700907 -0.000478689 0.999999 0.0226332 0.032806 0.0323169
FixedParameters: 0 0 0

#Transform 46
Transform: AffineTransform_float_3_3
Parameters: 1 -0.000864941 0.000696655 0.000864824 1 0.000764302 -0.000698294 -0.000763697 0.999999 0.0331782 0.00806044 0.064588
FixedParameters: 0 0 0

#Transform 47
Transform: AffineTransform_float_3_3
Parameters: 0.999999 -0.000907258 0.0010515 0.000905819 0.999999 0.00143675 -0.00105253 -0.00143625 0.999998 -0.0151089 0.00345698 -0.00615942
FixedParameters: 0 0 0

#Transform 48
Transform: AffineTransform_float_3_3
Parameters: 0.999998 -0.00119529 0.001134 0.00119377 0.999997 0.00192616 -0.00113639 -0.00192484 0.999997 0.0116259 -0.0608674 0.117774
FixedParameters: 0 0 0

#Transform 49
Transform: AffineTransform_float_3_3
Parameters: 0.999999 -0.000754768 0.00132223 0.000751585 0.999997 0.0022802 -0.00132346 -0.0022798 0.999997 0.0157958 -0.0909668 0.159649
FixedParameters: 0 0 0

#Transform 50
Transform: AffineTransform_float_3_3
Parameters: 0.999999 -0.00100644 0.00140562 0.00100379 0.999997 0.00240331 -0.00140761 -0.00240269 0.999996 0.0281428 -0.0817492 0.199995
FixedParameters: 0 0 0

#Transform 51
Transform: AffineTransform_float_3_3
Parameters: 0.999999 -0.00111709 0.00144173 0.00111315 0.999996 0.00279341 -0.00144512 -0.00279159 0.999995 0.0341034 -0.0850996 0.234036
FixedParameters: 0 0 0

#Transform 52
Transform: AffineTransform_float_3_3
Parameters: 0.999998 -0.00117731 0.0014623 0.00117337 0.999996 0.00242762 -0.00146485 -0.00242638 0.999996 0.038813 -0.0542701 0.212045
FixedParameters: 0 0 0

#Transform 53
Transform: AffineTransform_float_3_3
Parameters: 0.999999 -0.00112511 0.00144497 0.00112126 0.999996 0.00242752 -0.00144727 -0.00242647 0.999996 0.0341082 -0.0811196 0.236448
FixedParameters: 0 0 0

#Transform 54
Transform: AffineTransform_float_3_3
Parameters: 0.999999 -0.0009393 0.000923255 0.000936676 0.999995 0.00295856 -0.000926594 -0.00295743 0.999994 0.0214074 -0.0737498 0.230503
FixedParameters: 0 0 0

#Transform 55
Transform: AffineTransform_float_3_3
Parameters: 0.999998 -0.00124312 0.00148487 0.00124032 0.999997 0.00201005 -0.0014867 -0.00200795 0.999997 -0.0152139 -0.0376356 0.184138
FixedParameters: 0 0 0

#Transform 56
Transform: AffineTransform_float_3_3
Parameters: 0.999998 -0.00153792 0.0016955 0.00153323 0.999994 0.00306131 -0.00170048 -0.00305969 0.999994 -0.0116099 -0.123936 0.19199
FixedParameters: 0 0 0

#Transform 57
Transform: AffineTransform_float_3_3
Parameters: 0.999997 -0.00138274 0.00197294 0.00138073 0.999998 0.000911727 -0.00197388 -0.000909271 0.999997 -0.0357586 0.0295598 0.114991
FixedParameters: 0 0 0

#Transform 58
Transform: AffineTransform_float_3_3
Parameters: 0.999996 -0.00134127 0.00223684 0.00133684 0.999996 0.0021953 -0.00223924 -0.0021917 0.999995 -0.0179013 -0.124983 0.226452
FixedParameters: 0 0 0

#Transform 59
Transform: AffineTransform_float_3_3
Parameters: 0.999995 -0.00171107 0.0024413 0.00170497 0.999996 0.00241728 -0.00244513 -0.00241273 0.999995 -0.0324687 -0.0884836 0.189143
FixedParameters: 0 0 0

#Transform 60
Transform: AffineTransform_float_3_3
Parameters: 0.999996 -0.00178507 0.00219297 0.00177922 0.999996 0.00241661 -0.00219684 -0.00241239 0.999994 -0.023425 -0.0545179 0.218002
FixedParameters: 0 0 0

#Transform 61
Transform: AffineTransform_float_3_3
Parameters: 0.999995 -0.00195142 0.00271519 0.0019472 0.999997 0.0015953 -0.00271761 -0.0015907 0.999995 -0.0600353 -0.0448426 0.146805
FixedParameters: 0 0 0

#Transform 62
Transform: AffineTransform_float_3_3
Parameters: 0.999982 -0.00360634 0.00477875 0.00359312 0.99999 0.00274682 -0.00478805 -0.00273018 0.999984 -0.107052 -0.0266822 -0.617088
FixedParameters: 0 0 0

#Transform 63
Transform: AffineTransform_float_3_3
Parameters: 0.99998 -0.00248262 0.00569671 0.00246415 0.999992 0.00323662 -0.00570512 -0.00322238 0.999979 -0.189794 0.0181813 -0.728025
FixedParameters: 0 0 0

#Transform 64
Transform: AffineTransform_float_3_3
Parameters: 0.999986 -0.00270508 0.00453868 0.00271457 0.999994 -0.002191 -0.00453277 0.002204 0.999987 -0.148263 -0.0104583 -0.0998111
FixedParameters: 0 0 0

#Transform 65
Transform: AffineTransform_float_3_3
Parameters: 0.999987 -0.00308128 0.00422326 0.00309045 0.999993 -0.00194217 -0.00421723 0.00195482 0.999989 -0.132398 0.0265114 0.0158356
FixedParameters: 0 0 0

#Transform 66
Transform: AffineTransform_float_3_3
Parameters: 0.999986 -0.00286239 0.00458995 0.00288951 0.999979 -0.00585432 -0.00457265 0.00586768 0.999972 -0.207411 0.327671 -0.171283
FixedParameters: 0 0 0

#Transform 67
Transform: AffineTransform_float_3_3
Parameters: 0.999978 -0.00304765 0.00587526 0.00308144 0.999978 -0.00578411 -0.0058568 0.00580189 0.999966 -0.244712 0.188248 -0.126076
FixedParameters: 0 0 0

#Transform 68
Transform: AffineTransform_float_3_3
Parameters: 0.99998 -0.00281185 0.00556805 0.00284422 0.999979 -0.00586236 -0.00555125 0.00587864 0.999967 -0.209615 0.1908 -0.0852486
FixedParameters: 0 0 0

#Transform 69
Transform: AffineTransform_float_3_3
Parameters: 0.999988 -0.00306846 0.00363464 0.00309165 0.999975 -0.00642334 -0.00361461 0.00643467 0.999973 -0.0947728 0.0500233 -0.0318835
FixedParameters: 0 0 0

#Transform 70
Transform: AffineTransform_float_3_3
Parameters: 0.999983 -0.00459772 0.00351634 0.0046301 0.999947 -0.00924478 -0.00347392 0.00926123 0.999951 -0.0422949 0.279435 -0.209563
FixedParameters: 0 0 0

#Transform 71
Transform: AffineTransform_float_3_3
Parameters: 0.999984 -0.00463321 0.00325544 0.00467143 0.999916 -0.0121453 -0.00319955 0.0121597 0.999921 -0.0172882 0.431278 -0.291846
FixedParameters: 0 0 0

#Transform 72
Transform: AffineTransform_float_3_3
Parameters: 0.999983 -0.00521673 0.00285315 0.00525413 0.999897 -0.0133758 -0.00278254 0.0133902 0.999906 0.00402457 0.503526 -0.386762
FixedParameters: 0 0 0

#Transform 73
Transform: AffineTransform_float_3_3
Parameters: 0.999982 -0.00562231 0.00180912 0.00566783 0.999641 -0.0261834 -0.00166165 0.0261936 0.999655 0.0613431 1.11001 -0.933873
FixedParameters: 0 0 0

#Transform 74
Transform: AffineTransform_float_3_3
Parameters: 0.999974 -0.0067038 0.00241345 0.00675684 0.999717 -0.022811 -0.0022602 0.022826 0.999737 0.102081 0.890867 -0.783571
FixedParameters: 0 0 0

#Transform 75
Transform: AffineTransform_float_3_3
Parameters: 0.99998 -0.00594339 0.00186014 0.00598445 0.999715 -0.0231505 -0.00172173 0.0231615 0.99973 0.0901736 0.864989 -0.762007
FixedParameters: 0 0 0

#Transform 76
Transform: AffineTransform_float_3_3
Parameters: 0.999984 -0.00555041 0.00108781 0.00557567 0.999679 -0.0247173 -0.000950888 0.0247237 0.999694 0.113938 0.919241 -0.853781
FixedParameters: 0 0 0

#Transform 77
Transform: AffineTransform_float_3_3
Parameters: 0.999993 -0.0036913 -0.000450576 0.0036773 0.999626 -0.0271126 0.000551081 0.0271113 0.999632 0.102873 1.1792 -0.983354
FixedParameters: 0 0 0

#Transform 78
Transform: AffineTransform_float_3_3
Parameters: 0.999988 -0.00490139 0.000103414 0.00490251 0.99979 -0.0198944 -6.06367e-06 0.0198946 0.999802 0.142938 1.00542 -0.594266
FixedParameters: 0 0 0

#Transform 79
Transform: AffineTransform_float_3_3
Parameters: 0.99999 -0.00249578 -0.0037049 0.00247489 0.999981 -0.00562802 0.00371955 0.00561897 0.999977 0.109424 0.385179 -0.0864802
FixedParameters: 0 0 0

#Transform 80
Transform: AffineTransform_float_3_3
Parameters: 0.99999 -0.00413998 -0.0017943 0.00412843 0.99997 -0.00651378 0.00182092 0.00650622 0.999977 0.143519 0.294014 -0.106777
FixedParameters: 0 0 0

#Transform 81
Transform: AffineTransform_float_3_3
Parameters: 0.99999 -0.00415129 -0.00179237 0.0041405 0.999973 -0.00596479 0.00181712 0.00595721 0.99998 0.151207 0.255607 -0.14516
FixedParameters: 0 0 0

#Transform 82
Transform: AffineTransform_float_3_3
Parameters: 0.999989 -0.00430016 -0.00174501 0.004291 0.999978 -0.00503725 0.00176643 0.00502975 0.999985 0.179271 0.256841 -0.0781493
FixedParameters: 0 0 0

#Transform 83
Transform: AffineTransform_float_3_3
Parameters: 0.999989 -0.00424948 -0.00167583 0.00424222 0.999983 -0.00412476 0.00169279 0.00411724 0.99999 0.168179 0.205043 -0.132369
FixedParameters: 0 0 0

#Transform 84
Transform: AffineTransform_float_3_3
Parameters: 0.99999 -0.00424783 -0.00148104 0.00424248 0.999983 -0.00412423 0.00149894 0.00411776 0.99999 0.185276 0.214684 -0.104591
FixedParameters: 0 0 0

#Transform 85
Transform: AffineTransform_float_3_3
Parameters: 0.999989 -0.00453451 -0.0015315 0.00452987 0.999985 -0.00284398 0.00154428 0.00283702 0.999995 0.143181 0.210263 -0.0816768
FixedParameters: 0 0 0

#Transform 86
Transform: AffineTransform_float_3_3
Parameters: 0.99999 -0.00432021 -0.00126117 0.00431663 0.999986 -0.00302928 0.00127434 0.00302372 0.999995 0.14069 0.212022 -0.0394235
FixedParameters: 0 0 0

#Transform 87
Transform: AffineTransform_float_3_3
Parameters: 0.999992 -0.00393015 -0.000811282 0.00392524 0.999972 -0.00623414 0.000835253 0.00623085 0.99998 0.164917 0.260121 -0.12453
FixedParameters: 0 0 0

#Transform 88
Transform: AffineTransform_float_3_3
Parameters: 0.999998 -0.00228813 -2.84612e-05 0.00228808 0.999984 -0.00508378 4.00238e-05 0.00508322 0.999987 0.127234 0.358841 -0.192408
FixedParameters: 0 0 0

#Transform 89
Transform: AffineTransform_float_3_3
Parameters: 0.999994 -1.56244e-05 0.00327648 1.86774e-05 0.999999 -0.00114144 -0.00327707 0.00114156 0.999993 0.155276 -0.123624 -0.526959
FixedParameters: 0 0 0

#Transform 90
Transform: AffineTransform_float_3_3
Parameters: 0.999995 -0.00318832 -4.42767e-07 0.00318781 0.999969 -0.00725555 2.36213e-05 0.00725546 0.999974 0.27882 0.220484 -0.268401
FixedParameters: 0 0 0

#Transform 91
Transform: AffineTransform_float_3_3
Parameters: 0.999989 -0.00463567 0.00133773 0.00464452 0.999963 -0.00719228 -0.00130446 0.00719872 0.999973 0.242977 0.256604 -0.137824
FixedParameters: 0 0 0

#Transform 92
Transform: AffineTransform_float_3_3
Parameters: 0.999988 -0.00440381 0.00217456 0.00442038 0.999963 -0.00735678 -0.00214247 0.00736621 0.99997 0.197067 0.189705 -0.0721234
FixedParameters: 0 0 0

#Transform 93
Transform: AffineTransform_float_3_3
Parameters: 0.999988 -0.00438171 0.00223558 0.00440187 0.99995 -0.00897628 -0.00219652 0.00898673 0.999957 0.209766 0.284885 -0.197006
FixedParameters: 0 0 0

#Transform 94
Transform: AffineTransform_float_3_3
Parameters: 0.999986 -0.00482828 0.00189077 0.00484658 0.999941 -0.00965268 -0.00184412 0.00966133 0.999952 0.252961 0.347966 -0.220823
FixedParameters: 0 0 0

#Transform 95
Transform: AffineTransform_float_3_3
Parameters: 0.999984 -0.00533063 0.00155398 0.00534429 0.999943 -0.00923255 -0.00150532 0.00924145 0.999956 0.241204 0.330255 -0.28871
FixedParameters: 0 0 0

#Transform 96
Transform: AffineTransform_float_3_3
Parameters: 0.999988 -0.00462958 0.00106337 0.00463986 0.999941 -0.00982378 -0.00101844 0.00982921 0.999951 0.237128 0.437491 -0.366228
FixedParameters: 0 0 0

#Transform 97
Transform: AffineTransform_float_3_3
Parameters: 0.999991 -0.00418654 0.00096544 0.00419387 0.999958 -0.00821794 -0.000930694 0.00822206 0.999966 0.227799 0.300847 -0.176376
FixedParameters: 0 0 0

#Transform 98
Transform: AffineTransform_float_3_3
Parameters: 0.999991 -0.00417296 0.000934171 0.00418066 0.999958 -0.00818209 -0.000900264 0.00818593 0.999966 0.211858 0.280069 -0.21013
FixedParameters: 0 0 0

#Transform 99
Transform: AffineTransform_float_3_3
Parameters: 0.999989 -0.00441498 0.00150985 0.0044278 0.999948 -0.00919872 -0.00146894 0.00920527 0.999956 0.176051 0.306111 -0.16752
FixedParameters: 0 0 0

#Transform 100
Transform: AffineTransform_float_3_3
Parameters: 0.999966 -0.00397143 0.00724344 0.00396367 0.999992 0.00100827 -0.00724722 -0.000979731 0.999973 0.0175114 0.510398 -1.56978
FixedParameters: 0 0 0

#Transform 101
Transform: AffineTransform_float_3_3
Parameters: 0.999971 -0.00221256 0.00738067 0.00223108 0.999994 -0.00251178 -0.00737483 0.00252822 0.99997 0.00674362 0.0533676 -1.24414
FixedParameters: 0 0 0

#Transform 102
Transform: AffineTransform_float_3_3
Parameters: 0.999976 -0.00524075 0.0045345 0.00529523 0.999914 -0.0120138 -0.00447098 0.0120382 0.999918 0.103687 0.534761 -0.801254
FixedParameters: 0 0 0

#Transform 103
Transform: AffineTransform_float_3_3
Parameters: 0.999981 -0.00474787 0.00396742 0.00479105 0.999928 -0.0110531 -0.00391465 0.0110719 0.999931 0.0681938 0.486455 -0.589519
FixedParameters: 0 0 0

#Transform 104
Transform: AffineTransform_float_3_3
Parameters: 0.999972 -0.00523734 0.00530088 0.00531114 0.999889 -0.0139411 -0.00522726 0.0139689 0.999889 0.0134205 0.548375 -0.695448
FixedParameters: 0 0 0

#Transform 105
Transform: AffineTransform_float_3_3
Parameters: 0.999983 -0.00460467 0.00373727 0.00464385 0.999935 -0.0104266 -0.00368909 0.0104444 0.999939 0.0848704 0.475184 -0.555152
FixedParameters: 0 0 0

#Transform 106
Transform: AffineTransform_float_3_3
Parameters: 0.999979 -0.00467328 0.00445007 0.00471306 0.999949 -0.00891281 -0.00440801 0.00893318 0.99995 0.0233302 0.350563 -0.391199
FixedParameters: 0 0 0

#Transform 107
Transform: AffineTransform_float_3_3
Parameters: 0.999981 -0.00458768 0.00417757 0.00463421 0.999926 -0.0112374 -0.00412566 0.0112566 0.999928 -0.00256487 0.480527 -0.552232
FixedParameters: 0 0 0

#Transform 108
Transform: AffineTransform_float_3_3
Parameters: 0.999969 -0.00610498 0.00482709 0.00615599 0.999924 -0.0106876 -0.0047619 0.0107174 0.999931 0.0533623 0.506916 -0.608474
FixedParameters: 0 0 0

#Transform 109
Transform: AffineTransform_float_3_3
Parameters: 0.999976 -0.00547286 0.00441877 0.0055178 0.999933 -0.010262 -0.0043624 0.010286 0.999938 0.040666 0.594106 -0.635921
FixedParameters: 0 0 0

#Transform 110
Transform: AffineTransform_float_3_3
Parameters: 0.999971 -0.00455276 0.00610399 0.00462112 0.999925 -0.0112844 -0.00605211 0.0113126 0.999918 0.0113493 0.465091 -0.573612
FixedParameters: 0 0 0

#Transform 111
Transform: AffineTransform_float_3_3
Parameters: 0.999978 -0.00448506 0.00492739 0.00455047 0.999899 -0.0134556 -0.00486571 0.0134774 0.999898 -0.0106979 0.493599 -0.610405
FixedParameters: 0 0 0

#Transform 112
Transform: AffineTransform_float_3_3
Parameters: 0.999971 -0.0051351 0.00558761 0.00520052 0.999915 -0.0119094 -0.00552627 0.0119386 0.999914 0.000701453 0.589406 -0.771879
FixedParameters: 0 0 0

#Transform 113
Transform: AffineTransform_float_3_3
Parameters: 0.999969 -0.00500645 0.00595637 0.00507693 0.999915 -0.0119927 -0.0058956 0.0120233 0.99991 -0.0541832 0.545971 -0.692211
FixedParameters: 0 0 0

#Transform 114
Transform: AffineTransform_float_3_3
Parameters: 0.999972 -0.00428598 0.00613453 0.00434549 0.999943 -0.0096943 -0.0060921 0.00972069 0.999934 -0.0509808 0.400206 -0.420595
FixedParameters: 0 0 0

#Transform 115
Transform: AffineTransform_float_3_3
Parameters: 0.999969 -0.00495024 0.00623296 0.00501329 0.999936 -0.0101611 -0.00618209 0.0101919 0.999929 -0.0484645 0.5019 -0.479575
FixedParameters: 0 0 0

#Transform 116
Transform: AffineTransform_float_3_3
Parameters: 0.999966 -0.00447825 0.00681949 0.00454 0.999949 -0.00901773 -0.00677875 0.00904727 0.999936 -0.0523054 0.376768 -0.356081
FixedParameters: 0 0 0

#Transform 117
Transform: AffineTransform_float_3_3
Parameters: 0.999964 -0.00515442 0.0068376 0.00521314 0.99995 -0.00856246 -0.00679348 0.00859754 0.99994 -0.0345071 0.333088 -0.318847
FixedParameters: 0 0 0

#Transform 118
Transform: AffineTransform_float_3_3
Parameters: 0.999959 -0.00435572 0.00801055 0.00443119 0.999945 -0.00945757 -0.00796832 0.00949243 0.999923 -0.110482 0.395854 -0.382783
FixedParameters: 0 0 0

#Transform 119
Transform: AffineTransform_float_3_3
Parameters: 0.999922 -0.00134031 0.0124271 0.00134629 0.999999 -0.000499922 -0.0124267 0.000516083 0.999923 -0.146153 0.441781 -1.96142
FixedParameters: 0 0 0
