# transform file /out/sourcedata/freesurfer/sub-v1s18x0051206_ses-1/mri/transforms/cc_up.lta
# created by oesteban on Mon Mar  9 05:12:10 2026

type      = 0 # LINEAR_VOX_TO_VOX
nxforms   = 1
mean      = 126.0000 125.0000 120.0000
sigma     = 10000.0000
1 4 4
9.910027384757996e-01 -3.095939941704273e-02 1.302113234996796e-01 -8.932098388671875e+00 
3.069556318223476e-02 9.995205998420715e-01 4.033197648823261e-03 1.773876762390137e+01 
-1.302737742662430e-01 0.000000000000000e+00 9.914780259132385e-01 3.938947677612305e+01 
0.000000000000000e+00 0.000000000000000e+00 0.000000000000000e+00 1.000000000000000e+00 
src volume info
valid = 1  # volume info valid
filename = /out/sourcedata/freesurfer/sub-v1s18x0051206_ses-1/mri/norm.mgz
volume = 256 256 256
voxelsize = 1.000000000000000e+00 1.000000000000000e+00 1.000000000000000e+00
xras   = -1.000000000000000e+00 0.000000000000000e+00 0.000000000000000e+00
yras   = 0.000000000000000e+00 0.000000000000000e+00 -1.000000000000000e+00
zras   = 0.000000000000000e+00 1.000000000000000e+00 0.000000000000000e+00
cras   = 5.998458862304688e-01 8.258605957031250e+00 -5.658599853515625e+00
dst volume info
valid = 1  # volume info valid
filename = /out/sourcedata/freesurfer/sub-v1s18x0051206_ses-1/mri/norm.mgz
volume = 256 256 256
voxelsize = 1.000000000000000e+00 1.000000000000000e+00 1.000000000000000e+00
xras   = -1.000000000000000e+00 0.000000000000000e+00 0.000000000000000e+00
yras   = 0.000000000000000e+00 0.000000000000000e+00 -1.000000000000000e+00
zras   = 0.000000000000000e+00 1.000000000000000e+00 0.000000000000000e+00
cras   = 5.998458862304688e-01 8.258605957031250e+00 -5.658599853515625e+00
