#Insight Transform File V1.0
#Transform 0
Transform: AffineTransform_float_3_3
Parameters: 0.999802 -0.00420315 -0.0194803 0.0052514 0.99852 0.054128 0.0192237 -0.05422 0.998344 -1.44924 -0.810239 -1.83136
FixedParameters: 0 0 0

#Transform 1
Transform: AffineTransform_float_3_3
Parameters: 0.999922 0.0123676 -0.00132642 -0.0123709 0.999921 -0.00230921 0.00129723 0.00232579 0.999996 -0.694241 -0.660725 -0.753088
FixedParameters: 0 0 0

#Transform 2
Transform: AffineTransform_float_3_3
Parameters: 0.999952 0.0093419 0.00293028 -0.0093526 0.999949 0.0037313 -0.00289489 -0.0037577 0.999989 -0.426427 -0.243517 -0.685454
FixedParameters: 0 0 0

#Transform 3
Transform: AffineTransform_float_3_3
Parameters: 0.999972 0.00727783 0.00179497 -0.00728521 0.999964 0.00443808 -0.00176318 -0.00445093 0.999989 -0.366386 -0.254621 -0.517111
FixedParameters: 0 0 0

#Transform 4
Transform: AffineTransform_float_3_3
Parameters: 0.999985 0.00539448 0.00079131 -0.00539613 0.999982 0.00265091 -0.000777705 -0.0026551 0.999997 -0.311066 -0.211595 -0.489436
FixedParameters: 0 0 0

#Transform 5
Transform: AffineTransform_float_3_3
Parameters: 0.99999 0.00435541 -5.44454e-05 -0.00435508 0.99999 0.000620178 5.66944e-05 -0.000619824 1 -0.246916 -0.160983 -0.58975
FixedParameters: 0 0 0

#Transform 6
Transform: AffineTransform_float_3_3
Parameters: 0.999993 0.00374687 0.000988677 -0.00374618 0.999993 -0.000603965 -0.000991008 0.000600034 1 -0.195158 -0.135668 -0.612343
FixedParameters: 0 0 0

#Transform 7
Transform: AffineTransform_float_3_3
Parameters: 0.999995 0.00312444 0.000833425 -0.00312427 0.999995 -0.000106519 -0.000834082 0.00010348 1 -0.177798 -0.14949 -0.61807
FixedParameters: 0 0 0

#Transform 8
Transform: AffineTransform_float_3_3
Parameters: 0.99999 0.00370251 0.00258429 -0.00370392 0.999994 0.000553047 -0.00258258 -0.000561955 0.999996 -0.197899 -0.144317 -0.67416
FixedParameters: 0 0 0

#Transform 9
Transform: AffineTransform_float_3_3
Parameters: 0.999993 0.00315442 0.00160515 -0.0031551 0.999995 0.00021037 -0.00160381 -0.000215627 0.999999 -0.162469 -0.137718 -0.665906
FixedParameters: 0 0 0

#Transform 10
Transform: AffineTransform_float_3_3
Parameters: 0.999995 0.002794 0.00155119 -0.00279289 0.999996 -0.000520845 -0.00155191 0.000516156 0.999998 -0.152337 -0.103049 -0.625387
FixedParameters: 0 0 0

#Transform 11
Transform: AffineTransform_float_3_3
Parameters: 0.999997 0.0023036 0.00133982 -0.00230398 0.999998 0.000141689 -0.00133916 -0.00014431 0.999999 -0.100663 -0.0987753 -0.629617
FixedParameters: 0 0 0

#Transform 12
Transform: AffineTransform_float_3_3
Parameters: 0.999997 0.00218369 0.00159308 -0.00218248 0.999998 -0.000612703 -0.00159454 0.000609296 0.999998 -0.0752919 -0.0947002 -0.667431
FixedParameters: 0 0 0

#Transform 13
Transform: AffineTransform_float_3_3
Parameters: 0.999999 0.0017491 0.000472336 -0.00174836 0.999998 -0.000535168 -0.000473236 0.00053483 0.999999 -0.0334174 -0.0779863 -0.610832
FixedParameters: 0 0 0

#Transform 14
Transform: AffineTransform_float_3_3
Parameters: 0.999997 0.00180393 0.00153778 -0.00180155 0.999998 -0.00125271 -0.00153987 0.00125029 0.999998 -0.0516721 -0.116335 -0.70421
FixedParameters: 0 0 0

#Transform 15
Transform: AffineTransform_float_3_3
Parameters: 0.999998 0.00143286 0.00127842 -0.00143058 0.999998 -0.00146689 -0.0012802 0.00146411 0.999998 -0.030247 -0.0694425 -0.667016
FixedParameters: 0 0 0

#Transform 16
Transform: AffineTransform_float_3_3
Parameters: 0.999999 0.000926012 0.000902849 -0.000925605 1 -0.000763837 -0.000904025 0.000762164 1 0.0189393 -0.0629337 -0.652782
FixedParameters: 0 0 0

#Transform 17
Transform: AffineTransform_float_3_3
Parameters: 0.999999 0.000581505 0.000481235 -0.000580672 0.999999 -0.00162757 -0.000481919 0.00162743 0.999998 0.0308796 -0.0394341 -0.607957
FixedParameters: 0 0 0

#Transform 18
Transform: AffineTransform_float_3_3
Parameters: 0.999999 0.000737535 0.000448851 -0.000736436 0.999998 -0.00203839 -0.000450647 0.00203861 0.999997 0.0694452 -0.0578059 -0.56478
FixedParameters: 0 0 0

#Transform 19
Transform: AffineTransform_float_3_3
Parameters: 1 -0.000606317 0.000983593 0.000608701 0.999997 -0.0024414 -0.000982095 0.0024426 0.999996 0.10944 -0.0700053 -0.330418
FixedParameters: 0 0 0

#Transform 20
Transform: AffineTransform_float_3_3
Parameters: 1 -5.86772e-05 0.00106416 5.85899e-05 1 4.12925e-05 -0.00106417 -4.07075e-05 1 -0.00505945 -0.100995 -0.177314
FixedParameters: 0 0 0

#Transform 21
Transform: AffineTransform_float_3_3
Parameters: 0.999983 0.00317556 -0.00489414 -0.00315645 0.999987 0.00383123 0.00490636 -0.00381576 0.99998 -0.00707501 -0.069772 -1.10082
FixedParameters: 0 0 0

#Transform 22
Transform: AffineTransform_float_3_3
Parameters: 0.999871 0.00628263 -0.0147901 -0.00567863 0.999162 0.0405545 0.0150322 -0.0404655 0.999067 0.0416655 0.132937 -0.803516
FixedParameters: 0 0 0

#Transform 23
Transform: AffineTransform_float_3_3
Parameters: 0.999481 0.0119374 -0.0299131 -0.0111952 0.999628 0.0248539 0.0301978 -0.0245061 0.999244 -0.27822 1.09543 -4.96898
FixedParameters: 0 0 0

#Transform 24
Transform: AffineTransform_float_3_3
Parameters: 0.999765 0.00866635 -0.0198382 -0.00852211 0.999937 0.00733596 0.0199002 -0.00716604 0.999776 -0.0172284 -0.278502 -2.25209
FixedParameters: 0 0 0

#Transform 25
Transform: AffineTransform_float_3_3
Parameters: 0.999751 0.00454002 -0.021871 -0.0048707 0.999874 -0.0150836 0.0218003 0.0151864 0.999647 -0.136025 -0.262146 -2.06071
FixedParameters: 0 0 0

#Transform 26
Transform: AffineTransform_float_3_3
Parameters: 0.999913 0.0027159 -0.0129223 -0.0031383 0.999457 -0.0327993 0.0128267 0.0328378 0.999379 0.118226 -0.266312 -2.73934
FixedParameters: 0 0 0

#Transform 27
Transform: AffineTransform_float_3_3
Parameters: 0.999944 0.00165589 -0.0104551 -0.00199133 0.999481 -0.032161 0.010397 0.0321801 0.999428 0.162598 -0.317195 -2.57223
FixedParameters: 0 0 0

#Transform 28
Transform: AffineTransform_float_3_3
Parameters: 0.999947 0.00154126 -0.0101174 -0.00187834 0.999439 -0.0334393 0.0100596 0.0334567 0.99939 0.0950745 -0.358512 -2.74318
FixedParameters: 0 0 0

#Transform 29
Transform: AffineTransform_float_3_3
Parameters: 0.999957 0.00133008 -0.00910658 -0.00163219 0.999445 -0.033263 0.00905779 0.0332771 0.999405 0.119187 -0.349446 -2.61803
FixedParameters: 0 0 0

#Transform 30
Transform: AffineTransform_float_3_3
Parameters: 0.999968 0.0010276 -0.00801111 -0.0012971 0.999432 -0.0336761 0.0079722 0.0336849 0.9994 0.161838 -0.345175 -2.49889
FixedParameters: 0 0 0

#Transform 31
Transform: AffineTransform_float_3_3
Parameters: 0.99997 0.000152211 -0.00777199 -0.000432519 0.999346 -0.0361559 0.00776146 0.0361582 0.999316 0.202382 -0.311502 -2.36309
FixedParameters: 0 0 0

#Transform 32
Transform: AffineTransform_float_3_3
Parameters: 0.999984 0.0013762 -0.00557011 -0.00162135 0.999017 -0.0443059 0.00550391 0.0443151 0.999002 0.289652 -0.489619 -2.30548
FixedParameters: 0 0 0

#Transform 33
Transform: AffineTransform_float_3_3
Parameters: 0.999981 0.00123286 -0.00602874 -0.0015072 0.998947 -0.0458412 0.00596652 0.0458498 0.998931 0.310242 -0.490632 -2.32236
FixedParameters: 0 0 0

#Transform 34
Transform: AffineTransform_float_3_3
Parameters: 0.999981 0.00100723 -0.00610191 -0.00127533 0.999021 -0.0442215 0.00605149 0.0442285 0.999003 0.284768 -0.46759 -2.21742
FixedParameters: 0 0 0

#Transform 35
Transform: AffineTransform_float_3_3
Parameters: 0.999983 0.00139548 -0.0056239 -0.00164316 0.999013 -0.0443946 0.00555587 0.0444034 0.998998 0.282683 -0.419681 -2.33049
FixedParameters: 0 0 0

#Transform 36
Transform: AffineTransform_float_3_3
Parameters: 0.999985 0.00153011 -0.00539548 -0.00177047 0.998998 -0.0447398 0.00532213 0.0447492 0.998984 0.288271 -0.449977 -2.32143
FixedParameters: 0 0 0

#Transform 37
Transform: AffineTransform_float_3_3
Parameters: 0.999995 0.00309056 0.000872802 -0.00301763 0.997322 -0.0730689 -0.0010965 0.0730651 0.997326 0.444227 -1.02028 -1.95099
FixedParameters: 0 0 0

#Transform 38
Transform: AffineTransform_float_3_3
Parameters: 0.999966 0.00639641 0.00533068 -0.00583395 0.995029 -0.0994171 -0.00594029 0.0993829 0.995032 0.5582 -1.47195 -1.69548
FixedParameters: 0 0 0

#Transform 39
Transform: AffineTransform_float_3_3
Parameters: 0.999963 0.00699209 0.00505615 -0.0064656 0.995204 -0.097601 -0.005714 0.0975649 0.995213 0.523347 -1.37037 -1.70983
FixedParameters: 0 0 0

#Transform 40
Transform: AffineTransform_float_3_3
Parameters: 0.999958 0.00764412 0.00505323 -0.00711443 0.995196 -0.0976489 -0.00577549 0.0976093 0.995208 0.559231 -1.38244 -1.72131
FixedParameters: 0 0 0

#Transform 41
Transform: AffineTransform_float_3_3
Parameters: 0.999956 0.00770359 0.00536506 -0.0071422 0.995194 -0.0976577 -0.00609178 0.0976153 0.995206 0.561114 -1.34652 -1.78554
FixedParameters: 0 0 0

#Transform 42
Transform: AffineTransform_float_3_3
Parameters: 0.999954 0.00813912 0.00511979 -0.00760185 0.995216 -0.0974097 -0.00588834 0.0973664 0.995231 0.601097 -1.3513 -1.80762
FixedParameters: 0 0 0

#Transform 43
Transform: AffineTransform_float_3_3
Parameters: 0.999956 0.00789295 0.00496791 -0.00737508 0.995273 -0.0968389 -0.00570882 0.0967982 0.995288 0.620176 -1.42065 -1.61431
FixedParameters: 0 0 0

#Transform 44
Transform: AffineTransform_float_3_3
Parameters: 0.999955 0.00881189 0.00352426 -0.00843352 0.995348 -0.095977 -0.00435354 0.095942 0.995377 0.602785 -1.33344 -1.58141
FixedParameters: 0 0 0

#Transform 45
Transform: AffineTransform_float_3_3
Parameters: 0.999954 0.0081153 0.00509898 -0.00758084 0.995224 -0.0973284 -0.00586453 0.0972857 0.99524 0.618253 -1.37526 -1.65578
FixedParameters: 0 0 0

#Transform 46
Transform: AffineTransform_float_3_3
Parameters: 0.999956 0.00803647 0.00486734 -0.00751833 0.995115 -0.0984385 -0.00563447 0.0983975 0.995131 0.633251 -1.37387 -1.68264
FixedParameters: 0 0 0

#Transform 47
Transform: AffineTransform_float_3_3
Parameters: 0.999959 0.00769281 0.00463217 -0.0072047 0.995208 -0.0975249 -0.00536085 0.0974881 0.995222 0.629934 -1.36317 -1.68625
FixedParameters: 0 0 0

#Transform 48
Transform: AffineTransform_float_3_3
Parameters: 0.99995 0.00827064 0.00552697 -0.00769149 0.995195 -0.097616 -0.00630827 0.097569 0.995209 0.660117 -1.34839 -1.69021
FixedParameters: 0 0 0

#Transform 49
Transform: AffineTransform_float_3_3
Parameters: 0.99996 0.00763504 0.00481511 -0.00713122 0.995235 -0.0972474 -0.00553419 0.0972086 0.995249 0.613242 -1.31032 -1.69782
FixedParameters: 0 0 0

#Transform 50
Transform: AffineTransform_float_3_3
Parameters: 0.999955 0.00747903 0.00586249 -0.00687042 0.995201 -0.0976119 -0.00656449 0.0975671 0.995207 0.59414 -1.33693 -1.74375
FixedParameters: 0 0 0

#Transform 51
Transform: AffineTransform_float_3_3
Parameters: 0.999954 0.0073076 0.00621587 -0.00667109 0.99528 -0.0968211 -0.00689439 0.0967748 0.995282 0.59567 -1.34406 -1.70943
FixedParameters: 0 0 0

#Transform 52
Transform: AffineTransform_float_3_3
Parameters: 0.999948 0.00798515 0.00636109 -0.00733082 0.995267 -0.0969104 -0.00710459 0.0968588 0.995273 0.650097 -1.35178 -1.70927
FixedParameters: 0 0 0

#Transform 53
Transform: AffineTransform_float_3_3
Parameters: 0.999952 0.00786847 0.00587528 -0.00725962 0.99523 -0.0972879 -0.00661309 0.09724 0.995239 0.646976 -1.33614 -1.69362
FixedParameters: 0 0 0

#Transform 54
Transform: AffineTransform_float_3_3
Parameters: 0.999951 0.00775175 0.00605504 -0.00712228 0.995178 -0.0978247 -0.00678449 0.0977772 0.995185 0.647536 -1.35328 -1.66803
FixedParameters: 0 0 0

#Transform 55
Transform: AffineTransform_float_3_3
Parameters: 0.999954 0.00731247 0.00621014 -0.00667205 0.995203 -0.0976011 -0.00689466 0.0975548 0.995206 0.630917 -1.3058 -1.64167
FixedParameters: 0 0 0

#Transform 56
Transform: AffineTransform_float_3_3
Parameters: 0.999936 0.0086005 0.00734119 -0.00784906 0.995266 -0.0968772 -0.00814038 0.096813 0.99527 0.643058 -1.34709 -1.64047
FixedParameters: 0 0 0

#Transform 57
Transform: AffineTransform_float_3_3
Parameters: 0.99994 0.00845723 0.00706681 -0.00771886 0.995088 -0.0986881 -0.00786697 0.0986278 0.995093 0.599305 -1.35761 -1.49282
FixedParameters: 0 0 0

#Transform 58
Transform: AffineTransform_float_3_3
Parameters: 0.999936 0.00748216 0.00848854 -0.00659975 0.995004 -0.0996126 -0.00919133 0.0995493 0.99499 0.63422 -1.371 -1.55656
FixedParameters: 0 0 0

#Transform 59
Transform: AffineTransform_float_3_3
Parameters: 0.999934 0.00791157 0.00834041 -0.0070474 0.995065 -0.0989713 -0.00908241 0.0989057 0.995055 0.66059 -1.38834 -1.70371
FixedParameters: 0 0 0

#Transform 60
Transform: AffineTransform_float_3_3
Parameters: 0.99994 0.00780002 0.00777013 -0.00699208 0.995066 -0.0989675 -0.00850346 0.0989073 0.99506 0.675244 -1.36568 -1.73317
FixedParameters: 0 0 0

#Transform 61
Transform: AffineTransform_float_3_3
Parameters: 0.999932 0.0087325 0.00767258 -0.00796824 0.995488 -0.0945493 -0.00846312 0.0944817 0.995491 0.68781 -1.19268 -1.17919
FixedParameters: 0 0 0

#Transform 62
Transform: AffineTransform_float_3_3
Parameters: 0.999946 0.00741841 0.0072434 -0.00669128 0.995395 -0.0956187 -0.00792022 0.0955652 0.995391 0.709328 -1.31575 -1.29442
FixedParameters: 0 0 0

#Transform 63
Transform: AffineTransform_float_3_3
Parameters: 0.999943 0.00780377 0.00736223 -0.00705576 0.995293 -0.0966557 -0.00808188 0.0965984 0.995291 0.719728 -1.32509 -1.39827
FixedParameters: 0 0 0

#Transform 64
Transform: AffineTransform_float_3_3
Parameters: 0.999937 0.00781576 0.0079843 -0.00700956 0.995319 -0.0963908 -0.00870014 0.0963291 0.995311 0.777303 -1.36525 -1.33429
FixedParameters: 0 0 0

#Transform 65
Transform: AffineTransform_float_3_3
Parameters: 0.999932 0.00799081 0.00841423 -0.00712694 0.995146 -0.0981495 -0.00915727 0.0980836 0.995136 0.71957 -1.40822 -1.41998
FixedParameters: 0 0 0

#Transform 66
Transform: AffineTransform_float_3_3
Parameters: 0.999948 0.00748567 0.0069523 -0.00676542 0.995113 -0.0985038 -0.00765519 0.0984522 0.995113 0.685064 -1.24659 -1.36302
FixedParameters: 0 0 0

#Transform 67
Transform: AffineTransform_float_3_3
Parameters: 0.999918 0.00777623 0.0101539 -0.00681661 0.995799 -0.091319 -0.0108207 0.0912421 0.99577 0.75887 -1.34363 -1.23229
FixedParameters: 0 0 0

#Transform 68
Transform: AffineTransform_float_3_3
Parameters: 0.999829 0.0105885 0.0151707 -0.00918099 0.995899 -0.0900053 -0.0160617 0.0898508 0.995826 0.725202 -1.3462 -1.67792
FixedParameters: 0 0 0

#Transform 69
Transform: AffineTransform_float_3_3
Parameters: 0.999805 0.0133603 0.0145908 -0.011941 0.995557 -0.0933985 -0.0157738 0.0932054 0.995522 0.682592 -1.2214 -1.97483
FixedParameters: 0 0 0

#Transform 70
Transform: AffineTransform_float_3_3
Parameters: 0.999851 0.0115267 0.012835 -0.0102159 0.995146 -0.0978836 -0.0139002 0.0977385 0.995115 0.686708 -1.23944 -1.86451
FixedParameters: 0 0 0

#Transform 71
Transform: AffineTransform_float_3_3
Parameters: 0.999879 0.0118517 0.01013 -0.0107757 0.994896 -0.10033 -0.0112667 0.100209 0.994903 0.663244 -1.34983 -1.65895
FixedParameters: 0 0 0

#Transform 72
Transform: AffineTransform_float_3_3
Parameters: 0.999867 0.0122135 0.0108117 -0.0110495 0.994743 -0.101809 -0.0119976 0.101676 0.994746 0.640717 -1.3967 -1.666
FixedParameters: 0 0 0

#Transform 73
Transform: AffineTransform_float_3_3
Parameters: 0.999854 0.0126424 0.0114847 -0.0114363 0.994958 -0.0996397 -0.0126863 0.0994933 0.994957 0.794357 -1.46265 -1.64193
FixedParameters: 0 0 0

#Transform 74
Transform: AffineTransform_float_3_3
Parameters: 0.999904 0.0102265 0.00929083 -0.00924384 0.99492 -0.100248 -0.0102683 0.100152 0.994919 0.743195 -1.35816 -1.61972
FixedParameters: 0 0 0

#Transform 75
Transform: AffineTransform_float_3_3
Parameters: 0.999905 0.0115598 0.00757814 -0.0107504 0.995 -0.0992926 -0.00868775 0.0992024 0.995029 0.70429 -1.3525 -1.65053
FixedParameters: 0 0 0

#Transform 76
Transform: AffineTransform_float_3_3
Parameters: 0.999906 0.0112413 0.00777598 -0.0104063 0.994915 -0.10018 -0.00886245 0.10009 0.994939 0.66302 -1.41528 -1.69823
FixedParameters: 0 0 0

#Transform 77
Transform: AffineTransform_float_3_3
Parameters: 0.999909 0.0110661 0.00762064 -0.010236 0.994791 -0.101416 -0.00870258 0.101328 0.994815 0.644709 -1.42019 -1.68107
FixedParameters: 0 0 0

#Transform 78
Transform: AffineTransform_float_3_3
Parameters: 0.999907 0.0110616 0.00804341 -0.0101882 0.994778 -0.101551 -0.00912533 0.101459 0.994798 0.647457 -1.40652 -1.67511
FixedParameters: 0 0 0

#Transform 79
Transform: AffineTransform_float_3_3
Parameters: 0.999906 0.0112992 0.00783772 -0.0104409 0.994732 -0.101975 -0.00894792 0.101883 0.994756 0.651094 -1.41397 -1.72744
FixedParameters: 0 0 0

#Transform 80
Transform: AffineTransform_float_3_3
Parameters: 0.99991 0.0112389 0.00730747 -0.0104373 0.994746 -0.101835 -0.00841415 0.10175 0.994775 0.664983 -1.43653 -1.77595
FixedParameters: 0 0 0

#Transform 81
Transform: AffineTransform_float_3_3
Parameters: 0.999903 0.0115923 0.00773582 -0.0107462 0.994754 -0.101731 -0.00887422 0.101638 0.994782 0.676333 -1.44006 -1.79551
FixedParameters: 0 0 0

#Transform 82
Transform: AffineTransform_float_3_3
Parameters: 0.999906 0.0116405 0.00716712 -0.0108806 0.995104 -0.098233 -0.00827536 0.0981459 0.995137 0.683645 -1.3093 -1.74261
FixedParameters: 0 0 0

#Transform 83
Transform: AffineTransform_float_3_3
Parameters: 0.999908 0.0113306 0.00746454 -0.0105299 0.994951 -0.0998062 -0.00855695 0.0997188 0.994979 0.697668 -1.4038 -1.55402
FixedParameters: 0 0 0

#Transform 84
Transform: AffineTransform_float_3_3
Parameters: 0.999935 0.0100668 0.00524849 -0.00951809 0.995363 -0.0957204 -0.00618841 0.0956636 0.995394 0.673986 -1.21681 -1.34922
FixedParameters: 0 0 0

#Transform 85
Transform: AffineTransform_float_3_3
Parameters: 0.999922 0.010536 0.00670426 -0.0098289 0.995135 -0.0980282 -0.00770454 0.0979546 0.995161 0.715398 -1.32163 -1.47742
FixedParameters: 0 0 0

#Transform 86
Transform: AffineTransform_float_3_3
Parameters: 0.999893 0.0117447 0.00871839 -0.0108324 0.995106 -0.0982118 -0.00982921 0.0981062 0.995128 0.744545 -1.31618 -1.61754
FixedParameters: 0 0 0

#Transform 87
Transform: AffineTransform_float_3_3
Parameters: 0.999833 0.017497 0.00525147 -0.0171411 0.997963 -0.0614473 -0.00631599 0.0613477 0.998096 0.811556 -0.653893 -1.34099
FixedParameters: 0 0 0

#Transform 88
Transform: AffineTransform_float_3_3
Parameters: 0.999861 0.0144881 -0.0081648 -0.0149752 0.997895 -0.0630991 0.00723333 0.0632119 0.997974 0.593236 -0.776417 -0.843809
FixedParameters: 0 0 0

#Transform 89
Transform: AffineTransform_float_3_3
Parameters: 0.999906 0.013682 -0.00108696 -0.0137249 0.996799 -0.0787666 6.1569e-06 0.0787735 0.996893 0.584994 -1.00098 -1.35072
FixedParameters: 0 0 0

#Transform 90
Transform: AffineTransform_float_3_3
Parameters: 0.999835 0.0180692 -0.00186958 -0.0181614 0.996545 -0.0810493 0.000398728 0.0810697 0.996708 0.42903 -1.12528 -1.49467
FixedParameters: 0 0 0

#Transform 91
Transform: AffineTransform_float_3_3
Parameters: 0.999872 0.0159681 -0.00073119 -0.0159738 0.996443 -0.0827423 -0.000592184 0.0827436 0.99657 0.468446 -1.06023 -1.06804
FixedParameters: 0 0 0

#Transform 92
Transform: AffineTransform_float_3_3
Parameters: 0.999468 0.0309334 -0.0104038 -0.0312853 0.998877 -0.0355979 0.00929129 0.0359041 0.999312 0.243767 -0.159049 -0.364419
FixedParameters: 0 0 0

#Transform 93
Transform: AffineTransform_float_3_3
Parameters: 0.999386 0.0324496 -0.013216 -0.032686 0.999302 -0.0181017 0.0126186 0.0185223 0.999748 0.260719 -0.213585 -0.676381
FixedParameters: 0 0 0

#Transform 94
Transform: AffineTransform_float_3_3
Parameters: 0.999585 0.0282279 -0.00577484 -0.0284398 0.998773 -0.0405533 0.00462302 0.0407007 0.99916 0.417102 -0.553415 -0.833208
FixedParameters: 0 0 0

#Transform 95
Transform: AffineTransform_float_3_3
Parameters: 0.999783 0.0208388 0.000941435 -0.0207536 0.998215 -0.0560006 -0.00210763 0.0559684 0.99843 0.594258 -0.760224 -1.00376
FixedParameters: 0 0 0

#Transform 96
Transform: AffineTransform_float_3_3
Parameters: 0.999807 0.0196568 -0.000931638 -0.0196772 0.998001 -0.0600602 -0.00025149 0.0600668 0.998194 0.529232 -0.766482 -0.907393
FixedParameters: 0 0 0

#Transform 97
Transform: AffineTransform_float_3_3
Parameters: 0.9998 0.0199382 0.00167027 -0.0197894 0.997715 -0.0645933 -0.00295435 0.0645477 0.99791 0.558272 -0.865696 -0.929788
FixedParameters: 0 0 0

#Transform 98
Transform: AffineTransform_float_3_3
Parameters: 0.999804 0.019602 0.00250865 -0.0193799 0.997388 -0.0695832 -0.00386633 0.0695218 0.997573 0.550858 -0.854203 -0.985097
FixedParameters: 0 0 0

#Transform 99
Transform: AffineTransform_float_3_3
Parameters: 0.999804 0.0197652 0.00150354 -0.0196101 0.997338 -0.0702259 -0.00288777 0.0701822 0.99753 0.524814 -0.919679 -1.00768
FixedParameters: 0 0 0

#Transform 100
Transform: AffineTransform_float_3_3
Parameters: 0.999759 0.0218489 0.0024164 -0.0216152 0.997114 -0.0727751 -0.0039992 0.0727059 0.997346 0.53582 -0.947826 -1.03984
FixedParameters: 0 0 0

#Transform 101
Transform: AffineTransform_float_3_3
Parameters: 0.999802 0.0198553 0.00175712 -0.0196685 0.997014 -0.0746831 -0.00323513 0.0746329 0.997206 0.528214 -0.946139 -1.20143
FixedParameters: 0 0 0

#Transform 102
Transform: AffineTransform_float_3_3
Parameters: 0.999847 0.0173994 0.00180892 -0.0172127 0.996984 -0.0756741 -0.00311984 0.0756309 0.997131 0.570627 -0.96545 -1.23383
FixedParameters: 0 0 0

#Transform 103
Transform: AffineTransform_float_3_3
Parameters: 0.999843 0.0177123 0.00122094 -0.0175656 0.99688 -0.0769533 -0.00258003 0.0769197 0.997034 0.542499 -1.07276 -1.05377
FixedParameters: 0 0 0

#Transform 104
Transform: AffineTransform_float_3_3
Parameters: 0.99992 0.0126381 -0.000457356 -0.0126325 0.996457 -0.0831491 -0.000595254 0.0831489 0.996537 0.542328 -0.982222 -1.01848
FixedParameters: 0 0 0

#Transform 105
Transform: AffineTransform_float_3_3
Parameters: 0.999917 0.0128781 5.37104e-05 -0.0128287 0.996419 -0.0835782 -0.00113063 0.0835707 0.996501 0.540901 -1.07543 -0.983027
FixedParameters: 0 0 0

#Transform 106
Transform: AffineTransform_float_3_3
Parameters: 0.999907 0.0131212 -0.00352394 -0.0133705 0.996372 -0.0840521 0.00240813 0.084092 0.996455 0.416502 -1.02731 -1.13228
FixedParameters: 0 0 0

#Transform 107
Transform: AffineTransform_float_3_3
Parameters: 0.999811 0.0185938 -0.00557995 -0.0189704 0.996828 -0.0772909 0.00412476 0.0773821 0.996993 0.336408 -1.02375 -1.09506
FixedParameters: 0 0 0

#Transform 108
Transform: AffineTransform_float_3_3
Parameters: 0.998578 0.0472647 -0.0246286 -0.0482166 0.998052 -0.0396064 0.0227088 0.0407377 0.998912 -0.537229 -0.249451 -0.878762
FixedParameters: 0 0 0

#Transform 109
Transform: AffineTransform_float_3_3
Parameters: 0.998526 0.048532 -0.024301 -0.046946 0.99697 0.0620289 0.0272382 -0.0607971 0.997778 -0.18155 0.592045 -3.10024
FixedParameters: 0 0 0

#Transform 110
Transform: AffineTransform_float_3_3
Parameters: 0.997811 0.0659723 -0.00471206 -0.0660094 0.997785 -0.00825773 0.0041565 0.00855125 0.999955 0.830822 -3.63054 -4.95712
FixedParameters: 0 0 0

#Transform 111
Transform: AffineTransform_float_3_3
Parameters: 0.998163 0.0605863 -0.000131074 -0.0605858 0.998156 -0.00373661 -9.59315e-05 0.00373836 0.999993 0.840494 -3.0589 -5.31621
FixedParameters: 0 0 0

#Transform 112
Transform: AffineTransform_float_3_3
Parameters: 0.998977 0.0420113 0.0166928 -0.0413332 0.998382 -0.0390535 -0.0183068 0.0383235 0.999098 1.5488 -1.32789 -2.17541
FixedParameters: 0 0 0

#Transform 113
Transform: AffineTransform_float_3_3
Parameters: 0.999223 0.0381045 0.0100736 -0.0376281 0.998326 -0.0439134 -0.0117304 0.0435005 0.998984 1.43687 -0.958364 -1.94294
FixedParameters: 0 0 0

#Transform 114
Transform: AffineTransform_float_3_3
Parameters: 0.998957 0.0437392 -0.0130652 -0.043674 0.999032 0.00523474 0.0132811 -0.00465928 0.999901 0.863156 -0.0949513 -5.10049
FixedParameters: 0 0 0

#Transform 115
Transform: AffineTransform_float_3_3
Parameters: 0.997456 0.0647722 -0.0297742 -0.0632734 0.996803 0.0487839 0.0328393 -0.046776 0.998365 0.527804 3.04892 -11.1052
FixedParameters: 0 0 0

#Transform 116
Transform: AffineTransform_float_3_3
Parameters: 0.997681 0.0651337 -0.0197515 -0.0651465 0.997875 -2.43905e-05 0.0197075 0.00131058 0.999805 0.468343 -0.954579 -2.67339
FixedParameters: 0 0 0

#Transform 117
Transform: AffineTransform_float_3_3
Parameters: 0.9973 0.0655964 -0.0330159 -0.0650164 0.997715 0.0183586 0.034145 -0.0161624 0.999287 0.454327 0.520287 -7.65125
FixedParameters: 0 0 0

#Transform 118
Transform: AffineTransform_float_3_3
Parameters: 0.997562 0.0590266 -0.037209 -0.0599712 0.997892 -0.0247925 0.0356666 0.0269635 0.999 0.127331 -0.12382 -7.1472
FixedParameters: 0 0 0

#Transform 119
Transform: AffineTransform_float_3_3
Parameters: 0.996885 0.0664173 -0.0425485 -0.0681841 0.996809 -0.0415091 0.039656 0.0442809 0.998231 -0.348744 -0.396573 -7.84839
FixedParameters: 0 0 0
