#Insight Transform File V1.0
#Transform 0
Transform: AffineTransform_float_3_3
Parameters: 0.999999 -0.00032164 -0.00148753 0.000326079 0.999997 0.00255089 0.00148619 -0.00255111 0.999995 0.0628293 -0.140373 0.118269
FixedParameters: 0 0 0

#Transform 1
Transform: AffineTransform_float_3_3
Parameters: 0.999999 -0.000416483 -0.00132627 0.000419219 0.999998 0.00171982 0.00132565 -0.00172018 0.999997 0.0567927 -0.134837 0.115066
FixedParameters: 0 0 0

#Transform 2
Transform: AffineTransform_float_3_3
Parameters: 1 -0.000687339 -0.000898185 0.000688811 0.999998 0.00211759 0.000897408 -0.00211741 0.999997 0.0408103 -0.12144 0.0929331
FixedParameters: 0 0 0

#Transform 3
Transform: AffineTransform_float_3_3
Parameters: 1 -0.000412622 -0.000280513 0.000413289 0.999997 0.00208888 0.000280109 -0.00208911 0.999998 0.0309669 -0.122632 0.0556993
FixedParameters: 0 0 0

#Transform 4
Transform: AffineTransform_float_3_3
Parameters: 0.999999 -0.000567865 -0.000629551 0.000569098 0.999997 0.00210602 0.000628886 -0.00210599 0.999998 0.0461234 -0.108604 0.0737388
FixedParameters: 0 0 0

#Transform 5
Transform: AffineTransform_float_3_3
Parameters: 1 4.14796e-05 -0.000482505 -4.03743e-05 0.999998 0.00209002 0.000483085 -0.00208998 0.999997 0.0289618 -0.0966055 0.0670941
FixedParameters: 0 0 0

#Transform 6
Transform: AffineTransform_float_3_3
Parameters: 1 7.72411e-05 6.51983e-05 -7.74044e-05 0.999999 0.001254 -6.50044e-05 -0.00125401 0.999999 0.0139643 -0.073762 0.0947467
FixedParameters: 0 0 0

#Transform 7
Transform: AffineTransform_float_3_3
Parameters: 1 0.00019963 1.06253e-05 -0.000199655 1 0.001203 -1.01449e-05 -0.001203 1 0.0100673 -0.0692081 0.0712142
FixedParameters: 0 0 0

#Transform 8
Transform: AffineTransform_float_3_3
Parameters: 1 0.000307719 0.000309512 -0.000307954 0.999999 0.00119191 -0.000310099 -0.0011921 0.999999 0.00253101 -0.0472836 0.0712085
FixedParameters: 0 0 0

#Transform 9
Transform: AffineTransform_float_3_3
Parameters: 1 -2.22e-05 0.000595736 2.10371e-05 1 0.000976014 -0.000595778 -0.000975988 1 -0.0235044 -0.0574939 0.0617508
FixedParameters: 0 0 0

#Transform 10
Transform: AffineTransform_float_3_3
Parameters: 1 0.000197862 0.000582982 -0.000198688 0.999999 0.000707884 -0.000582701 -0.000708115 0.999999 -0.0274737 -0.0292108 0.064425
FixedParameters: 0 0 0

#Transform 11
Transform: AffineTransform_float_3_3
Parameters: 1 9.72897e-06 0.000666965 -1.07334e-05 0.999999 0.000752992 -0.00066695 -0.000753006 0.999999 -0.0229528 -0.0339284 0.0664498
FixedParameters: 0 0 0

#Transform 12
Transform: AffineTransform_float_3_3
Parameters: 1 0.000153493 0.000465923 -0.000152842 1 0.000280929 -0.000466245 -0.000281072 1 -0.01655 -0.0122327 0.0743182
FixedParameters: 0 0 0

#Transform 13
Transform: AffineTransform_float_3_3
Parameters: 1 -2.0213e-05 0.000599401 1.97575e-05 1 0.000380012 -0.000599416 -0.000379988 0.999999 -0.0177535 -0.0127829 0.0642465
FixedParameters: 0 0 0

#Transform 14
Transform: AffineTransform_float_3_3
Parameters: 1 -0.000169634 0.000265183 0.000169643 0.999999 0.000753045 -0.000264526 -0.000752955 0.999999 -0.0126662 -0.0137928 0.0574222
FixedParameters: 0 0 0

#Transform 15
Transform: AffineTransform_float_3_3
Parameters: 1 7.67696e-05 0.000232954 -7.68539e-05 1 0.000180982 -0.000232926 -0.000181018 1 -0.00838582 -0.0241944 0.068316
FixedParameters: 0 0 0

#Transform 16
Transform: AffineTransform_float_3_3
Parameters: 1 4.98758e-05 0.000506678 -4.97262e-05 0.999999 0.000752974 -0.000507011 -0.000753025 0.999999 -0.0132114 -0.0266458 0.0294792
FixedParameters: 0 0 0

#Transform 17
Transform: AffineTransform_float_3_3
Parameters: 1 -4.29828e-05 0.000548279 4.27207e-05 1 0.000239023 -0.0005483 -0.000238976 1 -0.0177843 -0.0141492 0.05279
FixedParameters: 0 0 0

#Transform 18
Transform: AffineTransform_float_3_3
Parameters: 1 0.00019116 0.000618862 -0.00019155 1 0.000314881 -0.000618742 -0.000315118 1 -0.0317484 -0.000382497 0.0462638
FixedParameters: 0 0 0

#Transform 19
Transform: AffineTransform_float_3_3
Parameters: 1 0.000164155 0.000455673 -0.000164568 1 0.000453925 -0.000455524 -0.000454075 1 -0.0165613 -0.00728394 0.0448332
FixedParameters: 0 0 0

#Transform 20
Transform: AffineTransform_float_3_3
Parameters: 1 0.000116944 0.00047682 -0.000116845 1 -0.000104056 -0.000476844 0.000103944 1 -0.0122432 0.0200891 0.0268401
FixedParameters: 0 0 0

#Transform 21
Transform: AffineTransform_float_3_3
Parameters: 1 0.000116853 0.000476842 -0.000116935 1 8.59442e-05 -0.000476822 -8.60557e-05 1 -0.00320988 0.0262328 0.0532359
FixedParameters: 0 0 0

#Transform 22
Transform: AffineTransform_float_3_3
Parameters: 1 0.000181694 0.000447845 -0.000181717 1 2.59186e-05 -0.000447836 -2.60814e-05 1 -0.00243424 0.0218086 0.0384953
FixedParameters: 0 0 0

#Transform 23
Transform: AffineTransform_float_3_3
Parameters: 0.999999 0.000458977 0.000825556 -0.000459205 1 0.000137621 -0.00082543 -0.000138379 0.999999 -0.0486191 -0.000738352 -0.0197593
FixedParameters: 0 0 0

#Transform 24
Transform: AffineTransform_float_3_3
Parameters: 1 0.000117138 0.000476772 -0.000117564 1 -0.000511056 -0.000476484 0.000510944 1 -0.0274448 0.0608381 0.0134174
FixedParameters: 0 0 0

#Transform 25
Transform: AffineTransform_float_3_3
Parameters: 1 0.000117581 0.000476663 -0.00011712 0.999999 -0.00144106 -0.000476593 0.00144094 0.999999 -0.0248551 0.0565021 0.0557783
FixedParameters: 0 0 0

#Transform 26
Transform: AffineTransform_float_3_3
Parameters: 1 0.000117436 0.000476699 -0.000117265 1 -0.00113706 -0.000476557 0.00113694 0.999999 -0.00315934 0.0163445 0.176349
FixedParameters: 0 0 0

#Transform 27
Transform: AffineTransform_float_3_3
Parameters: 1 -7.25564e-05 5.3297e-05 7.25859e-05 1 -0.000276996 -5.32568e-05 0.000277004 1 0.0153785 -0.0202187 0.206601
FixedParameters: 0 0 0

#Transform 28
Transform: AffineTransform_float_3_3
Parameters: 1 0.000315368 0.000387909 -0.00031459 0.999999 -0.00100175 -0.00038854 0.00100225 1 -0.0262953 0.0957392 0.0220558
FixedParameters: 0 0 0

#Transform 29
Transform: AffineTransform_float_3_3
Parameters: 1 -5.41478e-05 9.43822e-05 5.42446e-05 1 -0.000512995 -9.43266e-05 0.000513005 1 -0.00341843 0.0165766 0.0839767
FixedParameters: 0 0 0

#Transform 30
Transform: AffineTransform_float_3_3
Parameters: 1 -5.04654e-05 0.000102597 5.01693e-05 1 -0.000544995 -0.000103455 0.000545005 1 -0.0123418 0.0209574 0.128856
FixedParameters: 0 0 0

#Transform 31
Transform: AffineTransform_float_3_3
Parameters: 1 -6.64474e-05 -0.000439237 6.58289e-05 1 -0.000704029 0.000439331 0.00070397 0.999999 0.0172665 0.0182921 0.204437
FixedParameters: 0 0 0

#Transform 32
Transform: AffineTransform_float_3_3
Parameters: 1 -0.000219778 -0.000276415 0.000219266 0.999999 0.000723939 0.000276506 -0.00072406 0.999999 0.00368179 -0.0684116 0.31958
FixedParameters: 0 0 0

#Transform 33
Transform: AffineTransform_float_3_3
Parameters: 1 -0.000219037 -0.00027453 0.000218374 1 0.00045594 0.000274739 -0.00045606 1 0.00702959 -0.0763269 0.385229
FixedParameters: 0 0 0

#Transform 34
Transform: AffineTransform_float_3_3
Parameters: 1 4.63962e-05 -0.00048998 -4.77102e-05 0.999999 -0.00134098 0.000489854 0.00134102 0.999999 -0.0194429 0.0869714 -0.0938602
FixedParameters: 0 0 0

#Transform 35
Transform: AffineTransform_float_3_3
Parameters: 0.999999 0.000466371 -0.00114427 -0.000467844 0.999999 -0.0012213 0.00114363 0.0012217 0.999999 -0.0418271 0.21659 -0.388317
FixedParameters: 0 0 0

#Transform 36
Transform: AffineTransform_float_3_3
Parameters: 0.999999 0.000670656 -0.00122917 -0.000671931 0.999999 -0.00105601 0.00122825 0.00105699 0.999999 -0.048631 0.139944 -0.29546
FixedParameters: 0 0 0

#Transform 37
Transform: AffineTransform_float_3_3
Parameters: 0.999999 0.00104455 -0.000937903 -0.00104551 0.999999 -0.00121623 0.000935865 0.00121677 0.999999 -0.0608594 0.13364 -0.311666
FixedParameters: 0 0 0

#Transform 38
Transform: AffineTransform_float_3_3
Parameters: 0.999999 0.00107578 -0.000951588 -0.00107636 0.999998 -0.00099681 0.000949946 0.00099819 0.999999 -0.0534952 0.127268 -0.346363
FixedParameters: 0 0 0

#Transform 39
Transform: AffineTransform_float_3_3
Parameters: 0.999999 0.00113682 -0.00108705 -0.00113803 0.999999 -0.000742969 0.00108628 0.000744029 0.999999 -0.0482259 0.115404 -0.346959
FixedParameters: 0 0 0

#Transform 40
Transform: AffineTransform_float_3_3
Parameters: 0.999998 0.00122684 -0.0010185 -0.00122785 0.999999 -0.000496956 0.00101728 0.000498042 0.999999 -0.05161 0.11812 -0.332114
FixedParameters: 0 0 0

#Transform 41
Transform: AffineTransform_float_3_3
Parameters: 0.999998 0.00163959 -0.00120294 -0.0016403 0.999999 -0.000294606 0.00120197 0.000296393 0.999999 -0.0496369 0.102204 -0.342943
FixedParameters: 0 0 0

#Transform 42
Transform: AffineTransform_float_3_3
Parameters: 0.999998 0.00167127 -0.00113234 -0.00167151 0.999998 -0.000101686 0.00113199 0.000103313 0.999999 -0.0608071 0.0961858 -0.349568
FixedParameters: 0 0 0

#Transform 43
Transform: AffineTransform_float_3_3
Parameters: 0.999998 0.00163945 -0.00120314 -0.00164045 0.999999 -0.000414773 0.00120177 0.000417226 0.999999 -0.0589552 0.114006 -0.337422
FixedParameters: 0 0 0

#Transform 44
Transform: AffineTransform_float_3_3
Parameters: 0.999999 0.00139587 -0.00109388 -0.00139657 0.999999 -0.000319052 0.00109298 0.000319948 0.999999 -0.0586294 0.096787 -0.303344
FixedParameters: 0 0 0

#Transform 45
Transform: AffineTransform_float_3_3
Parameters: 0.999998 0.00123146 -0.00102047 -0.00123236 0.999999 -0.000437116 0.00101939 0.000438883 0.999999 -0.0696294 0.131715 -0.337199
FixedParameters: 0 0 0

#Transform 46
Transform: AffineTransform_float_3_3
Parameters: 0.999998 0.00120858 -0.00107247 -0.00120828 0.999999 0.000332923 0.00107236 -0.000331077 0.999999 -0.0576727 0.0861488 -0.354059
FixedParameters: 0 0 0

#Transform 47
Transform: AffineTransform_float_3_3
Parameters: 0.999998 0.00146316 -0.00130907 -0.00146288 0.999999 0.000262504 0.00130892 -0.000261497 0.999999 -0.0499987 0.115774 -0.359825
FixedParameters: 0 0 0

#Transform 48
Transform: AffineTransform_float_3_3
Parameters: 0.999998 0.00183319 -0.00128942 -0.00183375 0.999998 -0.000215215 0.00128862 0.000217784 0.999999 -0.0676936 0.121339 -0.338886
FixedParameters: 0 0 0

#Transform 49
Transform: AffineTransform_float_3_3
Parameters: 0.999998 0.0018671 -0.00121366 -0.00186762 0.999998 -0.000215313 0.00121285 0.000217686 0.999999 -0.0645081 0.101512 -0.315862
FixedParameters: 0 0 0

#Transform 50
Transform: AffineTransform_float_3_3
Parameters: 0.999998 0.00183341 -0.00128911 -0.00183353 0.999998 -4.72152e-05 0.00128893 4.97845e-05 0.999999 -0.0677082 0.120269 -0.329052
FixedParameters: 0 0 0

#Transform 51
Transform: AffineTransform_float_3_3
Parameters: 0.999997 0.00188091 -0.00118275 -0.00188117 0.999999 -0.000279894 0.0011826 0.000282107 0.999999 -0.0784096 0.129753 -0.335012
FixedParameters: 0 0 0

#Transform 52
Transform: AffineTransform_float_3_3
Parameters: 0.999999 0.00162117 -0.000676303 -0.00162105 0.999999 -0.00021665 0.000676513 0.000217352 1 -0.108215 0.127507 -0.357123
FixedParameters: 0 0 0

#Transform 53
Transform: AffineTransform_float_3_3
Parameters: 0.999999 0.00174152 -0.000622805 -0.00174179 0.999999 -0.000216661 0.000622049 0.000217338 1 -0.112282 0.108115 -0.332995
FixedParameters: 0 0 0

#Transform 54
Transform: AffineTransform_float_3_3
Parameters: 0.999998 0.00193388 -0.000778071 -0.00193432 0.999998 -0.000281241 0.00077698 0.000282758 1 -0.103528 0.12496 -0.366619
FixedParameters: 0 0 0

#Transform 55
Transform: AffineTransform_float_3_3
Parameters: 0.999997 0.00200962 -0.000812118 -0.00201011 0.999998 -0.000802488 0.000810716 0.000803513 0.999999 -0.113479 0.144803 -0.364158
FixedParameters: 0 0 0

#Transform 56
Transform: AffineTransform_float_3_3
Parameters: 0.999997 0.00200361 -0.000825422 -0.00200387 0.999998 -0.000155092 0.000824797 0.000156907 1 -0.106981 0.122049 -0.330914
FixedParameters: 0 0 0

#Transform 57
Transform: AffineTransform_float_3_3
Parameters: 0.999997 0.00195265 -0.000939309 -0.00195274 0.999998 -4.79113e-05 0.000939117 5.00884e-05 0.999999 -0.107969 0.126152 -0.334335
FixedParameters: 0 0 0

#Transform 58
Transform: AffineTransform_float_3_3
Parameters: 0.999997 0.00238159 -0.000830316 -0.00238149 0.999997 -0.000184308 0.000830345 0.000186693 0.999999 -0.105179 0.124519 -0.349151
FixedParameters: 0 0 0

#Transform 59
Transform: AffineTransform_float_3_3
Parameters: 0.999997 0.00216332 -0.00108788 -0.00216395 0.999997 -0.000289598 0.00108662 0.0002914 1 -0.0945551 0.128588 -0.352361
FixedParameters: 0 0 0

#Transform 60
Transform: AffineTransform_float_3_3
Parameters: 0.999996 0.00236603 -0.000970278 -0.00236571 0.999997 0.000165178 0.000971054 -0.000162821 1 -0.0990683 0.119907 -0.362454
FixedParameters: 0 0 0

#Transform 61
Transform: AffineTransform_float_3_3
Parameters: 0.999997 0.00205777 -0.000745878 -0.00205751 0.999998 0.000178623 0.000746609 -0.000176376 0.999999 -0.116456 0.116772 -0.337847
FixedParameters: 0 0 0

#Transform 62
Transform: AffineTransform_float_3_3
Parameters: 0.999997 0.00208088 -0.000694315 -0.00208095 0.999997 -4.83007e-05 0.000694111 4.9699e-05 1 -0.118784 0.102895 -0.330188
FixedParameters: 0 0 0

#Transform 63
Transform: AffineTransform_float_3_3
Parameters: 0.999997 0.00195039 -0.000985927 -0.00195051 0.999997 -0.000265656 0.0009858 0.000267344 1 -0.106055 0.113889 -0.308363
FixedParameters: 0 0 0

#Transform 64
Transform: AffineTransform_float_3_3
Parameters: 0.999998 0.00198761 -0.000628561 -0.00198771 0.999998 -8.14962e-05 0.000628235 8.25034e-05 1 -0.120831 0.133635 -0.332265
FixedParameters: 0 0 0

#Transform 65
Transform: AffineTransform_float_3_3
Parameters: 0.999998 0.0018251 -0.000568299 -0.00182541 0.999999 -0.000273875 0.000567297 0.000275124 1 -0.119778 0.148984 -0.345161
FixedParameters: 0 0 0

#Transform 66
Transform: AffineTransform_float_3_3
Parameters: 0.999999 0.00182721 -0.000265521 -0.0018281 0.999998 -0.000715428 0.000264227 0.000715572 0.999999 -0.134842 0.132925 -0.332053
FixedParameters: 0 0 0

#Transform 67
Transform: AffineTransform_float_3_3
Parameters: 0.999998 0.00217501 -0.000484392 -0.00217507 0.999998 -0.000479233 0.000483219 0.000479767 1 -0.131113 0.143658 -0.352011
FixedParameters: 0 0 0

#Transform 68
Transform: AffineTransform_float_3_3
Parameters: 0.999998 0.0021988 -0.000431045 -0.00219864 0.999997 -0.000290965 0.000430676 0.000292035 1 -0.135964 0.120433 -0.36352
FixedParameters: 0 0 0

#Transform 69
Transform: AffineTransform_float_3_3
Parameters: 0.999997 0.00215338 -6.05223e-05 -0.00215303 0.999998 -0.000479577 5.93681e-05 0.000480423 1 -0.156334 0.122711 -0.356559
FixedParameters: 0 0 0

#Transform 70
Transform: AffineTransform_float_3_3
Parameters: 0.999997 0.00223691 -0.000108746 -0.0022366 0.999997 -0.000414836 0.000107802 0.000415163 0.999999 -0.162871 0.13522 -0.372226
FixedParameters: 0 0 0

#Transform 71
Transform: AffineTransform_float_3_3
Parameters: 0.999998 0.00222421 -0.000147032 -0.00222486 0.999997 -0.000479753 0.000146217 0.000480247 0.999999 -0.146509 0.15649 -0.370905
FixedParameters: 0 0 0

#Transform 72
Transform: AffineTransform_float_3_3
Parameters: 0.999998 0.00227456 2.71484e-05 -0.00227454 0.999997 -0.000216769 -2.81356e-05 0.00021723 1 -0.157541 0.129235 -0.392669
FixedParameters: 0 0 0

#Transform 73
Transform: AffineTransform_float_3_3
Parameters: 0.999998 0.00232407 -3.02007e-05 -0.00232446 0.999997 0.000196365 3.0199e-05 -0.000195637 1 -0.161238 0.1233 -0.385277
FixedParameters: 0 0 0

#Transform 74
Transform: AffineTransform_float_3_3
Parameters: 0.999998 0.0022403 -2.89e-05 -0.00223979 0.999997 0.000195986 2.8457e-05 -0.000196016 1 -0.159931 0.126152 -0.39049
FixedParameters: 0 0 0

#Transform 75
Transform: AffineTransform_float_3_3
Parameters: 0.999996 0.00257487 0.0001118 -0.002574 0.999997 0.000195467 -0.000111201 -0.000195533 1 -0.15717 0.133837 -0.421826
FixedParameters: 0 0 0

#Transform 76
Transform: AffineTransform_float_3_3
Parameters: 0.999997 0.00215992 0.000278252 -0.0021599 0.999998 -2.33073e-05 -0.000278351 2.26926e-05 1 -0.167515 0.123817 -0.368105
FixedParameters: 0 0 0

#Transform 77
Transform: AffineTransform_float_3_3
Parameters: 0.999997 0.00239108 0.000240788 -0.00239084 0.999997 0.00055172 -0.000239469 -0.00055228 1 -0.173132 0.0943668 -0.40318
FixedParameters: 0 0 0

#Transform 78
Transform: AffineTransform_float_3_3
Parameters: 0.999997 0.00250118 0.000377743 -0.00250122 0.999997 5.81824e-05 -0.00037745 -5.88172e-05 1 -0.180588 0.150112 -0.4226
FixedParameters: 0 0 0

#Transform 79
Transform: AffineTransform_float_3_3
Parameters: 0.999997 0.00240232 0.000250631 -0.00240199 0.999997 0.000346693 -0.000250285 -0.000347308 1 -0.165446 0.0984692 -0.396424
FixedParameters: 0 0 0

#Transform 80
Transform: AffineTransform_float_3_3
Parameters: 0.999997 0.00241087 -0.000174131 -0.0024112 0.999997 0.000210969 0.000174235 -0.000211032 1 -0.157142 0.11497 -0.39662
FixedParameters: 0 0 0

#Transform 81
Transform: AffineTransform_float_3_3
Parameters: 0.999998 0.00229985 0.000218099 -0.00230052 0.999997 0.000590627 -0.000216295 -0.000590372 1 -0.161024 0.102146 -0.396775
FixedParameters: 0 0 0

#Transform 82
Transform: AffineTransform_float_3_3
Parameters: 0.999998 0.00225826 0.000279222 -0.00225895 0.999997 0.000511664 -0.000277822 -0.000512335 1 -0.176442 0.103031 -0.39627
FixedParameters: 0 0 0

#Transform 83
Transform: AffineTransform_float_3_3
Parameters: 0.999997 0.0023275 0.000456553 -0.00232844 0.999997 0.000590066 -0.000454717 -0.000590933 0.999999 -0.182773 0.0974068 -0.383853
FixedParameters: 0 0 0

#Transform 84
Transform: AffineTransform_float_3_3
Parameters: 0.999997 0.00239316 0.000427593 -0.00239331 0.999996 0.000757272 -0.000425286 -0.000758726 1 -0.178267 0.106089 -0.376036
FixedParameters: 0 0 0

#Transform 85
Transform: AffineTransform_float_3_3
Parameters: 0.999998 0.00225291 0.000114056 -0.00225304 0.999996 0.00101704 -0.000111707 -0.00101696 0.999999 -0.166121 0.10138 -0.401206
FixedParameters: 0 0 0

#Transform 86
Transform: AffineTransform_float_3_3
Parameters: 0.999997 0.00244419 0.000405468 -0.00244402 0.999997 0.00104514 -0.000403 -0.00104586 1 -0.184144 0.103167 -0.423892
FixedParameters: 0 0 0

#Transform 87
Transform: AffineTransform_float_3_3
Parameters: 0.999997 0.00239299 0.000428602 -0.0023939 0.999997 0.00117911 -0.00042519 -0.00117989 0.999999 -0.190468 0.0986978 -0.406991
FixedParameters: 0 0 0

#Transform 88
Transform: AffineTransform_float_3_3
Parameters: 0.999998 0.00232178 0.000268225 -0.00232219 0.999996 0.000943673 -0.000266075 -0.000944326 0.999999 -0.190493 0.116441 -0.444514
FixedParameters: 0 0 0

#Transform 89
Transform: AffineTransform_float_3_3
Parameters: 0.999997 0.00239292 0.000428978 -0.00239396 0.999996 0.00133627 -0.000424812 -0.00133773 0.999999 -0.205922 0.0938531 -0.435652
FixedParameters: 0 0 0

#Transform 90
Transform: AffineTransform_float_3_3
Parameters: 0.999997 0.00239291 0.000429042 -0.00239397 0.999996 0.0013631 -0.000424749 -0.00136389 0.999999 -0.205216 0.0912914 -0.434916
FixedParameters: 0 0 0

#Transform 91
Transform: AffineTransform_float_3_3
Parameters: 0.999997 0.00239308 0.000428086 -0.0023934 0.999997 0.000963733 -0.000424791 -0.000965265 0.999999 -0.204763 0.094973 -0.414867
FixedParameters: 0 0 0

#Transform 92
Transform: AffineTransform_float_3_3
Parameters: 0.999997 0.00239287 0.000429224 -0.00239401 0.999996 0.0014391 -0.000424567 -0.00143989 0.999999 -0.192222 0.0826781 -0.428671
FixedParameters: 0 0 0

#Transform 93
Transform: AffineTransform_float_3_3
Parameters: 0.999998 0.00212128 0.000551285 -0.00212196 0.999995 0.0019935 -0.000546787 -0.0019945 0.999998 -0.207875 0.0614928 -0.451264
FixedParameters: 0 0 0

#Transform 94
Transform: AffineTransform_float_3_3
Parameters: 0.999997 0.00239267 0.000430351 -0.0023937 0.999996 0.0019101 -0.000424762 -0.0019109 0.999998 -0.201282 0.0521756 -0.434008
FixedParameters: 0 0 0

#Transform 95
Transform: AffineTransform_float_3_3
Parameters: 0.999997 0.00239288 0.000429195 -0.002394 0.999996 0.0014271 -0.000424596 -0.00142789 0.999999 -0.205455 0.0920493 -0.408995
FixedParameters: 0 0 0

#Transform 96
Transform: AffineTransform_float_3_3
Parameters: 0.999997 0.00239317 0.00042758 -0.0023933 0.999997 0.000752106 -0.000425299 -0.000752893 0.999999 -0.214585 0.11982 -0.400143
FixedParameters: 0 0 0

#Transform 97
Transform: AffineTransform_float_3_3
Parameters: 0.999995 0.00296216 -3.78781e-05 -0.0029626 0.999993 0.0021925 4.45745e-05 -0.0021925 0.999998 -0.172831 0.128181 -0.785267
FixedParameters: 0 0 0

#Transform 98
Transform: AffineTransform_float_3_3
Parameters: 0.999996 0.0028566 -6.37426e-05 -0.00285584 0.999995 0.00123457 6.72395e-05 -0.00123443 0.999999 -0.179614 0.173677 -0.752356
FixedParameters: 0 0 0

#Transform 99
Transform: AffineTransform_float_3_3
Parameters: 0.999995 0.00296495 0.000178623 -0.00296472 0.999995 0.00103786 -0.00017602 -0.00103914 0.999999 -0.212797 0.175651 -0.658845
FixedParameters: 0 0 0

#Transform 100
Transform: AffineTransform_float_3_3
Parameters: 0.999995 0.00291741 -0.000143836 -0.0029174 0.999995 0.00109097 0.000147055 -0.00109103 1 -0.196889 0.182028 -0.642323
FixedParameters: 0 0 0

#Transform 101
Transform: AffineTransform_float_3_3
Parameters: 0.999996 0.00285787 -5.89954e-05 -0.00285784 0.999994 0.00193693 6.46831e-05 -0.00193607 0.999998 -0.200941 0.11687 -0.562151
FixedParameters: 0 0 0

#Transform 102
Transform: AffineTransform_float_3_3
Parameters: 0.999997 0.00271838 0.00023524 -0.00271861 0.999994 0.00198312 -0.000230245 -0.00198388 0.999998 -0.209447 0.125449 -0.589578
FixedParameters: 0 0 0

#Transform 103
Transform: AffineTransform_float_3_3
Parameters: 0.999995 0.00298022 5.59006e-05 -0.00298065 0.999995 0.00109022 -5.25471e-05 -0.00109078 0.999999 -0.202227 0.153306 -0.590224
FixedParameters: 0 0 0

#Transform 104
Transform: AffineTransform_float_3_3
Parameters: 0.999996 0.00288755 5.25488e-06 -0.00288787 0.999995 0.00109037 -2.10359e-06 -0.00109063 0.999999 -0.209657 0.163152 -0.572472
FixedParameters: 0 0 0

#Transform 105
Transform: AffineTransform_float_3_3
Parameters: 0.999996 0.00283464 -0.000112549 -0.00283371 0.999995 0.00141587 0.000117021 -0.00141613 1 -0.20621 0.121859 -0.557527
FixedParameters: 0 0 0

#Transform 106
Transform: AffineTransform_float_3_3
Parameters: 0.999997 0.00249337 0.000122396 -0.00249359 0.999996 0.00172645 -0.000118254 -0.00172655 0.999998 -0.213595 0.117732 -0.535125
FixedParameters: 0 0 0

#Transform 107
Transform: AffineTransform_float_3_3
Parameters: 0.999997 0.00246611 6.12342e-05 -0.00246572 0.999995 0.00174478 -5.61833e-05 -0.00174522 0.999999 -0.208325 0.101061 -0.500777
FixedParameters: 0 0 0

#Transform 108
Transform: AffineTransform_float_3_3
Parameters: 0.999997 0.00242339 -3.60303e-05 -0.00242361 0.999996 0.00119101 3.86563e-05 -0.00119099 0.999999 -0.204449 0.138617 -0.45425
FixedParameters: 0 0 0

#Transform 109
Transform: AffineTransform_float_3_3
Parameters: 0.999997 0.00251304 0.000163992 -0.00251321 0.999997 0.000829345 -0.000162056 -0.000829656 1 -0.199081 0.160655 -0.456316
FixedParameters: 0 0 0

#Transform 110
Transform: AffineTransform_float_3_3
Parameters: 0.999997 0.00237806 -0.00013949 -0.00237838 0.999997 0.000315881 0.000140081 -0.000316119 1 -0.189964 0.190638 -0.450214
FixedParameters: 0 0 0

#Transform 111
Transform: AffineTransform_float_3_3
Parameters: 0.999997 0.00246682 -8.0775e-05 -0.00246678 0.999997 0.000237582 8.19467e-05 -0.000237417 0.999999 -0.206127 0.18768 -0.441481
FixedParameters: 0 0 0

#Transform 112
Transform: AffineTransform_float_3_3
Parameters: 0.999997 0.00271612 -0.00022685 -0.00271612 0.999996 1.64472e-07 0.00022685 1.64472e-07 1 -0.203632 0.204172 -0.446244
FixedParameters: 0 0 0

#Transform 113
Transform: AffineTransform_float_3_3
Parameters: 0.999998 0.00231631 -0.000278533 -0.00231642 0.999998 -0.000195807 0.000277625 0.000196192 1 -0.197757 0.212478 -0.428509
FixedParameters: 0 0 0

#Transform 114
Transform: AffineTransform_float_3_3
Parameters: 0.999997 0.00244054 0.000164286 -0.00244062 0.999997 0.000237727 -0.000163127 -0.000237272 1 -0.212438 0.19263 -0.452083
FixedParameters: 0 0 0

#Transform 115
Transform: AffineTransform_float_3_3
Parameters: 0.999997 0.00253322 0.000206149 -0.00253314 0.999997 -0.000192602 -0.000207121 0.000191397 1 -0.212294 0.212112 -0.449758
FixedParameters: 0 0 0

#Transform 116
Transform: AffineTransform_float_3_3
Parameters: 0.999997 0.00253717 0.000216948 -0.00253778 0.999997 0.000466206 -0.000215493 -0.000466794 1 -0.215642 0.180678 -0.441695
FixedParameters: 0 0 0

#Transform 117
Transform: AffineTransform_float_3_3
Parameters: 0.999997 0.0025184 0.000174992 -0.00251898 0.999997 0.000483315 -0.000173469 -0.000483684 1 -0.215088 0.178823 -0.431293
FixedParameters: 0 0 0

#Transform 118
Transform: AffineTransform_float_3_3
Parameters: 0.999997 0.00260921 0.00037592 -0.00260906 0.999997 -0.000193227 -0.000376925 0.000191772 1 -0.222713 0.197682 -0.422936
FixedParameters: 0 0 0

#Transform 119
Transform: AffineTransform_float_3_3
Parameters: 0.999997 0.00244695 0.000570846 -0.00244744 0.999997 -0.000374271 -0.000572265 0.000372728 1 -0.216558 0.211177 -0.411835
FixedParameters: 0 0 0
