# transform file /out/sourcedata/freesurfer/sub-v1s18x0051266_ses-1/mri/transforms/cc_up.lta
# created by oesteban on Mon Mar  9 08:30:06 2026

type      = 0 # LINEAR_VOX_TO_VOX
nxforms   = 1
mean      = 126.0000 123.0000 123.0000
sigma     = 10000.0000
1 4 4
9.627625346183777e-01 -2.027607262134552e-01 1.788195371627808e-01 8.453242301940918e+00 
1.993512809276581e-01 9.792283177375793e-01 3.702668473124504e-02 -3.773786306381226e+00 
-1.826127171516418e-01 -3.725290298461914e-09 9.831849336624146e-01 4.365942764282227e+01 
0.000000000000000e+00 0.000000000000000e+00 0.000000000000000e+00 1.000000000000000e+00 
src volume info
valid = 1  # volume info valid
filename = /out/sourcedata/freesurfer/sub-v1s18x0051266_ses-1/mri/norm.mgz
volume = 256 256 256
voxelsize = 1.000000000000000e+00 1.000000000000000e+00 1.000000000000000e+00
xras   = -1.000000000000000e+00 0.000000000000000e+00 1.490116119384766e-08
yras   = -1.490116119384766e-08 0.000000000000000e+00 -1.000000000000000e+00
zras   = 0.000000000000000e+00 1.000000000000000e+00 0.000000000000000e+00
cras   = 4.992424011230469e+00 2.205345153808594e+00 -1.000730895996094e+01
dst volume info
valid = 1  # volume info valid
filename = /out/sourcedata/freesurfer/sub-v1s18x0051266_ses-1/mri/norm.mgz
volume = 256 256 256
voxelsize = 1.000000000000000e+00 1.000000000000000e+00 1.000000000000000e+00
xras   = -1.000000000000000e+00 0.000000000000000e+00 1.490116119384766e-08
yras   = -1.490116119384766e-08 0.000000000000000e+00 -1.000000000000000e+00
zras   = 0.000000000000000e+00 1.000000000000000e+00 0.000000000000000e+00
cras   = 4.992424011230469e+00 2.205345153808594e+00 -1.000730895996094e+01
