# transform file transforms/talairach.lta
# created by oesteban on Mon Mar  9 07:08:21 2026

type      = 0 # LINEAR_VOX_TO_VOX
nxforms   = 1
mean      = 126.0000 125.0000 122.0000
sigma     = 10000.0000
1 4 4
1.082090139389038e+00 -2.289818972349167e-01 2.202147245407104e-01 -9.414345741271973e+00 
2.053524106740952e-01 1.148058056831360e+00 2.215808779001236e-01 -7.042530822753906e+01 
-2.108700126409531e-01 -1.065510436892509e-01 9.590333104133606e-01 3.187742996215820e+01 
0.000000000000000e+00 0.000000000000000e+00 0.000000000000000e+00 1.000000000000000e+00 
src volume info
valid = 1  # volume info valid
filename = nu.mgz
volume = 256 256 256
voxelsize = 1.000000000000000e+00 1.000000000000000e+00 1.000000000000000e+00
xras   = -1.000000000000000e+00 0.000000000000000e+00 1.490116119384766e-08
yras   = -1.490116119384766e-08 0.000000000000000e+00 -1.000000000000000e+00
zras   = 0.000000000000000e+00 1.000000000000000e+00 0.000000000000000e+00
cras   = 4.992424011230469e+00 2.205345153808594e+00 -1.000730895996094e+01
dst volume info
valid = 1  # volume info valid
filename = /opt/freesurfer/average/RB_all_2020-01-02.gca
volume = 256 256 256
voxelsize = 1.000000000000000e+00 1.000000000000000e+00 1.000000000000000e+00
xras   = -1.000000000000000e+00 0.000000000000000e+00 0.000000000000000e+00
yras   = 0.000000000000000e+00 0.000000000000000e+00 -1.000000000000000e+00
zras   = 0.000000000000000e+00 1.000000000000000e+00 0.000000000000000e+00
cras   = 0.000000000000000e+00 0.000000000000000e+00 0.000000000000000e+00
