# transform file /out/sourcedata/freesurfer/sub-v1s18x0051217_ses-1/mri/transforms/cc_up.lta
# created by oesteban on Mon Mar  9 05:30:34 2026

type      = 0 # LINEAR_VOX_TO_VOX
nxforms   = 1
mean      = 122.0000 101.0000 122.0000
sigma     = 10000.0000
1 4 4
9.986255764961243e-01 -1.869112811982632e-02 4.896773770451546e-02 -1.529178738594055e+00 
1.866869814693928e-02 9.998254179954529e-01 9.154221042990685e-04 4.756490707397461e+01 
-4.897629469633102e-02 0.000000000000000e+00 9.988000392913818e-01 2.128831672668457e+01 
0.000000000000000e+00 0.000000000000000e+00 0.000000000000000e+00 1.000000000000000e+00 
src volume info
valid = 1  # volume info valid
filename = /out/sourcedata/freesurfer/sub-v1s18x0051217_ses-1/mri/norm.mgz
volume = 256 256 256
voxelsize = 1.000000000000000e+00 1.000000000000000e+00 1.000000000000000e+00
xras   = -9.999998807907104e-01 0.000000000000000e+00 -4.656612873077393e-10
yras   = 0.000000000000000e+00 0.000000000000000e+00 -9.999999403953552e-01
zras   = 0.000000000000000e+00 1.000000000000000e+00 0.000000000000000e+00
cras   = -6.657104492187500e+00 1.794384002685547e+01 -3.846817016601562e+00
dst volume info
valid = 1  # volume info valid
filename = /out/sourcedata/freesurfer/sub-v1s18x0051217_ses-1/mri/norm.mgz
volume = 256 256 256
voxelsize = 1.000000000000000e+00 1.000000000000000e+00 1.000000000000000e+00
xras   = -9.999998807907104e-01 0.000000000000000e+00 -4.656612873077393e-10
yras   = 0.000000000000000e+00 0.000000000000000e+00 -9.999999403953552e-01
zras   = 0.000000000000000e+00 1.000000000000000e+00 0.000000000000000e+00
cras   = -6.657104492187500e+00 1.794384002685547e+01 -3.846817016601562e+00
