#Insight Transform File V1.0
#Transform 0
Transform: AffineTransform_float_3_3
Parameters: 1 9.09365e-05 -0.000172478 -9.1314e-05 0.999999 0.00143802 0.000173225 -0.00143798 0.999999 0.0182214 -0.0445711 0.0572489
FixedParameters: 0 0 0

#Transform 1
Transform: AffineTransform_float_3_3
Parameters: 1 3.38664e-05 6.12623e-05 -3.40069e-05 1 0.001147 -6.11844e-05 -0.001147 1 0.00736786 -0.0745271 0.063173
FixedParameters: 0 0 0

#Transform 2
Transform: AffineTransform_float_3_3
Parameters: 1 -9.69444e-05 -0.000174934 9.69794e-05 1 9.9983e-05 0.000174914 -0.000100017 1 0.020815 0.00358716 0.0276787
FixedParameters: 0 0 0

#Transform 3
Transform: AffineTransform_float_3_3
Parameters: 1 7.98996e-05 0.000144364 -8.00875e-05 1 0.000650988 -0.00014426 -0.000651011 1 -0.000945943 -0.0510299 0.0251068
FixedParameters: 0 0 0

#Transform 4
Transform: AffineTransform_float_3_3
Parameters: 1 -4.11925e-05 -7.43517e-05 4.12251e-05 1 0.000218997 7.43336e-05 -0.000219003 1 0.00835404 -0.0318354 0.0546905
FixedParameters: 0 0 0

#Transform 5
Transform: AffineTransform_float_3_3
Parameters: 1 1.20995e-05 2.1877e-05 -1.2141e-05 0.999999 0.000948999 -2.1854e-05 -0.000948999 0.999999 0.00555135 -0.056649 0.0256581
FixedParameters: 0 0 0

#Transform 6
Transform: AffineTransform_float_3_3
Parameters: 1 -6.1548e-05 -0.000111089 6.15936e-05 1 0.000204993 0.000111064 -0.000205007 1 0.0243126 -0.00381152 0.0246358
FixedParameters: 0 0 0

#Transform 7
Transform: AffineTransform_float_3_3
Parameters: 1 -5.86682e-05 -0.000105826 5.86557e-05 1 -5.90062e-05 0.000105832 5.89938e-05 1 0.0242803 -0.0109207 0.0479542
FixedParameters: 0 0 0

#Transform 8
Transform: AffineTransform_float_3_3
Parameters: 1 0 0 0 1 0.000172 0 -0.000172 1 0.022736 -0.00825575 0.0507549
FixedParameters: 0 0 0

#Transform 9
Transform: AffineTransform_float_3_3
Parameters: 1 -5.85933e-05 -0.000105867 5.87306e-05 1 0.000648994 0.000105791 -0.000649006 1 0.024283 -0.0402063 0.0391365
FixedParameters: 0 0 0

#Transform 10
Transform: AffineTransform_float_3_3
Parameters: 1 -2.473e-05 -4.4603e-05 2.47206e-05 1 -0.000106001 4.46082e-05 0.000105999 1 0.00938109 0.0151677 0.0405232
FixedParameters: 0 0 0

#Transform 11
Transform: AffineTransform_float_3_3
Parameters: 1 -5.87022e-05 -0.000105807 5.86217e-05 1 -0.000380006 0.000105851 0.000379994 1 0.0297073 -0.00241021 0.00577017
FixedParameters: 0 0 0

#Transform 12
Transform: AffineTransform_float_3_3
Parameters: 1 -5.86894e-05 -0.000105814 5.86345e-05 1 -0.000259006 0.000105844 0.000258994 1 0.0186784 0.0062366 0.0190951
FixedParameters: 0 0 0

#Transform 13
Transform: AffineTransform_float_3_3
Parameters: 1 -5.86548e-05 -0.000105833 5.86692e-05 1 6.79938e-05 0.000105825 -6.80062e-05 1 0.0193441 0.0170689 0.0160957
FixedParameters: 0 0 0

#Transform 14
Transform: AffineTransform_float_3_3
Parameters: 1 4.35789e-05 -4.92836e-05 -4.44167e-05 1 0.000372002 4.98012e-05 -0.000371998 1 0.00564731 -0.0375165 0.0313176
FixedParameters: 0 0 0

#Transform 15
Transform: AffineTransform_float_3_3
Parameters: 1 -5.96665e-05 -0.000107559 5.95966e-05 1 -0.000325006 0.000107598 0.000324994 1 0.0144193 0.0267029 -0.025253
FixedParameters: 0 0 0

#Transform 16
Transform: AffineTransform_float_3_3
Parameters: 1 4.50718e-05 8.13482e-05 -4.51028e-05 1 0.000190996 -8.1331e-05 -0.000191004 1 0.0128883 -0.0278254 -0.0235286
FixedParameters: 0 0 0

#Transform 17
Transform: AffineTransform_float_3_3
Parameters: 1 -1.88886e-05 -3.41207e-05 1.89265e-05 1 0.000555999 3.40996e-05 -0.000556 1 0.00339104 -0.0176199 -0.00234714
FixedParameters: 0 0 0

#Transform 18
Transform: AffineTransform_float_3_3
Parameters: 1 4.50905e-05 8.13379e-05 -4.50841e-05 1 -3.90037e-05 -8.13414e-05 3.89963e-05 1 -0.00512248 -9.87755e-05 -0.0112506
FixedParameters: 0 0 0

#Transform 19
Transform: AffineTransform_float_3_3
Parameters: 1 4.50802e-05 8.13436e-05 -4.50944e-05 1 8.69963e-05 -8.13357e-05 -8.70037e-05 1 0.00412323 0.00683555 -0.0185663
FixedParameters: 0 0 0

#Transform 20
Transform: AffineTransform_float_3_3
Parameters: 1 4.51016e-05 8.13317e-05 -4.5073e-05 1 -0.000176004 -8.13476e-05 0.000175996 1 -0.00692722 0.00747065 0.0123422
FixedParameters: 0 0 0

#Transform 21
Transform: AffineTransform_float_3_3
Parameters: 1 -5.82157e-06 -1.04933e-05 5.81386e-06 1 -0.000367 1.04976e-05 0.000367 1 -0.0107223 0.00787933 -0.00769126
FixedParameters: 0 0 0

#Transform 22
Transform: AffineTransform_float_3_3
Parameters: 1 4.5065e-05 8.1352e-05 -4.51096e-05 1 0.000273996 -8.13273e-05 -0.000274004 1 -0.00838293 -0.0154899 -0.0328485
FixedParameters: 0 0 0

#Transform 23
Transform: AffineTransform_float_3_3
Parameters: 1 9.59344e-05 0.000173207 -9.60501e-05 1 0.000333983 -0.000173143 -0.000334017 1 0.00234808 -0.016818 -0.0319042
FixedParameters: 0 0 0

#Transform 24
Transform: AffineTransform_float_3_3
Parameters: 1 -4.84828e-07 -8.7461e-07 4.84791e-07 1 -2.1e-05 8.7463e-07 2.1e-05 1 0.00418026 -0.0135265 -0.0326497
FixedParameters: 0 0 0

#Transform 25
Transform: AffineTransform_float_3_3
Parameters: 1 -1.64885e-05 -2.97343e-05 1.64786e-05 1 -0.000167 2.97398e-05 0.000167 1 0.0173674 -0.000763808 -0.0618801
FixedParameters: 0 0 0

#Transform 26
Transform: AffineTransform_float_3_3
Parameters: 1 9.21235e-06 1.66172e-05 -9.21042e-06 1 -5.80002e-05 -1.66183e-05 5.79998e-05 1 0.010634 0.00223111 -0.0466941
FixedParameters: 0 0 0

#Transform 27
Transform: AffineTransform_float_3_3
Parameters: 1 0.00012315 0.000222149 -0.000123134 1 -3.60274e-05 -0.000222158 3.59726e-05 1 -0.00447746 -0.0226245 0.00671193
FixedParameters: 0 0 0

#Transform 28
Transform: AffineTransform_float_3_3
Parameters: 1 1.45534e-05 2.62335e-05 -1.45351e-05 1 -0.000349 -2.62437e-05 0.000349 1 0.0104452 0.019633 -0.0157964
FixedParameters: 0 0 0

#Transform 29
Transform: AffineTransform_float_3_3
Parameters: 1 0.000274458 -0.000431056 -0.000274363 1 0.000110118 0.000431117 -0.000109882 1 0.0138236 0.0182476 -0.0535672
FixedParameters: 0 0 0

#Transform 30
Transform: AffineTransform_float_3_3
Parameters: 1 5.52303e-05 -5.91914e-05 -5.52207e-05 1 8.10033e-05 5.92003e-05 -8.09967e-05 1 0.0130813 -0.011889 -0.0789392
FixedParameters: 0 0 0

#Transform 31
Transform: AffineTransform_float_3_3
Parameters: 1 8.86095e-05 -2.16414e-05 -8.85944e-05 1 0.000349002 2.17033e-05 -0.000348998 1 0.00803831 -0.027961 -0.0554675
FixedParameters: 0 0 0

#Transform 32
Transform: AffineTransform_float_3_3
Parameters: 1 7.06932e-05 -0.000169512 -7.06607e-05 1 9.6012e-05 0.000169526 -9.5988e-05 1 0.0123601 0.00685983 -0.0647063
FixedParameters: 0 0 0

#Transform 33
Transform: AffineTransform_float_3_3
Parameters: 1 0.000209054 -3.12483e-05 -0.000209047 1 0.000106007 3.12926e-05 -0.000105993 1 0.0254319 0.00265287 -0.0867657
FixedParameters: 0 0 0

#Transform 34
Transform: AffineTransform_float_3_3
Parameters: 1 -6.09149e-06 8.79937e-05 6.12018e-06 1 -0.000162999 -8.79917e-05 0.000163001 1 0.00826681 -0.000251636 -0.0835044
FixedParameters: 0 0 0

#Transform 35
Transform: AffineTransform_float_3_3
Parameters: 1 0.000161821 -5.09121e-06 -0.000161821 1 -2.99918e-06 5.09024e-06 3.00082e-06 1 -0.0123025 -0.011408 -0.0410333
FixedParameters: 0 0 0

#Transform 36
Transform: AffineTransform_float_3_3
Parameters: 1 0.000106491 -0.00010486 -0.000106615 1 -0.000589989 0.000104734 0.000590011 1 0.00615407 0.0532205 -0.0486291
FixedParameters: 0 0 0

#Transform 37
Transform: AffineTransform_float_3_3
Parameters: 1 8.92289e-05 3.51454e-05 -8.92265e-05 1 -3.50031e-05 -3.51516e-05 3.49969e-05 1 0.0251312 -0.00042914 -0.0574464
FixedParameters: 0 0 0

#Transform 38
Transform: AffineTransform_float_3_3
Parameters: 1 0.000161821 -5.0836e-06 -0.000161821 1 4.40008e-05 5.09784e-06 -4.39992e-05 1 0.0255763 0.0181087 -0.0566792
FixedParameters: 0 0 0

#Transform 39
Transform: AffineTransform_float_3_3
Parameters: 1 0.00016182 -5.12535e-06 -0.000161822 1 -0.000213999 5.05609e-06 0.000214001 1 0.0105079 0.00890214 -0.069518
FixedParameters: 0 0 0

#Transform 40
Transform: AffineTransform_float_3_3
Parameters: 1 0.000161822 -5.07616e-06 -0.000161821 1 9.00008e-05 5.10529e-06 -8.99992e-05 1 0.0147225 0.00100412 -0.0491245
FixedParameters: 0 0 0

#Transform 41
Transform: AffineTransform_float_3_3
Parameters: 1 0.000198171 6.05418e-05 -0.000198193 1 0.000181988 -6.04697e-05 -0.000182012 1 0.0285273 0.0230999 -0.0793684
FixedParameters: 0 0 0

#Transform 42
Transform: AffineTransform_float_3_3
Parameters: 0.999999 0.000771365 -0.000353463 -0.000771516 0.999999 -0.000213727 0.000353133 0.000214272 1 -0.00839765 -0.029771 -0.00325235
FixedParameters: 0 0 0

#Transform 43
Transform: AffineTransform_float_3_3
Parameters: 0.999999 0.000528342 -0.00056884 -0.000528917 0.999999 -0.000505699 0.000568305 0.0005063 0.999999 -0.0136887 -0.0707765 0.107257
FixedParameters: 0 0 0

#Transform 44
Transform: AffineTransform_float_3_3
Parameters: 0.999999 0.000695933 -0.000553284 -0.000696586 1 -0.000591039 0.000552461 0.000590961 1 0.00817408 0.0550418 0.00973535
FixedParameters: 0 0 0

#Transform 45
Transform: AffineTransform_float_3_3
Parameters: 0.999999 0.000582938 -0.000594269 -0.000583154 0.999999 -0.000181418 0.000594057 0.000181581 1 -0.0155641 0.0101857 -0.034507
FixedParameters: 0 0 0

#Transform 46
Transform: AffineTransform_float_3_3
Parameters: 1 0.000519038 1.64627e-05 -0.000519041 1 7.49915e-05 -1.63848e-05 -7.50085e-05 1 -0.0384327 -0.0141159 -0.0626099
FixedParameters: 0 0 0

#Transform 47
Transform: AffineTransform_float_3_3
Parameters: 1 0.000439951 -0.000254142 -0.000439936 1 2.91118e-05 0.000254168 -2.88882e-05 1 -0.0174421 -7.73271e-05 -0.0384654
FixedParameters: 0 0 0

#Transform 48
Transform: AffineTransform_float_3_3
Parameters: 0.999999 0.000544004 -0.000691419 -0.000543988 1 1.13761e-05 0.000691431 -1.06239e-05 1 -0.0108135 2.62479e-05 -0.0316997
FixedParameters: 0 0 0

#Transform 49
Transform: AffineTransform_float_3_3
Parameters: 1 0.000521303 -0.000455947 -0.000521367 1 -6.97623e-05 0.000455874 7.02376e-05 1 -0.013975 0.0286421 -0.0459895
FixedParameters: 0 0 0

#Transform 50
Transform: AffineTransform_float_3_3
Parameters: 0.999999 0.000538836 -0.000465597 -0.000538819 1 1.82509e-05 0.000465616 -1.77491e-05 1 -0.0139003 -0.00401239 -0.0398797
FixedParameters: 0 0 0

#Transform 51
Transform: AffineTransform_float_3_3
Parameters: 0.999999 0.000607028 -0.000503445 -0.000607067 1 -3.86944e-05 0.000503398 3.93056e-05 1 -0.0219091 -0.00284933 -0.0287797
FixedParameters: 0 0 0

#Transform 52
Transform: AffineTransform_float_3_3
Parameters: 0.999999 -0.000232167 -0.000727554 0.000237426 0.999972 0.00756183 0.000726037 -0.00756217 0.999971 0.0338653 -0.154254 0.000909049
FixedParameters: 0 0 0

#Transform 53
Transform: AffineTransform_float_3_3
Parameters: 0.999998 -0.00182751 -0.000785752 0.00186184 0.998956 0.0456592 0.000700998 -0.0456608 0.998957 0.176701 -1.24844 0.869943
FixedParameters: 0 0 0

#Transform 54
Transform: AffineTransform_float_3_3
Parameters: 0.999996 -0.00165485 0.00198917 0.00159097 0.999502 0.0315069 -0.00203953 -0.0315031 0.999501 0.327342 -0.379972 0.587205
FixedParameters: 0 0 0

#Transform 55
Transform: AffineTransform_float_3_3
Parameters: 1 -1.59435e-05 9.12348e-05 1.43427e-05 0.999868 0.016213 -9.13361e-05 -0.016213 0.999868 0.179917 -0.201394 0.141893
FixedParameters: 0 0 0

#Transform 56
Transform: AffineTransform_float_3_3
Parameters: 0.999999 9.57462e-05 -0.000791012 -8.53526e-05 0.999899 0.0142315 0.000792315 -0.0142305 0.999899 0.199138 -0.230152 -0.109654
FixedParameters: 0 0 0

#Transform 57
Transform: AffineTransform_float_3_3
Parameters: 1 0.000160655 -0.00066944 -0.000152008 0.999905 0.0138261 0.000672394 -0.0138259 0.999904 0.192803 -0.249284 -0.217422
FixedParameters: 0 0 0

#Transform 58
Transform: AffineTransform_float_3_3
Parameters: 1 3.36266e-05 -0.000232188 -2.98498e-05 0.999875 0.015846 0.000232899 -0.015846 0.999875 0.12951 -0.118613 -0.165953
FixedParameters: 0 0 0

#Transform 59
Transform: AffineTransform_float_3_3
Parameters: 1 0.000233895 0.000135489 -0.000235856 0.999909 0.013497 -0.000132352 -0.013497 0.999909 0.0972279 -0.165416 -0.133737
FixedParameters: 0 0 0

#Transform 60
Transform: AffineTransform_float_3_3
Parameters: 1 6.92308e-05 0.000195592 -7.13239e-05 0.999939 0.011103 -0.000194126 -0.011103 0.999939 0.100056 -0.0688413 -0.187111
FixedParameters: 0 0 0

#Transform 61
Transform: AffineTransform_float_3_3
Parameters: 1 6.9526e-05 0.000195487 -7.10306e-05 0.999954 0.00959299 -0.000194233 -0.00959301 0.999954 0.106678 -0.0588399 -0.217665
FixedParameters: 0 0 0

#Transform 62
Transform: AffineTransform_float_3_3
Parameters: 1 2.15111e-05 0.000221656 -2.3713e-05 0.999967 0.00804699 -0.000220902 -0.008047 0.999967 0.0946499 -0.0414268 -0.21198
FixedParameters: 0 0 0

#Transform 63
Transform: AffineTransform_float_3_3
Parameters: 1 3.79004e-05 2.14839e-05 -3.8206e-05 0.999974 0.007205 -2.09356e-05 -0.007205 0.999974 0.102116 -0.00590505 -0.234082
FixedParameters: 0 0 0

#Transform 64
Transform: AffineTransform_float_3_3
Parameters: 1 6.96515e-05 0.000195442 -7.09059e-05 0.99996 0.00895099 -0.000194279 -0.00895101 0.99996 0.100982 0.068838 -0.214386
FixedParameters: 0 0 0

#Transform 65
Transform: AffineTransform_float_3_3
Parameters: 1 6.97334e-05 0.000195413 -7.13167e-05 0.999963 0.00853198 -0.000195179 -0.00853201 0.999963 0.0896172 0.0356496 -0.193355
FixedParameters: 0 0 0

#Transform 66
Transform: AffineTransform_float_3_3
Parameters: 1 -7.25406e-05 -6.64143e-05 7.27342e-05 0.999968 0.008084 6.57247e-05 -0.00808401 0.999968 0.103121 0.0508912 -0.226194
FixedParameters: 0 0 0

#Transform 67
Transform: AffineTransform_float_3_3
Parameters: 1 -0.000160313 -0.000226935 0.000161527 0.999978 0.00654496 0.000225798 -0.00654503 0.999978 0.107065 0.00632353 -0.264028
FixedParameters: 0 0 0

#Transform 68
Transform: AffineTransform_float_3_3
Parameters: 1 1.579e-05 9.6118e-05 -1.60754e-05 0.999963 0.008586 -9.54546e-05 -0.008586 0.999963 0.0926991 0.00128394 -0.19061
FixedParameters: 0 0 0

#Transform 69
Transform: AffineTransform_float_3_3
Parameters: 1 6.65246e-05 0.000189215 -6.77386e-05 0.99997 0.00783199 -0.000189134 -0.00783202 0.99997 0.104152 0.0506267 -0.245548
FixedParameters: 0 0 0

#Transform 70
Transform: AffineTransform_float_3_3
Parameters: 1 -1.07596e-05 0.000231275 9.3972e-06 0.99997 0.007771 -0.000231527 -0.00777099 0.99997 0.102165 0.0197127 -0.246409
FixedParameters: 0 0 0

#Transform 71
Transform: AffineTransform_float_3_3
Parameters: 1 -0.000101027 0.000280583 9.97883e-05 0.999975 0.00704403 -0.000281218 -0.00704397 0.999975 0.0954662 0.00710097 -0.234898
FixedParameters: 0 0 0

#Transform 72
Transform: AffineTransform_float_3_3
Parameters: 1 -0.000263483 0.000464991 0.000260442 0.999978 0.00670213 -0.000466848 -0.00670188 0.999978 0.100813 0.0351824 -0.296386
FixedParameters: 0 0 0

#Transform 73
Transform: AffineTransform_float_3_3
Parameters: 0.999999 -0.000537036 0.00051884 0.000533732 0.999979 0.00634528 -0.000521746 -0.00634472 0.999979 0.0983235 -0.00656005 -0.277614
FixedParameters: 0 0 0

#Transform 74
Transform: AffineTransform_float_3_3
Parameters: 0.999999 -0.000626083 0.000758164 0.000621232 0.999982 0.00593648 -0.000762164 -0.00593553 0.999982 0.0786105 -0.00873423 -0.278249
FixedParameters: 0 0 0

#Transform 75
Transform: AffineTransform_float_3_3
Parameters: 0.999999 -0.000681728 0.000655987 0.000679033 0.999986 0.00522068 -0.000659687 -0.00522032 0.999987 0.0975294 0.0438939 -0.324089
FixedParameters: 0 0 0

#Transform 76
Transform: AffineTransform_float_3_3
Parameters: 0.999999 -0.00124448 0.000501863 0.00124104 0.999968 0.0078042 -0.000511155 -0.00780379 0.999969 0.129239 -0.09614 -0.205448
FixedParameters: 0 0 0

#Transform 77
Transform: AffineTransform_float_3_3
Parameters: 1 -0.000263844 0.00114662 0.000255845 0.999979 0.0064483 -0.00114803 -0.0064477 0.999978 0.0950553 0.0112405 -0.278936
FixedParameters: 0 0 0

#Transform 78
Transform: AffineTransform_float_3_3
Parameters: 1 -0.00075361 0.000805854 0.000748862 0.999986 0.0052836 -0.000809029 -0.00528239 0.999985 0.108464 0.0317044 -0.259674
FixedParameters: 0 0 0

#Transform 79
Transform: AffineTransform_float_3_3
Parameters: 1 -0.000436338 0.000524723 0.000433866 0.999992 0.0041038 -0.000527029 -0.00410419 0.999991 0.107543 0.061516 -0.270108
FixedParameters: 0 0 0

#Transform 80
Transform: AffineTransform_float_3_3
Parameters: 1 -0.000410227 0.000505805 0.00040788 0.999991 0.00413445 -0.000507923 -0.00413456 0.999992 0.111027 0.0224762 -0.301399
FixedParameters: 0 0 0

#Transform 81
Transform: AffineTransform_float_3_3
Parameters: 0.999999 -0.000236942 0.000799306 0.00023352 0.999989 0.00468919 -0.000800343 -0.00468881 0.999988 0.0983316 -0.00404313 -0.295516
FixedParameters: 0 0 0

#Transform 82
Transform: AffineTransform_float_3_3
Parameters: 1 -0.000272715 0.000321968 0.000271918 0.999991 0.00409508 -0.000322934 -0.00409491 0.999991 0.0985167 0.0217519 -0.315777
FixedParameters: 0 0 0

#Transform 83
Transform: AffineTransform_float_3_3
Parameters: 1 -0.000247594 0.000405138 0.000246108 0.999991 0.0041061 -0.000405901 -0.0041059 0.999991 0.104615 0.018943 -0.334745
FixedParameters: 0 0 0

#Transform 84
Transform: AffineTransform_float_3_3
Parameters: 1 -0.000296104 0.000622264 0.000293681 0.999992 0.00412619 -0.000623918 -0.00412582 0.999992 0.0856373 -0.0109278 -0.290624
FixedParameters: 0 0 0

#Transform 85
Transform: AffineTransform_float_3_3
Parameters: 1 -0.000209594 0.000550994 0.000207265 0.999993 0.00378611 -0.000551308 -0.00378588 0.999992 0.0950307 0.0288653 -0.283279
FixedParameters: 0 0 0

#Transform 86
Transform: AffineTransform_float_3_3
Parameters: 1 -0.000100903 0.000445636 9.88662e-05 0.999992 0.00380904 -0.000446007 -0.00380895 0.999992 0.103012 0.0204504 -0.304217
FixedParameters: 0 0 0

#Transform 87
Transform: AffineTransform_float_3_3
Parameters: 1 -0.000192142 0.000568578 0.000190075 0.999991 0.00420611 -0.000569406 -0.00420589 0.999991 0.0871419 -0.00605481 -0.296764
FixedParameters: 0 0 0

#Transform 88
Transform: AffineTransform_float_3_3
Parameters: 1 -0.000329097 0.000275364 0.000327826 0.999991 0.00406209 -0.000276283 -0.00406191 0.999991 0.0816111 -0.00620451 -0.297516
FixedParameters: 0 0 0

#Transform 89
Transform: AffineTransform_float_3_3
Parameters: 1 -0.000200765 0.000629412 0.000198663 0.999992 0.00382712 -0.000630161 -0.00382687 0.999992 0.0925306 0.042518 -0.321377
FixedParameters: 0 0 0

#Transform 90
Transform: AffineTransform_float_3_3
Parameters: 0.999999 -0.0002441 0.000747887 0.000241514 0.999993 0.00387018 -0.000748112 -0.00386982 0.999992 0.102292 0.00580907 -0.3255
FixedParameters: 0 0 0

#Transform 91
Transform: AffineTransform_float_3_3
Parameters: 0.999999 2.58233e-05 0.000795633 -2.92848e-05 0.99999 0.00443498 -0.000795094 -0.00443502 0.99999 0.0958041 -0.00265829 -0.320848
FixedParameters: 0 0 0

#Transform 92
Transform: AffineTransform_float_3_3
Parameters: 0.999999 -0.000368996 0.000674029 0.000366776 0.999993 0.00365848 -0.000675942 -0.00365852 0.999994 0.0936838 0.0414702 -0.320005
FixedParameters: 0 0 0

#Transform 93
Transform: AffineTransform_float_3_3
Parameters: 1 -0.000349148 0.000562717 0.000346881 0.999993 0.00364843 -0.000563992 -0.00364857 0.999994 0.0952235 0.0325289 -0.279302
FixedParameters: 0 0 0

#Transform 94
Transform: AffineTransform_float_3_3
Parameters: 1 -0.000359556 0.000533787 0.000357687 0.99999 0.00428819 -0.000536083 -0.00428781 0.99999 0.10801 0.0181939 -0.29254
FixedParameters: 0 0 0

#Transform 95
Transform: AffineTransform_float_3_3
Parameters: 0.999999 -0.000298199 0.000766003 0.000295068 0.999992 0.00413323 -0.000766801 -0.00413278 0.999991 0.0901512 0.00819373 -0.314451
FixedParameters: 0 0 0

#Transform 96
Transform: AffineTransform_float_3_3
Parameters: 0.999999 -0.000374932 0.000728169 0.00037143 0.99999 0.0042645 -0.000730572 -0.00426449 0.999991 0.0976376 0.00198562 -0.314607
FixedParameters: 0 0 0

#Transform 97
Transform: AffineTransform_float_3_3
Parameters: 1 -0.000336058 0.000572333 0.000334054 0.999992 0.0041192 -0.000574313 -0.00411881 0.999992 0.089104 0.00140868 -0.306138
FixedParameters: 0 0 0

#Transform 98
Transform: AffineTransform_float_3_3
Parameters: 1 -0.0003779 0.000437903 0.000376168 0.999991 0.00407516 -0.000439712 -0.00407483 0.999991 0.10803 0.0132776 -0.35864
FixedParameters: 0 0 0

#Transform 99
Transform: AffineTransform_float_3_3
Parameters: 1 -0.000277892 0.000555433 0.000276411 0.999993 0.00377615 -0.000556746 -0.00377584 0.999992 0.0981394 0.0142798 -0.353107
FixedParameters: 0 0 0

#Transform 100
Transform: AffineTransform_float_3_3
Parameters: 0.999999 -0.000190439 0.000735515 0.000187434 0.999993 0.00388914 -0.000736205 -0.00388886 0.999992 0.0765838 -0.0112277 -0.299858
FixedParameters: 0 0 0

#Transform 101
Transform: AffineTransform_float_3_3
Parameters: 1 -0.000320023 0.000515975 0.000318223 0.999993 0.00352816 -0.000516962 -0.00352783 0.999993 0.0866734 0.0433509 -0.335715
FixedParameters: 0 0 0

#Transform 102
Transform: AffineTransform_float_3_3
Parameters: 1 -0.000247185 0.000551107 0.000244853 0.999993 0.00378713 -0.000551706 -0.00378686 0.999992 0.0917886 0.022515 -0.341481
FixedParameters: 0 0 0

#Transform 103
Transform: AffineTransform_float_3_3
Parameters: 1 -0.000272241 0.000578403 0.000269384 0.999991 0.00406039 -0.000579338 -0.00406061 0.999992 0.0759162 -0.00179418 -0.329388
FixedParameters: 0 0 0

#Transform 104
Transform: AffineTransform_float_3_3
Parameters: 1 -0.000323285 0.000509911 0.000321749 0.999995 0.00331217 -0.000510783 -0.00331184 0.999995 0.0909166 0.0479904 -0.321599
FixedParameters: 0 0 0

#Transform 105
Transform: AffineTransform_float_3_3
Parameters: 1 -0.000273839 0.000610391 0.000271344 0.999993 0.0035524 -0.000611063 -0.0035526 0.999993 0.092172 0.0283927 -0.328447
FixedParameters: 0 0 0

#Transform 106
Transform: AffineTransform_float_3_3
Parameters: 1 -0.000293672 0.000628202 0.000292046 0.999994 0.00345442 -0.000629446 -0.00345458 0.999994 0.102673 0.0412819 -0.327324
FixedParameters: 0 0 0

#Transform 107
Transform: AffineTransform_float_3_3
Parameters: 0.999999 -0.000160874 0.000722756 0.000158115 0.999993 0.00378911 -0.000723185 -0.00378888 0.999992 0.0853913 0.018365 -0.294357
FixedParameters: 0 0 0

#Transform 108
Transform: AffineTransform_float_3_3
Parameters: 1 -0.000460349 0.00038104 0.000458827 0.999994 0.00326317 -0.00038229 -0.00326282 0.999994 0.110815 0.0559523 -0.328234
FixedParameters: 0 0 0

#Transform 109
Transform: AffineTransform_float_3_3
Parameters: 1 -0.000312664 0.000406912 0.000311582 0.999994 0.0035917 -0.00040789 -0.0035923 0.999993 0.108452 0.0412452 -0.325146
FixedParameters: 0 0 0

#Transform 110
Transform: AffineTransform_float_3_3
Parameters: 1 -0.000207469 0.00047578 0.000205945 0.999993 0.0035391 -0.000475978 -0.0035389 0.999993 0.103351 0.0304405 -0.341851
FixedParameters: 0 0 0

#Transform 111
Transform: AffineTransform_float_3_3
Parameters: 1 -9.82372e-05 0.000502377 9.58124e-05 0.999993 0.00376505 -0.000502717 -0.00376495 0.999993 0.0856861 -0.00687054 -0.321017
FixedParameters: 0 0 0

#Transform 112
Transform: AffineTransform_float_3_3
Parameters: 1 -0.000205439 0.000469015 0.000204077 0.999994 0.0034181 -0.00046915 -0.0034179 0.999994 0.105389 0.0613772 -0.352133
FixedParameters: 0 0 0

#Transform 113
Transform: AffineTransform_float_3_3
Parameters: 1 -0.000196232 0.000485685 0.000194861 0.999995 0.0033101 -0.000485715 -0.00330991 0.999995 0.104112 0.0546611 -0.326356
FixedParameters: 0 0 0

#Transform 114
Transform: AffineTransform_float_3_3
Parameters: 0.999999 -0.000127449 0.000729527 0.000124729 0.999993 0.00372733 -0.000729687 -0.00372767 0.999993 0.0852569 0.0383874 -0.290227
FixedParameters: 0 0 0

#Transform 115
Transform: AffineTransform_float_3_3
Parameters: 1 -0.000127246 0.000561688 0.000124417 0.999993 0.00372707 -0.000562236 -0.00372693 0.999993 0.082721 0.0588781 -0.301562
FixedParameters: 0 0 0

#Transform 116
Transform: AffineTransform_float_3_3
Parameters: 0.999999 -0.000260003 0.000702036 0.000257671 0.999994 0.00359442 -0.000703117 -0.00359459 0.999994 0.098109 0.0710511 -0.323845
FixedParameters: 0 0 0

#Transform 117
Transform: AffineTransform_float_3_3
Parameters: 1 -0.000233807 0.000560893 0.000232315 0.999992 0.00375037 -0.000561861 -0.00375063 0.999993 0.087247 0.0430103 -0.330017
FixedParameters: 0 0 0

#Transform 118
Transform: AffineTransform_float_3_3
Parameters: 1 -0.00020467 0.000614276 0.000202305 0.999992 0.00413513 -0.000615179 -0.00413488 0.999992 0.0926364 0.0068373 -0.320535
FixedParameters: 0 0 0

#Transform 119
Transform: AffineTransform_float_3_3
Parameters: 0.999999 -0.000216305 0.000681605 0.00021401 0.999995 0.00331915 -0.000683128 -0.00331886 0.999995 0.100549 0.051967 -0.341798
FixedParameters: 0 0 0
