#Insight Transform File V1.0
#Transform 0
Transform: AffineTransform_float_3_3
Parameters: 0.999998 0.000816542 -0.00166378 -0.000813244 0.999998 0.0021503 0.00166504 -0.00214948 0.999996 0.038066 -0.104918 -0.363276
FixedParameters: 0 0 0

#Transform 1
Transform: AffineTransform_float_3_3
Parameters: 0.999997 0.000804353 -0.00199941 -0.000799476 0.999997 0.0021966 0.0020009 -0.00219525 0.999996 0.0315857 -0.107378 -0.342299
FixedParameters: 0 0 0

#Transform 2
Transform: AffineTransform_float_3_3
Parameters: 0.999997 0.000691578 -0.00196128 -0.00068758 0.999998 0.00188525 0.00196251 -0.00188403 0.999996 0.0181756 -0.0931759 -0.369897
FixedParameters: 0 0 0

#Transform 3
Transform: AffineTransform_float_3_3
Parameters: 0.999998 0.000310049 -0.00222812 -0.000303906 0.999996 0.00261604 0.00222889 -0.00261466 0.999994 0.00298323 -0.079058 -0.37024
FixedParameters: 0 0 0

#Transform 4
Transform: AffineTransform_float_3_3
Parameters: 0.999998 0.000410199 -0.00184283 -0.000406292 0.999997 0.00239452 0.00184474 -0.00239355 0.999996 0.00697123 -0.0970463 -0.340703
FixedParameters: 0 0 0

#Transform 5
Transform: AffineTransform_float_3_3
Parameters: 0.999999 -2.94775e-05 -0.00177044 3.34896e-05 0.999997 0.00228524 0.00176972 -0.00228502 0.999996 -0.00779061 -0.0807586 -0.374396
FixedParameters: 0 0 0

#Transform 6
Transform: AffineTransform_float_3_3
Parameters: 0.999999 0.00022227 -0.00177466 -0.000217903 0.999997 0.00237951 0.00177514 -0.00237839 0.999996 -0.024628 -0.0769833 -0.362864
FixedParameters: 0 0 0

#Transform 7
Transform: AffineTransform_float_3_3
Parameters: 0.999998 0.00014435 -0.00186909 -0.000140667 0.999998 0.00209792 0.00186898 -0.00209794 0.999996 -0.0267935 -0.0931207 -0.386576
FixedParameters: 0 0 0

#Transform 8
Transform: AffineTransform_float_3_3
Parameters: 0.999998 -7.0772e-05 -0.00192204 7.68456e-05 0.999996 0.00283882 0.00192171 -0.00283964 0.999994 -0.0280125 -0.0811594 -0.383849
FixedParameters: 0 0 0

#Transform 9
Transform: AffineTransform_float_3_3
Parameters: 0.999998 2.51997e-06 -0.00223898 3.93535e-06 0.999995 0.00303106 0.00223933 -0.00303099 0.999993 -0.0247809 -0.0651601 -0.456845
FixedParameters: 0 0 0

#Transform 10
Transform: AffineTransform_float_3_3
Parameters: 0.999998 -0.000124106 -0.00216235 0.000130169 0.999997 0.00283854 0.00216141 -0.00283863 0.999994 -0.0159732 -0.0981776 -0.436683
FixedParameters: 0 0 0

#Transform 11
Transform: AffineTransform_float_3_3
Parameters: 0.999997 -0.000402414 -0.0024794 0.000410456 0.999995 0.0033687 0.00247817 -0.00336925 0.999991 -0.034804 -0.084572 -0.483505
FixedParameters: 0 0 0

#Transform 12
Transform: AffineTransform_float_3_3
Parameters: 0.999997 -0.000421899 -0.00259222 0.000430693 0.999994 0.00337924 0.00259088 -0.00338042 0.999991 -0.029395 -0.0723401 -0.488026
FixedParameters: 0 0 0

#Transform 13
Transform: AffineTransform_float_3_3
Parameters: 0.999997 -0.000391345 -0.00241178 0.000399619 0.999994 0.00350694 0.00241068 -0.00350872 0.999991 -0.0346012 -0.0903516 -0.48085
FixedParameters: 0 0 0

#Transform 14
Transform: AffineTransform_float_3_3
Parameters: 0.999997 -0.000593863 -0.00248569 0.00060235 0.999994 0.00349683 0.00248451 -0.00349748 0.99999 -0.0364471 -0.0768484 -0.491007
FixedParameters: 0 0 0

#Transform 15
Transform: AffineTransform_float_3_3
Parameters: 0.999997 0.00161138 -0.0015573 -0.00162727 0.999943 -0.0104667 0.00154045 0.0104689 0.999944 0.111726 -0.12904 0.5413
FixedParameters: 0 0 0

#Transform 16
Transform: AffineTransform_float_3_3
Parameters: 0.999998 0.0011496 -0.00176001 -0.0011548 0.999994 -0.00297909 0.0017562 0.00298092 0.999994 0.0234531 0.0194216 0.194372
FixedParameters: 0 0 0

#Transform 17
Transform: AffineTransform_float_3_3
Parameters: 0.999998 0.000877212 -0.00158547 -0.000880919 0.999997 -0.00191831 0.00158428 0.00191909 0.999997 0.0278678 0.00794512 0.0744885
FixedParameters: 0 0 0

#Transform 18
Transform: AffineTransform_float_3_3
Parameters: 0.999997 0.000400591 -0.00217908 -0.00040506 0.999997 -0.00227586 0.00217885 0.00227591 0.999995 -0.00999251 0.00717024 0.0975997
FixedParameters: 0 0 0

#Transform 19
Transform: AffineTransform_float_3_3
Parameters: 1 0.000291112 -0.00121389 -0.000292387 0.999999 -0.00106293 0.00121361 0.00106311 0.999999 0.000282385 0.0146942 0.0851536
FixedParameters: 0 0 0

#Transform 20
Transform: AffineTransform_float_3_3
Parameters: 1 0.000231154 -0.000193184 -0.000231508 1 -0.00112937 0.000192791 0.00112945 1 0.00321469 0.00565166 0.0214396
FixedParameters: 0 0 0

#Transform 21
Transform: AffineTransform_float_3_3
Parameters: 1 -0.000156364 -0.000614111 0.000156631 1 0.000217507 0.000614043 -0.0002177 1 -0.00215276 0.0231169 -0.0413279
FixedParameters: 0 0 0

#Transform 22
Transform: AffineTransform_float_3_3
Parameters: 1 -0.000157576 0.000191318 0.000157409 1 0.000437258 -0.000191456 -0.000437198 1 0.0204289 -0.00450805 -0.0722875
FixedParameters: 0 0 0

#Transform 23
Transform: AffineTransform_float_3_3
Parameters: 0.999999 -0.000662222 -0.000492094 0.000663283 0.999999 0.00131762 0.000491844 -0.00131831 0.999999 -0.00326541 0.00344391 -0.107987
FixedParameters: 0 0 0

#Transform 24
Transform: AffineTransform_float_3_3
Parameters: 1 -0.000157255 -0.000479786 0.000157082 1 0.00116282 0.000479245 -0.00116287 0.999999 -0.0137464 -0.027698 -0.194746
FixedParameters: 0 0 0

#Transform 25
Transform: AffineTransform_float_3_3
Parameters: 1 0.000211041 -0.000129268 -0.000210936 1 0.000407229 0.00012944 -0.000407174 1 -0.00440769 0.0148568 -0.18895
FixedParameters: 0 0 0

#Transform 26
Transform: AffineTransform_float_3_3
Parameters: 1 0.000152006 7.11591e-05 -0.000152674 0.999999 0.00156763 -7.13881e-05 -0.00156759 0.999999 0.0111663 -0.0152292 -0.177927
FixedParameters: 0 0 0

#Transform 27
Transform: AffineTransform_float_3_3
Parameters: 1 -0.000113778 -0.000441008 0.000114699 0.999999 0.000951829 0.00044092 -0.000951033 1 -0.00331478 -0.022891 -0.181583
FixedParameters: 0 0 0

#Transform 28
Transform: AffineTransform_float_3_3
Parameters: 1 3.35458e-05 -0.0005126 -3.30315e-05 1 0.000501636 0.000512633 -0.000501602 0.999999 -0.00900176 -0.00822201 -0.176483
FixedParameters: 0 0 0

#Transform 29
Transform: AffineTransform_float_3_3
Parameters: 1 -0.000148136 -0.000509284 0.000149009 0.999999 0.000856635 0.00050903 -0.000856786 0.999999 -0.0154408 -0.02006 -0.0585156
FixedParameters: 0 0 0

#Transform 30
Transform: AffineTransform_float_3_3
Parameters: 1 -0.000505686 -0.000381367 0.000505874 0.999999 0.00124624 0.000380767 -0.00124659 0.999999 -0.0185528 0.0499546 -0.108155
FixedParameters: 0 0 0

#Transform 31
Transform: AffineTransform_float_3_3
Parameters: 0.999999 -0.00112335 0.000104885 0.00112334 0.999997 0.00216915 -0.000107166 -0.00216903 0.999998 -0.0237085 0.0376444 -0.119033
FixedParameters: 0 0 0

#Transform 32
Transform: AffineTransform_float_3_3
Parameters: 0.999999 -0.000862151 -0.000327616 0.000863006 0.999998 0.00154205 0.000326583 -0.00154175 0.999999 -0.00785777 0.0342003 -0.156291
FixedParameters: 0 0 0

#Transform 33
Transform: AffineTransform_float_3_3
Parameters: 1 -0.000464544 -8.614e-05 0.000464173 0.999999 0.00180665 8.52526e-05 -0.0018067 0.999999 -0.000236375 0.0268354 -0.159809
FixedParameters: 0 0 0

#Transform 34
Transform: AffineTransform_float_3_3
Parameters: 1 -0.000395555 -0.000399754 0.000395719 1 0.00115793 0.000399498 -0.00115821 0.999999 0.000353237 -0.0162624 -0.187696
FixedParameters: 0 0 0

#Transform 35
Transform: AffineTransform_float_3_3
Parameters: 1 -0.00031747 -8.85854e-05 0.000318261 1 0.00102895 8.88969e-05 -0.00102909 1 0.00300379 -0.038545 -0.179106
FixedParameters: 0 0 0

#Transform 36
Transform: AffineTransform_float_3_3
Parameters: 1 -0.000256283 4.42338e-05 0.000256276 1 0.0010005 -4.46171e-05 -0.00100048 1 0.0126429 -0.03773 -0.168571
FixedParameters: 0 0 0

#Transform 37
Transform: AffineTransform_float_3_3
Parameters: 1 -0.000452746 2.81776e-05 0.00045275 0.999999 0.00134439 -2.92654e-05 -0.00134437 0.999999 0.0093506 -0.0495964 -0.170829
FixedParameters: 0 0 0

#Transform 38
Transform: AffineTransform_float_3_3
Parameters: 1 -0.000624299 -0.000227938 0.000624814 0.999998 0.00164644 0.000227378 -0.00164676 0.999998 -0.00337269 -0.0320311 -0.144461
FixedParameters: 0 0 0

#Transform 39
Transform: AffineTransform_float_3_3
Parameters: 0.999999 -0.000921099 0.000245133 0.000920584 0.999998 0.00180864 -0.000246001 -0.0018083 0.999999 -0.0184769 -0.0146134 -0.138312
FixedParameters: 0 0 0

#Transform 40
Transform: AffineTransform_float_3_3
Parameters: 0.999999 -0.00101146 8.47311e-05 0.00101154 0.999998 0.00169483 -8.56968e-05 -0.00169478 0.999999 -0.0186007 0.00130795 -0.139494
FixedParameters: 0 0 0

#Transform 41
Transform: AffineTransform_float_3_3
Parameters: 1 -0.000605183 8.13506e-05 0.000605561 0.999999 0.0014085 -8.20902e-05 -0.00140847 0.999999 -0.0219236 0.00391887 -0.14777
FixedParameters: 0 0 0

#Transform 42
Transform: AffineTransform_float_3_3
Parameters: 1 4.49718e-05 0.000537505 -4.62214e-05 0.999999 0.0012386 -0.000537262 -0.00123866 0.999999 -0.0154301 0.0400874 -0.19514
FixedParameters: 0 0 0

#Transform 43
Transform: AffineTransform_float_3_3
Parameters: 1 -0.00022316 -0.000497959 0.000224825 0.999994 0.00340581 0.000497437 -0.00340593 0.999994 -0.0272954 0.045481 -0.107316
FixedParameters: 0 0 0

#Transform 44
Transform: AffineTransform_float_3_3
Parameters: 0.999999 0.000281679 -0.000801295 -0.000280342 0.999996 0.00270869 0.000801931 -0.00270842 0.999997 -0.0463542 0.0714507 -0.18077
FixedParameters: 0 0 0

#Transform 45
Transform: AffineTransform_float_3_3
Parameters: 0.999989 -0.00253838 -0.00412461 0.00254456 0.999996 0.00144994 0.00412107 -0.00145985 0.99999 -0.080131 0.0279608 -0.268336
FixedParameters: 0 0 0

#Transform 46
Transform: AffineTransform_float_3_3
Parameters: 0.999726 -0.0209412 -0.01044 0.0209007 0.999774 -0.00395911 0.0105207 0.00374011 0.999938 -0.25819 -0.333326 -0.611103
FixedParameters: 0 0 0

#Transform 47
Transform: AffineTransform_float_3_3
Parameters: 0.999911 -0.0119728 -0.00586626 0.0119581 0.999926 -0.00245676 0.00589489 0.00238691 0.999979 -0.0601354 -0.116589 -0.311693
FixedParameters: 0 0 0

#Transform 48
Transform: AffineTransform_float_3_3
Parameters: 0.999978 -0.00635513 -0.00148478 0.00635454 0.99998 -0.000514184 0.00148769 0.000504857 0.999999 -0.00876258 0.00182418 -0.147783
FixedParameters: 0 0 0

#Transform 49
Transform: AffineTransform_float_3_3
Parameters: 0.99998 -0.00622363 -0.00125914 0.00622314 0.999981 -0.00051316 0.001262 0.000505269 1 -0.0128789 0.0317057 -0.179848
FixedParameters: 0 0 0

#Transform 50
Transform: AffineTransform_float_3_3
Parameters: 0.999979 -0.0063639 -0.000803633 0.00636184 0.999976 -0.00243017 0.000819667 0.00242443 0.999997 0.00494566 -0.0259511 -0.103549
FixedParameters: 0 0 0

#Transform 51
Transform: AffineTransform_float_3_3
Parameters: 0.999988 -0.00480363 0.000333915 0.00480596 0.999953 -0.00838541 -0.00029323 0.00838703 0.999965 -0.00462205 0.0381697 0.0209791
FixedParameters: 0 0 0

#Transform 52
Transform: AffineTransform_float_3_3
Parameters: 0.99999 -0.00445409 0.000189708 0.00445459 0.999978 -0.00500513 -0.000167303 0.00500576 0.999987 0.0220177 0.0113509 -0.130597
FixedParameters: 0 0 0

#Transform 53
Transform: AffineTransform_float_3_3
Parameters: 0.999967 -0.00714711 0.0039042 0.00718426 0.99993 -0.00943847 -0.00383597 0.00946607 0.999948 0.223722 -0.137777 -0.319308
FixedParameters: 0 0 0

#Transform 54
Transform: AffineTransform_float_3_3
Parameters: 0.999976 -0.00659498 0.00225317 0.0066062 0.999966 -0.00494842 -0.00221995 0.00496346 0.999985 0.140867 -0.0358923 -0.289668
FixedParameters: 0 0 0

#Transform 55
Transform: AffineTransform_float_3_3
Parameters: 0.999977 -0.00660698 0.00100884 0.00661201 0.999969 -0.00442809 -0.000979437 0.00443418 0.999989 0.116887 -0.0605587 -0.214664
FixedParameters: 0 0 0

#Transform 56
Transform: AffineTransform_float_3_3
Parameters: 0.999972 -0.00751376 -6.57068e-05 0.0075135 0.999965 -0.00378259 9.49032e-05 0.00378239 0.999993 0.115941 -0.0549223 -0.247202
FixedParameters: 0 0 0

#Transform 57
Transform: AffineTransform_float_3_3
Parameters: 0.999963 -0.00862922 0.000371795 0.0086307 0.999959 -0.00285759 -0.000346819 0.00286095 0.999996 0.0611225 -0.0652062 -0.264312
FixedParameters: 0 0 0

#Transform 58
Transform: AffineTransform_float_3_3
Parameters: 0.999687 -0.0243469 0.00566594 0.0243733 0.999693 -0.00455064 -0.00555273 0.00468771 0.999974 0.3973 -0.0131919 -0.340611
FixedParameters: 0 0 0

#Transform 59
Transform: AffineTransform_float_3_3
Parameters: 0.999934 -0.0113592 0.00190655 0.0113657 0.99993 -0.00311369 -0.0018715 0.00313565 0.999994 0.133955 0.0448328 -0.406516
FixedParameters: 0 0 0

#Transform 60
Transform: AffineTransform_float_3_3
Parameters: 0.999943 -0.0106541 0.00072564 0.010654 0.999942 -0.00149402 -0.000709798 0.00150181 0.999998 0.0688755 0.0403526 -0.326653
FixedParameters: 0 0 0

#Transform 61
Transform: AffineTransform_float_3_3
Parameters: 0.999943 -0.0106027 0.00142155 0.0106031 0.999943 -0.000353804 -0.00141732 0.00036909 0.999999 0.000801069 0.0956505 -0.373404
FixedParameters: 0 0 0

#Transform 62
Transform: AffineTransform_float_3_3
Parameters: 0.999972 -0.00740798 0.000459695 0.00740843 0.999972 -0.00112027 -0.000451178 0.00112415 0.999999 -0.040449 0.0184126 -0.369005
FixedParameters: 0 0 0

#Transform 63
Transform: AffineTransform_float_3_3
Parameters: 0.999995 -0.00299377 -0.00136538 0.00298984 0.999991 -0.00278108 0.00137403 0.00277694 0.999995 -0.0809436 0.0571488 -0.52727
FixedParameters: 0 0 0

#Transform 64
Transform: AffineTransform_float_3_3
Parameters: 0.999975 -0.0070431 0.00126069 0.00704454 0.999975 -0.000691436 -0.00125583 0.000700831 0.999999 -0.0429192 0.0739948 -0.531209
FixedParameters: 0 0 0

#Transform 65
Transform: AffineTransform_float_3_3
Parameters: 0.999975 -0.00674224 0.00219197 0.0067418 0.999978 0.000144078 -0.00219341 -0.000129307 0.999998 -0.00317946 0.0690089 -0.480917
FixedParameters: 0 0 0

#Transform 66
Transform: AffineTransform_float_3_3
Parameters: 0.99998 -0.00594536 0.00213487 0.00594485 0.999982 0.000304471 -0.0021365 -0.000292078 0.999998 0.0276306 0.111205 -0.433818
FixedParameters: 0 0 0

#Transform 67
Transform: AffineTransform_float_3_3
Parameters: 0.999993 -0.00338633 0.00178524 0.00338466 0.999994 0.00125275 -0.00178954 -0.00124648 0.999997 -0.013531 0.110335 -0.311993
FixedParameters: 0 0 0

#Transform 68
Transform: AffineTransform_float_3_3
Parameters: 0.999989 -0.00428554 0.00158501 0.00428559 0.999991 0.00050265 -0.00158727 -0.000495678 0.999999 -0.048713 0.0804862 -0.342058
FixedParameters: 0 0 0

#Transform 69
Transform: AffineTransform_float_3_3
Parameters: 0.999989 -0.00433255 0.00139551 0.00433299 0.999991 -0.000302867 -0.00139423 0.000309038 0.999999 -0.0314702 0.08223 -0.412288
FixedParameters: 0 0 0

#Transform 70
Transform: AffineTransform_float_3_3
Parameters: 0.999989 -0.00443578 0.00145232 0.00443468 0.999989 0.00124776 -0.00145822 -0.00124123 0.999998 -0.0610883 0.0997023 -0.339496
FixedParameters: 0 0 0

#Transform 71
Transform: AffineTransform_float_3_3
Parameters: 0.999987 -0.00494557 0.00146675 0.0049431 0.999986 0.00180623 -0.00147533 -0.00179963 0.999997 -0.0778515 0.126988 -0.32866
FixedParameters: 0 0 0

#Transform 72
Transform: AffineTransform_float_3_3
Parameters: 0.999987 -0.0048931 0.00164135 0.00489071 0.999986 0.00184936 -0.00165068 -0.00184123 0.999997 -0.0691717 0.0568664 -0.319783
FixedParameters: 0 0 0

#Transform 73
Transform: AffineTransform_float_3_3
Parameters: 0.999986 -0.00484843 0.00243934 0.00484944 0.999989 -0.000195203 -0.00243778 0.000206557 0.999997 -0.050982 0.107655 -0.402101
FixedParameters: 0 0 0

#Transform 74
Transform: AffineTransform_float_3_3
Parameters: 0.999983 -0.00542989 0.0017956 0.00543019 0.999985 -0.000442453 -0.00179381 0.000451578 0.999999 -0.0760053 0.0787877 -0.399961
FixedParameters: 0 0 0

#Transform 75
Transform: AffineTransform_float_3_3
Parameters: 0.999969 -0.00738263 0.00292288 0.00737866 0.999972 0.0013371 -0.0029324 -0.00131519 0.999995 -0.0286651 0.117017 -0.211858
FixedParameters: 0 0 0

#Transform 76
Transform: AffineTransform_float_3_3
Parameters: 0.999935 -0.0112656 -0.00169964 0.0112674 0.999936 0.000874774 0.00168931 -0.000894293 0.999999 -0.0726904 0.0407728 -0.63981
FixedParameters: 0 0 0

#Transform 77
Transform: AffineTransform_float_3_3
Parameters: 0.999928 -0.0115337 -0.00339263 0.0115427 0.999931 0.00244624 0.0033639 -0.00248566 0.999991 -0.139633 0.0677242 -0.584794
FixedParameters: 0 0 0

#Transform 78
Transform: AffineTransform_float_3_3
Parameters: 0.999964 -0.00843868 -0.000220091 0.00843931 0.999952 0.00483095 0.000178785 -0.00483243 0.999988 -0.180922 0.111902 -0.543225
FixedParameters: 0 0 0

#Transform 79
Transform: AffineTransform_float_3_3
Parameters: 0.999968 -0.00793884 9.07032e-05 0.00793845 0.999959 0.00437525 -0.000125748 -0.00437326 0.99999 -0.133894 0.103324 -0.709026
FixedParameters: 0 0 0

#Transform 80
Transform: AffineTransform_float_3_3
Parameters: 0.999976 -0.00675691 -0.00164449 0.00675852 0.999976 0.00121189 0.00163591 -0.00122252 0.999998 -0.169396 0.0988081 -0.577675
FixedParameters: 0 0 0

#Transform 81
Transform: AffineTransform_float_3_3
Parameters: 0.999982 -0.00602726 -0.000600147 0.00602824 0.99998 0.00175754 0.000589687 -0.00176137 0.999998 -0.149581 0.0502357 -0.585147
FixedParameters: 0 0 0

#Transform 82
Transform: AffineTransform_float_3_3
Parameters: 0.999977 -0.00668295 -0.000189496 0.00668352 0.999974 0.00257298 0.000172203 -0.00257468 0.999996 -0.18877 0.0635337 -0.549305
FixedParameters: 0 0 0

#Transform 83
Transform: AffineTransform_float_3_3
Parameters: 0.999979 -0.00644498 0.000560083 0.00644299 0.999974 0.00319113 -0.000580311 -0.00318779 0.999995 -0.131978 0.137753 -0.365243
FixedParameters: 0 0 0

#Transform 84
Transform: AffineTransform_float_3_3
Parameters: 0.999982 -0.00600244 -0.000355141 0.00600358 0.999978 0.0030938 0.000336397 -0.00309582 0.999995 -0.148787 0.12887 -0.314722
FixedParameters: 0 0 0

#Transform 85
Transform: AffineTransform_float_3_3
Parameters: 0.999979 -0.00644719 -3.61778e-05 0.00644715 0.999972 0.00392132 1.07212e-05 -0.00392209 0.999992 -0.179764 0.169946 -0.492219
FixedParameters: 0 0 0

#Transform 86
Transform: AffineTransform_float_3_3
Parameters: 0.999977 -0.00676517 -0.00040277 0.00676688 0.999964 0.00495572 0.000368739 -0.00495801 0.999987 -0.185121 0.163516 -0.545958
FixedParameters: 0 0 0

#Transform 87
Transform: AffineTransform_float_3_3
Parameters: 0.999979 -0.00649848 -0.000297465 0.0064994 0.999967 0.00489801 0.000265681 -0.00489957 0.999988 -0.207515 0.122024 -0.567736
FixedParameters: 0 0 0

#Transform 88
Transform: AffineTransform_float_3_3
Parameters: 0.999979 -0.00650443 4.04802e-05 0.00650442 0.999966 0.00513322 -7.33916e-05 -0.00513333 0.999987 -0.195703 0.171613 -0.5169
FixedParameters: 0 0 0

#Transform 89
Transform: AffineTransform_float_3_3
Parameters: 0.999973 -0.00732149 0.000607547 0.00731596 0.999941 0.00798833 -0.000665714 -0.00798381 0.999967 -0.221758 0.334002 -0.626308
FixedParameters: 0 0 0

#Transform 90
Transform: AffineTransform_float_3_3
Parameters: 0.99998 -0.00620153 -0.000855301 0.00620706 0.999956 0.00711596 0.000810597 -0.00712113 0.999974 -0.208401 0.283397 -0.352341
FixedParameters: 0 0 0

#Transform 91
Transform: AffineTransform_float_3_3
Parameters: 0.999981 -0.0061971 0.000284671 0.00619485 0.999958 0.0068082 -0.000327005 -0.00680693 0.999976 -0.234665 0.230964 -0.282189
FixedParameters: 0 0 0

#Transform 92
Transform: AffineTransform_float_3_3
Parameters: 0.999977 -0.0067416 0.00040559 0.00673846 0.999945 0.00796381 -0.000458928 -0.0079611 0.999968 -0.241028 0.241174 -0.440407
FixedParameters: 0 0 0

#Transform 93
Transform: AffineTransform_float_3_3
Parameters: 0.999981 -0.00621283 -1.71432e-05 0.00621299 0.999955 0.00719761 -2.73238e-05 -0.00719824 0.999974 -0.239585 0.257742 -0.492623
FixedParameters: 0 0 0

#Transform 94
Transform: AffineTransform_float_3_3
Parameters: 0.99998 -0.00625337 -0.00048273 0.00625578 0.999962 0.0061406 0.000444993 -0.00614399 0.999981 -0.211846 0.208863 -0.323326
FixedParameters: 0 0 0

#Transform 95
Transform: AffineTransform_float_3_3
Parameters: 0.999982 -0.00597965 -0.000489587 0.00598306 0.999956 0.00718612 0.000446688 -0.00718848 0.999974 -0.230339 0.222581 -0.422334
FixedParameters: 0 0 0

#Transform 96
Transform: AffineTransform_float_3_3
Parameters: 0.999979 -0.00640193 0.000549485 0.00639841 0.999953 0.00738784 -0.000597176 -0.00738429 0.999973 -0.242751 0.220898 -0.355478
FixedParameters: 0 0 0

#Transform 97
Transform: AffineTransform_float_3_3
Parameters: 0.999979 -0.00639481 0.000817603 0.00638759 0.999944 0.00838364 -0.000870853 -0.00837835 0.999964 -0.255644 0.243452 -0.434488
FixedParameters: 0 0 0

#Transform 98
Transform: AffineTransform_float_3_3
Parameters: 0.999977 -0.00683043 0.000770576 0.00682385 0.999941 0.00836809 -0.000827691 -0.00836285 0.999965 -0.26663 0.215642 -0.509798
FixedParameters: 0 0 0

#Transform 99
Transform: AffineTransform_float_3_3
Parameters: 0.999979 -0.00644782 0.000539963 0.00644316 0.999944 0.00840201 -0.000594058 -0.00839874 0.999964 -0.255594 0.263939 -0.474041
FixedParameters: 0 0 0

#Transform 100
Transform: AffineTransform_float_3_3
Parameters: 0.999987 -0.00491611 0.0011918 0.00490662 0.999958 0.00778368 -0.00123008 -0.00777803 0.999969 -0.216134 0.305817 -0.632928
FixedParameters: 0 0 0

#Transform 101
Transform: AffineTransform_float_3_3
Parameters: 0.999989 -0.00466915 0.000438654 0.00466606 0.999962 0.00738621 -0.000473028 -0.00738364 0.999973 -0.221419 0.265733 -0.404342
FixedParameters: 0 0 0

#Transform 102
Transform: AffineTransform_float_3_3
Parameters: 0.999988 -0.0050293 -0.000187583 0.00502973 0.999964 0.00682273 0.000153767 -0.00682404 0.999977 -0.215959 0.260273 -0.328211
FixedParameters: 0 0 0

#Transform 103
Transform: AffineTransform_float_3_3
Parameters: 0.999988 -0.00498825 -0.000146134 0.00498883 0.999977 0.00470227 0.000122737 -0.00470335 0.999989 -0.234995 0.239496 -0.668533
FixedParameters: 0 0 0

#Transform 104
Transform: AffineTransform_float_3_3
Parameters: 0.999974 -0.00676841 0.002438 0.00674223 0.999922 0.0105702 -0.00250895 -0.010554 0.999941 -0.179296 0.832277 -1.68447
FixedParameters: 0 0 0

#Transform 105
Transform: AffineTransform_float_3_3
Parameters: 0.999971 -0.00751965 0.00155299 0.00749307 0.999836 0.0164841 -0.00167622 -0.0164718 0.999863 -0.119558 0.490764 -0.639542
FixedParameters: 0 0 0

#Transform 106
Transform: AffineTransform_float_3_3
Parameters: 0.999974 -0.00702942 0.00200228 0.00699657 0.99985 0.0158903 -0.00211344 -0.0158759 0.999871 -0.119679 0.586947 -0.746748
FixedParameters: 0 0 0

#Transform 107
Transform: AffineTransform_float_3_3
Parameters: 0.999976 -0.00682524 0.00156558 0.00679862 0.999847 0.0161282 -0.00167519 -0.0161173 0.999869 -0.13115 0.603616 -0.797681
FixedParameters: 0 0 0

#Transform 108
Transform: AffineTransform_float_3_3
Parameters: 0.999975 -0.00667858 0.00224878 0.006642 0.999848 0.016112 -0.0023563 -0.0160963 0.999868 -0.120042 0.597653 -0.810575
FixedParameters: 0 0 0

#Transform 109
Transform: AffineTransform_float_3_3
Parameters: 0.999976 -0.00686415 0.00145594 0.00684202 0.999867 0.014818 -0.00155777 -0.0148067 0.999889 -0.110238 0.608944 -0.724845
FixedParameters: 0 0 0

#Transform 110
Transform: AffineTransform_float_3_3
Parameters: 0.999971 -0.00744973 0.00195058 0.00741855 0.999856 0.0152923 -0.00206459 -0.0152778 0.999881 -0.124966 0.630162 -0.704523
FixedParameters: 0 0 0

#Transform 111
Transform: AffineTransform_float_3_3
Parameters: 0.999972 -0.00707075 0.00250958 0.00703011 0.999849 0.0158764 -0.00262125 -0.0158583 0.999872 -0.114636 0.68142 -0.803074
FixedParameters: 0 0 0

#Transform 112
Transform: AffineTransform_float_3_3
Parameters: 0.999974 -0.0068357 0.00236245 0.00680088 0.999872 0.0144608 -0.00246056 -0.0144443 0.999893 -0.0943088 0.633147 -0.730966
FixedParameters: 0 0 0

#Transform 113
Transform: AffineTransform_float_3_3
Parameters: 0.99997 -0.00721305 0.00289445 0.00716886 0.999865 0.0147731 -0.00300077 -0.0147515 0.999886 -0.120682 0.651654 -0.734135
FixedParameters: 0 0 0

#Transform 114
Transform: AffineTransform_float_3_3
Parameters: 0.999971 -0.00711738 0.00245336 0.00707792 0.999856 0.0154336 -0.0025632 -0.015415 0.999878 -0.12921 0.641321 -0.811457
FixedParameters: 0 0 0

#Transform 115
Transform: AffineTransform_float_3_3
Parameters: 0.99997 -0.00718087 0.00296157 0.00713464 0.999856 0.0153737 -0.00307149 -0.0153521 0.999877 -0.128175 0.617099 -0.765646
FixedParameters: 0 0 0

#Transform 116
Transform: AffineTransform_float_3_3
Parameters: 0.999969 -0.00736417 0.00270028 0.00731622 0.99982 0.0174961 -0.00282868 -0.0174752 0.999843 -0.144821 0.65724 -0.906234
FixedParameters: 0 0 0

#Transform 117
Transform: AffineTransform_float_3_3
Parameters: 0.999973 -0.00692424 0.00269881 0.00687858 0.999837 0.0167398 -0.00281393 -0.0167207 0.999857 -0.126893 0.647041 -0.897689
FixedParameters: 0 0 0

#Transform 118
Transform: AffineTransform_float_3_3
Parameters: 0.999972 -0.00709089 0.00226005 0.0070519 0.999831 0.0170085 -0.00238073 -0.0169922 0.999853 -0.125232 0.644089 -0.93673
FixedParameters: 0 0 0

#Transform 119
Transform: AffineTransform_float_3_3
Parameters: 0.999972 -0.00693658 0.00271102 0.00689051 0.999836 0.0167245 -0.00282646 -0.0167053 0.999856 -0.12261 0.618137 -0.84614
FixedParameters: 0 0 0
