#Insight Transform File V1.0
#Transform 0
Transform: AffineTransform_float_3_3
Parameters: 1 -3.67435e-05 0.000352341 3.77201e-05 0.999999 -0.00136119 -0.000352198 0.00136122 0.999999 -0.00407958 -0.0227168 -0.00784577
FixedParameters: 0 0 0

#Transform 1
Transform: AffineTransform_float_3_3
Parameters: 1 1.80922e-05 -7.66333e-06 -1.81055e-05 0.999999 -0.000872778 7.63176e-06 0.000872778 0.999999 -0.0140802 -0.0404841 -0.0107572
FixedParameters: 0 0 0

#Transform 2
Transform: AffineTransform_float_3_3
Parameters: 1 0.000132512 0.00028271 -0.000132214 1 -0.000526904 -0.00028285 0.000526829 1 -0.00355762 -0.0242915 -0.0342512
FixedParameters: 0 0 0

#Transform 3
Transform: AffineTransform_float_3_3
Parameters: 1 1.72013e-05 -7.28513e-06 -1.72134e-05 0.999999 -0.000829789 7.2566e-06 0.000829789 0.999999 0.0161202 0.00294666 -0.0108395
FixedParameters: 0 0 0

#Transform 4
Transform: AffineTransform_float_3_3
Parameters: 1 6.47803e-06 0.000273006 -6.48445e-06 1 1.1744e-05 -0.000273005 -1.17476e-05 1 0.00146455 -0.0139047 -0.0317406
FixedParameters: 0 0 0

#Transform 5
Transform: AffineTransform_float_3_3
Parameters: 1 -0.000155555 6.57951e-05 0.000155603 1 -0.000361883 -6.56825e-05 0.000361903 1 0.00221411 -0.0192795 -0.0203105
FixedParameters: 0 0 0

#Transform 6
Transform: AffineTransform_float_3_3
Parameters: 1 7.50199e-05 0.000128968 -7.46618e-05 0.999999 -0.00131992 -0.000129124 0.0013199 0.999999 0.000489755 0.0250621 -0.00610776
FixedParameters: 0 0 0

#Transform 7
Transform: AffineTransform_float_3_3
Parameters: 1 -0.000387054 0.000163847 0.000387269 0.999999 -0.000657563 -0.000163338 0.000657689 1 -0.00545472 0.0166292 -0.00681097
FixedParameters: 0 0 0

#Transform 8
Transform: AffineTransform_float_3_3
Parameters: 1 -0.000198741 0.000635559 0.000198998 1 -0.000202615 -0.000635479 0.000202868 1 -0.00647967 -0.0193113 -0.013525
FixedParameters: 0 0 0

#Transform 9
Transform: AffineTransform_float_3_3
Parameters: 1 3.32634e-05 0.000594059 -3.2312e-05 0.999999 -0.000800746 -0.000594111 0.000800707 0.999999 -0.00127244 0.0119252 -0.0307322
FixedParameters: 0 0 0

#Transform 10
Transform: AffineTransform_float_3_3
Parameters: 1 -0.000379192 0.000160711 0.000379541 1 -0.00103347 -0.000159886 0.00103359 1 0.00307668 0.0182816 0.0125863
FixedParameters: 0 0 0

#Transform 11
Transform: AffineTransform_float_3_3
Parameters: 1 -0.00039165 0.000165691 0.000391795 1 -0.000437617 -0.000165348 0.000437747 1 -0.00354362 -0.00358957 0.0177154
FixedParameters: 0 0 0

#Transform 12
Transform: AffineTransform_float_3_3
Parameters: 1 -0.000234211 9.89862e-05 0.000234227 1 -7.97198e-05 -9.89488e-05 7.97661e-05 1 -0.00547277 -0.0290169 -0.0312084
FixedParameters: 0 0 0

#Transform 13
Transform: AffineTransform_float_3_3
Parameters: 1 -0.000199099 0.000606613 0.000199922 0.999999 -0.000678499 -0.000606343 0.000678741 0.999999 0.00245429 -0.000389608 -0.0385964
FixedParameters: 0 0 0

#Transform 14
Transform: AffineTransform_float_3_3
Parameters: 1 -0.00019637 -0.000188285 0.000196007 0.999999 -0.00100735 0.000188722 0.00100799 1 0.00771932 0.0182425 -0.0196709
FixedParameters: 0 0 0

#Transform 15
Transform: AffineTransform_float_3_3
Parameters: 1 -0.000394596 0.000166872 0.000394695 1 -0.000296652 -0.000166638 0.000296783 1 0.0133731 -0.00451482 -0.0231847
FixedParameters: 0 0 0

#Transform 16
Transform: AffineTransform_float_3_3
Parameters: 1 -0.000184024 -0.000193571 0.000184669 0.999999 -0.00071235 0.000193444 0.000712263 0.999999 0.0176573 -0.00119922 -0.00374568
FixedParameters: 0 0 0

#Transform 17
Transform: AffineTransform_float_3_3
Parameters: 1 -2.2894e-05 9.68827e-06 2.29045e-05 1 -0.000539696 -9.66353e-06 0.000539696 1 0.0093798 0.0246061 0.0286328
FixedParameters: 0 0 0

#Transform 18
Transform: AffineTransform_float_3_3
Parameters: 1 2.82747e-06 7.04699e-05 -2.7514e-06 1 -0.000539696 -7.04729e-05 0.000539696 1 0.00183626 0.0151448 0.0158679
FixedParameters: 0 0 0

#Transform 19
Transform: AffineTransform_float_3_3
Parameters: 1 -2.2894e-05 9.68827e-06 2.29045e-05 1 -0.000539696 -9.66353e-06 0.000539696 1 0.0018563 0.0152061 -0.00590722
FixedParameters: 0 0 0

#Transform 20
Transform: AffineTransform_float_3_3
Parameters: 1 -3.48828e-05 1.47379e-05 3.48817e-05 1 3.81579e-05 -1.47406e-05 -3.81569e-05 1 0.00548475 -0.00572086 -0.0211319
FixedParameters: 0 0 0

#Transform 21
Transform: AffineTransform_float_3_3
Parameters: 1 0.000117124 -4.95707e-05 -0.000117182 1 -0.00058428 4.94338e-05 0.000584291 1 0.00512941 0.0252641 0.0113102
FixedParameters: 0 0 0

#Transform 22
Transform: AffineTransform_float_3_3
Parameters: 1 9.7761e-06 -0.000182209 -9.93764e-06 1 -0.00044331 0.0001822 0.000443314 1 0.0185245 0.00586366 0.0174476
FixedParameters: 0 0 0

#Transform 23
Transform: AffineTransform_float_3_3
Parameters: 1 -1.82494e-05 7.72759e-06 1.82612e-05 0.999999 -0.000763639 -7.69969e-06 0.000763639 0.999999 0.0162972 0.0173899 0.0019608
FixedParameters: 0 0 0

#Transform 24
Transform: AffineTransform_float_3_3
Parameters: 1 0.00012743 -5.39135e-05 -0.000127479 1 -0.000458995 5.37965e-05 0.000459009 1 0.0172798 0.0141355 0.00667233
FixedParameters: 0 0 0

#Transform 25
Transform: AffineTransform_float_3_3
Parameters: 1 -8.16815e-05 -0.000128313 8.15471e-05 1 -0.000523711 0.000128398 0.00052369 1 0.00390611 0.0110564 0.0103081
FixedParameters: 0 0 0

#Transform 26
Transform: AffineTransform_float_3_3
Parameters: 1 -7.14689e-05 -0.000103317 7.13637e-05 1 -0.000508711 0.00010339 0.000508697 1 0.0171527 0.0109427 -0.00440947
FixedParameters: 0 0 0

#Transform 27
Transform: AffineTransform_float_3_3
Parameters: 1 -3.06715e-05 1.2966e-05 3.06758e-05 1 -0.000164791 -1.29559e-05 0.000164792 1 0.0164345 0.0123558 0.0110795
FixedParameters: 0 0 0

#Transform 28
Transform: AffineTransform_float_3_3
Parameters: 1 -4.33905e-05 1.83114e-05 4.3374e-05 1 0.000448054 -1.83503e-05 -0.000448053 1 0.0159854 -0.00728861 -0.00230182
FixedParameters: 0 0 0

#Transform 29
Transform: AffineTransform_float_3_3
Parameters: 1 5.90575e-05 0.000246438 -5.91551e-05 1 0.000198102 -0.000246415 -0.000198131 1 0.0138635 -0.017575 0.000186099
FixedParameters: 0 0 0

#Transform 30
Transform: AffineTransform_float_3_3
Parameters: 1 -4.65222e-05 -4.65497e-05 4.64712e-05 1 -0.000546696 4.66006e-05 0.000546692 1 0.0169233 -0.00388473 0.0166176
FixedParameters: 0 0 0

#Transform 31
Transform: AffineTransform_float_3_3
Parameters: 1 -3.38662e-05 1.43104e-05 3.38665e-05 1 -1.08297e-05 -1.43096e-05 1.08307e-05 1 0.0172248 0.0193442 0.0462207
FixedParameters: 0 0 0

#Transform 32
Transform: AffineTransform_float_3_3
Parameters: 1 -0.000365814 0.000380358 0.000365763 1 3.8385e-05 -0.000380377 -3.88036e-05 1 -0.00475186 0.00429317 0.0512476
FixedParameters: 0 0 0

#Transform 33
Transform: AffineTransform_float_3_3
Parameters: 1 -0.000268583 0.000113537 0.000268618 1 -0.000154571 -0.000113454 0.000154632 1 0.0154706 0.00730913 0.0341867
FixedParameters: 0 0 0

#Transform 34
Transform: AffineTransform_float_3_3
Parameters: 1 -9.06943e-05 0.000197964 9.08245e-05 1 -0.000328681 -0.000197904 0.000328717 1 0.00410503 0.0230381 0.0672131
FixedParameters: 0 0 0

#Transform 35
Transform: AffineTransform_float_3_3
Parameters: 1 -3.08338e-05 1.30295e-05 3.08344e-05 1 -2.3759e-05 -1.3028e-05 2.37598e-05 1 0.0173674 0.0298565 0.0475496
FixedParameters: 0 0 0

#Transform 36
Transform: AffineTransform_float_3_3
Parameters: 1 -0.000109803 4.63842e-05 0.000109794 1 9.63467e-05 -4.64053e-05 -9.63366e-05 1 0.02264 0.0189383 0.0512964
FixedParameters: 0 0 0

#Transform 37
Transform: AffineTransform_float_3_3
Parameters: 1 -0.000137137 5.79044e-05 0.000137107 1 0.000258723 -5.79753e-05 -0.000258707 1 0.0143439 0.011437 0.0645472
FixedParameters: 0 0 0

#Transform 38
Transform: AffineTransform_float_3_3
Parameters: 1 -0.000450782 0.000190352 0.000450694 1 0.000231131 -0.00019056 -0.00023096 1 0.0155192 0.0252897 0.0777377
FixedParameters: 0 0 0

#Transform 39
Transform: AffineTransform_float_3_3
Parameters: 1 -0.000231855 9.79005e-05 0.000231806 1 0.000249421 -9.80161e-05 -0.000249376 1 0.0139527 0.0217961 0.0708647
FixedParameters: 0 0 0

#Transform 40
Transform: AffineTransform_float_3_3
Parameters: 1 -0.00028591 0.00012067 0.00028581 1 0.000411154 -0.000120906 -0.000411085 1 0.0155465 0.0170219 0.032744
FixedParameters: 0 0 0

#Transform 41
Transform: AffineTransform_float_3_3
Parameters: 1 -0.000454778 0.000191937 0.000454616 1 0.000422084 -0.000192321 -0.00042191 1 0.00983218 0.0221135 0.0771072
FixedParameters: 0 0 0

#Transform 42
Transform: AffineTransform_float_3_3
Parameters: 1 -0.000409053 0.000295336 0.000408853 1 0.000337139 -0.000295611 -0.000336898 1 0.0144399 0.020211 0.0740437
FixedParameters: 0 0 0

#Transform 43
Transform: AffineTransform_float_3_3
Parameters: 1 -0.000386206 0.000343276 0.000386047 1 0.000231178 -0.000343455 -0.000230913 1 0.013408 0.0166664 0.0470869
FixedParameters: 0 0 0

#Transform 44
Transform: AffineTransform_float_3_3
Parameters: 1 -0.000455636 0.000192277 0.000455458 1 0.000463074 -0.000192699 -0.000462899 1 0.0107218 0.0136159 0.0556456
FixedParameters: 0 0 0

#Transform 45
Transform: AffineTransform_float_3_3
Parameters: 1 -0.000454632 0.000191879 0.000454472 1 0.000415086 -0.000192256 -0.000414911 1 0.0152004 0.00862632 0.0420231
FixedParameters: 0 0 0

#Transform 46
Transform: AffineTransform_float_3_3
Parameters: 1 -0.000451012 0.000190443 0.00045092 1 0.000242129 -0.000190661 -0.000241957 1 0.0266804 0.00874754 0.0405413
FixedParameters: 0 0 0

#Transform 47
Transform: AffineTransform_float_3_3
Parameters: 1 -0.000339596 0.000143431 0.000339551 1 0.000157792 -0.000143538 -0.000157694 1 0.0238013 0.0161855 0.0499627
FixedParameters: 0 0 0

#Transform 48
Transform: AffineTransform_float_3_3
Parameters: 1 -0.000338928 0.000415926 0.000339294 1 -0.000440643 -0.000415627 0.000440925 1 0.0191413 0.00819864 0.0611445
FixedParameters: 0 0 0

#Transform 49
Transform: AffineTransform_float_3_3
Parameters: 1 -0.00038851 0.000137998 0.000388442 1 0.000243852 -0.000138188 -0.000243745 1 0.0104665 0.0295982 0.0969261
FixedParameters: 0 0 0

#Transform 50
Transform: AffineTransform_float_3_3
Parameters: 1 -6.71348e-05 -0.000537265 6.69278e-05 1 -0.000192768 0.00053729 0.000192696 1 0.00794806 0.0515395 0.0657409
FixedParameters: 0 0 0

#Transform 51
Transform: AffineTransform_float_3_3
Parameters: 1 0.000198978 -0.00111683 -0.000199179 1 -0.000501646 0.00111624 0.000502792 0.999999 0.0137023 0.0545126 0.0626044
FixedParameters: 0 0 0

#Transform 52
Transform: AffineTransform_float_3_3
Parameters: 0.999999 8.7945e-05 -0.00137601 -8.82657e-05 1 -0.00044361 0.00137555 0.000443857 0.999999 0.0108082 0.0642905 0.0870438
FixedParameters: 0 0 0

#Transform 53
Transform: AffineTransform_float_3_3
Parameters: 0.999999 -0.000229468 -0.00104853 0.000228848 1 -0.000918899 0.00104953 0.00091769 0.999999 0.00687909 0.0726395 0.128046
FixedParameters: 0 0 0

#Transform 54
Transform: AffineTransform_float_3_3
Parameters: 1 -0.000418907 -0.00033426 0.000419698 1 -0.000194963 0.000334035 0.000194667 1 0.000298476 0.0119801 0.196939
FixedParameters: 0 0 0

#Transform 55
Transform: AffineTransform_float_3_3
Parameters: 1 -0.000351496 -7.23434e-05 0.000351742 0.999998 0.00159372 7.1264e-05 -0.00159377 0.999998 -0.007394 0.0180917 0.204573
FixedParameters: 0 0 0

#Transform 56
Transform: AffineTransform_float_3_3
Parameters: 1 -0.000175441 -0.000491461 0.000175724 1 0.000287651 0.00049136 -0.000287824 1 -0.0144971 0.0356824 0.184234
FixedParameters: 0 0 0

#Transform 57
Transform: AffineTransform_float_3_3
Parameters: 1 -0.000203786 0.000184903 0.000203793 1 -1.68112e-05 -0.000184896 1.68866e-05 1 -0.0217103 0.0366975 0.159288
FixedParameters: 0 0 0

#Transform 58
Transform: AffineTransform_float_3_3
Parameters: 1 -0.000222296 -0.000264365 0.000222507 1 0.000398746 0.000264187 -0.000398864 1 0.000273004 0.0127531 0.165189
FixedParameters: 0 0 0

#Transform 59
Transform: AffineTransform_float_3_3
Parameters: 1 -0.000430276 -0.000347977 0.000430303 1 3.79874e-05 0.000347944 -3.82869e-05 1 -0.00678321 0.0299131 0.214349
FixedParameters: 0 0 0

#Transform 60
Transform: AffineTransform_float_3_3
Parameters: 1 -0.000305338 -4.90481e-05 0.000305347 1 9.4108e-05 4.89906e-05 -9.41379e-05 1 -0.0140692 0.0303881 0.190021
FixedParameters: 0 0 0

#Transform 61
Transform: AffineTransform_float_3_3
Parameters: 1 -0.000383061 -0.00024629 0.000382993 1 -0.000138912 0.000246396 0.000138724 1 -0.00265631 0.0184504 0.159172
FixedParameters: 0 0 0

#Transform 62
Transform: AffineTransform_float_3_3
Parameters: 1 -0.000355757 -0.000192639 0.000356571 1 -0.000330009 0.000192476 0.000330553 1 0.00344146 0.0187092 0.155381
FixedParameters: 0 0 0

#Transform 63
Transform: AffineTransform_float_3_3
Parameters: 1 -0.00032552 -0.00042803 0.000325372 1 -0.00017218 0.000428142 0.000171901 1 0.000226855 0.0216831 0.139927
FixedParameters: 0 0 0

#Transform 64
Transform: AffineTransform_float_3_3
Parameters: 1 -0.000441471 -0.000379049 0.000441459 1 -4.21614e-05 0.000379078 4.25235e-05 0.999999 0.00472219 0.00907989 0.13898
FixedParameters: 0 0 0

#Transform 65
Transform: AffineTransform_float_3_3
Parameters: 1 -0.000440168 -0.000379581 0.000440087 1 -0.000106993 0.000379675 0.000106659 1 0.00465325 0.0156835 0.132895
FixedParameters: 0 0 0

#Transform 66
Transform: AffineTransform_float_3_3
Parameters: 1 -0.00035463 -0.000328883 0.000354558 1 -0.000108614 0.00032896 0.000108381 1 0.00480532 0.0264499 0.150412
FixedParameters: 0 0 0

#Transform 67
Transform: AffineTransform_float_3_3
Parameters: 1 -0.000381096 -0.000228729 0.000381158 1 8.88856e-05 0.000228652 -8.83631e-05 1 0.00359168 0.0280358 0.144317
FixedParameters: 0 0 0

#Transform 68
Transform: AffineTransform_float_3_3
Parameters: 1 -0.000443221 -0.000378333 0.000443254 1 4.29682e-05 0.000378295 -4.33036e-05 1 0.00529211 0.0516727 0.149568
FixedParameters: 0 0 0

#Transform 69
Transform: AffineTransform_float_3_3
Parameters: 1 -0.000314295 -7.45532e-05 0.000314298 1 1.91185e-05 7.45412e-05 -1.91654e-05 1 0.00231567 0.0195409 0.153613
FixedParameters: 0 0 0

#Transform 70
Transform: AffineTransform_float_3_3
Parameters: 1 -0.000247161 -0.000330867 0.000247008 1 -0.000232364 0.000330982 0.000232201 1 -0.00561614 0.0243736 0.136648
FixedParameters: 0 0 0

#Transform 71
Transform: AffineTransform_float_3_3
Parameters: 1 -0.000230841 -0.000397485 0.000230694 1 -0.00018544 0.00039757 0.000185257 1 -0.0151018 0.0269861 0.164613
FixedParameters: 0 0 0

#Transform 72
Transform: AffineTransform_float_3_3
Parameters: 1 -0.000322517 -0.000243667 0.000322477 1 -8.16504e-05 0.00024372 8.14932e-05 1 0.0043081 0.0337832 0.165376
FixedParameters: 0 0 0

#Transform 73
Transform: AffineTransform_float_3_3
Parameters: 1 -0.000503988 -8.77978e-05 0.000504004 1 8.82981e-05 8.77087e-05 -8.83866e-05 1 0.00313873 0.0418217 0.189872
FixedParameters: 0 0 0

#Transform 74
Transform: AffineTransform_float_3_3
Parameters: 1 -0.00019375 -9.18551e-05 0.000193801 1 0.00016566 9.17823e-05 -0.000164998 1 0.00365075 0.0408346 0.188661
FixedParameters: 0 0 0

#Transform 75
Transform: AffineTransform_float_3_3
Parameters: 1 -0.000269527 2.05715e-05 0.000269534 1 -0.000168805 -2.04805e-05 0.000168816 1 -0.0189896 0.0349364 0.182017
FixedParameters: 0 0 0

#Transform 76
Transform: AffineTransform_float_3_3
Parameters: 1 -0.000159144 0.000142143 0.000159133 1 3.84879e-05 -0.000142156 -3.84427e-05 1 -0.0353845 0.0319111 0.195364
FixedParameters: 0 0 0

#Transform 77
Transform: AffineTransform_float_3_3
Parameters: 1 -0.000209779 0.000163587 0.000209825 1 -0.000139783 -0.000163528 0.000139852 1 -0.0168824 0.0467069 0.195586
FixedParameters: 0 0 0

#Transform 78
Transform: AffineTransform_float_3_3
Parameters: 1 -0.000208672 0.000163133 0.000208735 1 -0.00019277 -0.000163053 0.000192838 1 -0.0228307 0.0435901 0.21931
FixedParameters: 0 0 0

#Transform 79
Transform: AffineTransform_float_3_3
Parameters: 1 -0.000261438 3.67088e-05 0.000261455 1 -0.000220788 -3.65933e-05 0.000220807 1 -0.0293243 0.051224 0.234271
FixedParameters: 0 0 0

#Transform 80
Transform: AffineTransform_float_3_3
Parameters: 1 -0.000178042 0.00023163 0.000178162 1 -0.000260746 -0.000231537 0.000260828 1 -0.0245752 0.0459751 0.246224
FixedParameters: 0 0 0

#Transform 81
Transform: AffineTransform_float_3_3
Parameters: 1 -0.000620155 0.000247125 0.000620347 0.999999 -0.000387967 -0.000246643 0.000388273 1 -0.0366716 0.049192 0.245144
FixedParameters: 0 0 0

#Transform 82
Transform: AffineTransform_float_3_3
Parameters: 0.999999 -0.0006993 4.19575e-05 0.00069897 1 -0.000704361 -4.18932e-05 0.000703719 1 -0.0432102 0.0663711 0.253925
FixedParameters: 0 0 0

#Transform 83
Transform: AffineTransform_float_3_3
Parameters: 1 -0.000585526 0.000322675 0.000585846 0.999999 -0.000496903 -0.000322093 0.000497281 1 -0.0490642 0.0465561 0.245348
FixedParameters: 0 0 0

#Transform 84
Transform: AffineTransform_float_3_3
Parameters: 1 -0.000588262 0.000323739 0.0005885 1 -0.000366935 -0.000323307 0.000367315 1 -0.0389223 0.0541819 0.257748
FixedParameters: 0 0 0

#Transform 85
Transform: AffineTransform_float_3_3
Parameters: 1 -0.00105645 6.37987e-05 0.00105614 1 -0.000599043 -6.35034e-05 0.000599174 0.999999 -0.0338881 0.0522469 0.259542
FixedParameters: 0 0 0

#Transform 86
Transform: AffineTransform_float_3_3
Parameters: 0.999999 -0.00120095 0.000491817 0.00120138 0.999999 -0.00122927 -0.000490704 0.00122977 0.999999 -0.0178498 0.0638189 0.275865
FixedParameters: 0 0 0

#Transform 87
Transform: AffineTransform_float_3_3
Parameters: 1 -0.00107861 2.53053e-05 0.00107882 0.999998 -0.00148628 -2.4329e-05 0.00148563 0.999999 -0.0342328 0.055167 0.29071
FixedParameters: 0 0 0

#Transform 88
Transform: AffineTransform_float_3_3
Parameters: 1 -0.000970481 -8.56722e-05 0.000970375 0.999999 -0.00156935 8.64797e-05 0.00156918 0.999998 -0.036261 0.0688264 0.277046
FixedParameters: 0 0 0

#Transform 89
Transform: AffineTransform_float_3_3
Parameters: 1 -0.00103657 7.5895e-06 0.00103675 0.999999 -0.00160345 -6.50325e-06 0.00160347 0.999998 -0.0359383 0.0663633 0.268815
FixedParameters: 0 0 0

#Transform 90
Transform: AffineTransform_float_3_3
Parameters: 0.999999 -0.000930155 -3.75681e-05 0.000930217 0.999999 -0.00158389 3.83179e-05 0.00158382 0.999998 -0.0312559 0.0762763 0.270068
FixedParameters: 0 0 0

#Transform 91
Transform: AffineTransform_float_3_3
Parameters: 0.999999 -0.000855677 0.000249101 0.000855696 0.999999 -0.00156545 -0.000248221 0.00156519 0.999999 -0.0335687 0.0699734 0.284849
FixedParameters: 0 0 0

#Transform 92
Transform: AffineTransform_float_3_3
Parameters: 0.999999 -0.000818616 0.00018385 0.000819949 0.999998 -0.0020381 -0.000181744 0.0020391 0.999997 -0.0305962 0.0734985 0.27098
FixedParameters: 0 0 0

#Transform 93
Transform: AffineTransform_float_3_3
Parameters: 0.999999 -0.000894859 0.000107748 0.000895507 0.999997 -0.00220131 -0.000105954 0.0022008 0.999997 -0.0375806 0.0677471 0.285177
FixedParameters: 0 0 0

#Transform 94
Transform: AffineTransform_float_3_3
Parameters: 1 -0.00111515 4.12524e-05 0.00111549 0.999998 -0.00185304 -3.93148e-05 0.00185385 0.999998 -0.0400222 0.0808063 0.29195
FixedParameters: 0 0 0

#Transform 95
Transform: AffineTransform_float_3_3
Parameters: 1 -0.00101989 0.000181144 0.00102074 0.999998 -0.00185216 -0.00017956 0.00185324 0.999998 -0.0418732 0.0877361 0.277574
FixedParameters: 0 0 0

#Transform 96
Transform: AffineTransform_float_3_3
Parameters: 0.999999 -0.000874983 0.000155531 0.000875775 0.999998 -0.001913 -0.000154336 0.00191398 0.999998 -0.0270498 0.0905072 0.267104
FixedParameters: 0 0 0

#Transform 97
Transform: AffineTransform_float_3_3
Parameters: 0.999999 -0.000724065 -0.000124837 0.00072419 0.999998 -0.00184362 0.000126272 0.00184414 0.999998 -0.0276572 0.0765236 0.243842
FixedParameters: 0 0 0

#Transform 98
Transform: AffineTransform_float_3_3
Parameters: 0.999999 -0.000914459 -4.4188e-05 0.000914495 0.999999 -0.00163052 4.49733e-05 0.00163044 0.999998 -0.0320661 0.0773119 0.241606
FixedParameters: 0 0 0

#Transform 99
Transform: AffineTransform_float_3_3
Parameters: 0.999999 -0.000856272 0.000104017 0.000855901 0.999998 -0.00179501 -0.000102701 0.00179521 0.999999 -0.0327494 0.0670672 0.267851
FixedParameters: 0 0 0

#Transform 100
Transform: AffineTransform_float_3_3
Parameters: 1 -0.000995955 0.000253317 0.000996406 0.999998 -0.00166638 -0.000250917 0.00166618 0.999998 -0.034335 0.0614471 0.277736
FixedParameters: 0 0 0

#Transform 101
Transform: AffineTransform_float_3_3
Parameters: 0.999999 -0.000765736 0.000317616 0.000766128 0.999998 -0.00178785 -0.000316634 0.00178837 0.999999 -0.0405339 0.0797985 0.298078
FixedParameters: 0 0 0

#Transform 102
Transform: AffineTransform_float_3_3
Parameters: 0.999999 -0.00091561 -4.34061e-05 0.000914717 0.999998 -0.00193025 4.51734e-05 0.0019309 0.999998 -0.0346755 0.0866818 0.286294
FixedParameters: 0 0 0

#Transform 103
Transform: AffineTransform_float_3_3
Parameters: 0.999999 -0.000921097 -4.13377e-05 0.000920197 0.999998 -0.00166652 4.26066e-05 0.00166576 0.999998 -0.0306035 0.0704266 0.278076
FixedParameters: 0 0 0

#Transform 104
Transform: AffineTransform_float_3_3
Parameters: 0.999999 -0.000673613 0.000542352 0.000674112 0.999999 -0.00165411 -0.000540612 0.00165415 0.999998 -0.0258355 0.0927382 0.184804
FixedParameters: 0 0 0

#Transform 105
Transform: AffineTransform_float_3_3
Parameters: 1 -0.000596521 0.000262993 0.000596997 0.999998 -0.00161291 -0.000261946 0.00161324 0.999998 -0.0234665 0.0995915 0.218393
FixedParameters: 0 0 0

#Transform 106
Transform: AffineTransform_float_3_3
Parameters: 1 -0.000560567 0.000291158 0.00056111 0.999998 -0.0015724 -0.000290273 0.00157274 0.999998 -0.0371078 -0.0388784 0.308
FixedParameters: 0 0 0

#Transform 107
Transform: AffineTransform_float_3_3
Parameters: 1 -0.000536273 2.79533e-06 0.000536831 0.999998 -0.00166156 -2.28012e-06 0.00166157 0.999998 -0.0495178 0.0315542 0.202329
FixedParameters: 0 0 0

#Transform 108
Transform: AffineTransform_float_3_3
Parameters: 0.999999 -0.000864216 -6.52082e-05 0.000864156 0.999998 -0.00196704 6.64532e-05 0.00196764 0.999998 -0.0418334 0.034995 0.175563
FixedParameters: 0 0 0

#Transform 109
Transform: AffineTransform_float_3_3
Parameters: 1 -0.000859326 0.000386068 0.0008599 0.999997 -0.00223826 -0.000384889 0.00223827 0.999998 -0.0358599 0.028264 0.191849
FixedParameters: 0 0 0

#Transform 110
Transform: AffineTransform_float_3_3
Parameters: 0.999999 -0.000911286 0.000253584 0.000911926 0.999997 -0.00197037 -0.000250828 0.00197084 0.999998 -0.0453216 0.0377302 0.200885
FixedParameters: 0 0 0

#Transform 111
Transform: AffineTransform_float_3_3
Parameters: 0.999999 -0.00124392 0.000664757 0.00124574 0.999997 -0.00224405 -0.000661888 0.00224432 0.999997 -0.0204358 0.036936 0.25113
FixedParameters: 0 0 0

#Transform 112
Transform: AffineTransform_float_3_3
Parameters: 0.999999 -0.00111471 0.000842817 0.00111607 0.999997 -0.00181584 -0.000840166 0.00181707 0.999998 -0.0286492 0.0342146 0.26729
FixedParameters: 0 0 0

#Transform 113
Transform: AffineTransform_float_3_3
Parameters: 0.999999 -0.00121254 0.000784901 0.00121403 0.999998 -0.00144678 -0.000783229 0.001448 0.999998 -0.0339415 0.0201596 0.26169
FixedParameters: 0 0 0

#Transform 114
Transform: AffineTransform_float_3_3
Parameters: 0.999999 -0.00116944 0.000632317 0.00117043 0.999997 -0.00172367 -0.000631036 0.00172378 0.999998 -0.0343909 0.0443289 0.265403
FixedParameters: 0 0 0

#Transform 115
Transform: AffineTransform_float_3_3
Parameters: 0.999999 -0.00123795 0.000722958 0.00123932 0.999998 -0.00148183 -0.000721126 0.00148293 0.999998 -0.0380992 0.0301568 0.268931
FixedParameters: 0 0 0

#Transform 116
Transform: AffineTransform_float_3_3
Parameters: 1 -0.00102561 0.000571261 0.00102681 0.999998 -0.00173247 -0.000569545 0.00173295 0.999998 -0.0455171 0.0397305 0.259223
FixedParameters: 0 0 0

#Transform 117
Transform: AffineTransform_float_3_3
Parameters: 0.999999 -0.00119727 0.000790119 0.00119831 0.999998 -0.00197463 -0.000787717 0.00197586 0.999998 -0.0363573 0.0410759 0.246487
FixedParameters: 0 0 0

#Transform 118
Transform: AffineTransform_float_3_3
Parameters: 0.999999 -0.00124277 0.000664377 0.0012443 0.999997 -0.00229668 -0.000662261 0.00229767 0.999998 -0.0333312 0.0348781 0.253432
FixedParameters: 0 0 0

#Transform 119
Transform: AffineTransform_float_3_3
Parameters: 0.999998 -0.00124137 0.00108717 0.0012438 0.999998 -0.00207413 -0.00108435 0.00207546 0.999997 -0.0406219 0.0387253 0.226086
FixedParameters: 0 0 0
