# transform file /out/sourcedata/freesurfer/sub-v1s18x0051237_ses-1/mri/transforms/cc_up.lta
# created by oesteban on Mon Mar  9 06:47:45 2026

type      = 0 # LINEAR_VOX_TO_VOX
nxforms   = 1
mean      = 127.0000 136.0000 127.0000
sigma     = 10000.0000
1 4 4
9.932463169097900e-01 -1.119607910513878e-01 3.043985925614834e-02 1.060571098327637e+01 
1.119082421064377e-01 9.937126636505127e-01 3.429633798077703e-03 -3.973323583602905e+00 
-3.063245676457882e-02 0.000000000000000e+00 9.995306730270386e-01 1.797444915771484e+01 
0.000000000000000e+00 0.000000000000000e+00 0.000000000000000e+00 1.000000000000000e+00 
src volume info
valid = 1  # volume info valid
filename = /out/sourcedata/freesurfer/sub-v1s18x0051237_ses-1/mri/norm.mgz
volume = 256 256 256
voxelsize = 1.000000000000000e+00 1.000000000000000e+00 1.000000000000000e+00
xras   = -1.000000000000000e+00 0.000000000000000e+00 0.000000000000000e+00
yras   = 0.000000000000000e+00 0.000000000000000e+00 -1.000000119209290e+00
zras   = 0.000000000000000e+00 1.000000000000000e+00 0.000000000000000e+00
cras   = -5.030517578125000e-01 6.442634582519531e+00 -7.547683715820312e+00
dst volume info
valid = 1  # volume info valid
filename = /out/sourcedata/freesurfer/sub-v1s18x0051237_ses-1/mri/norm.mgz
volume = 256 256 256
voxelsize = 1.000000000000000e+00 1.000000000000000e+00 1.000000000000000e+00
xras   = -1.000000000000000e+00 0.000000000000000e+00 0.000000000000000e+00
yras   = 0.000000000000000e+00 0.000000000000000e+00 -1.000000119209290e+00
zras   = 0.000000000000000e+00 1.000000000000000e+00 0.000000000000000e+00
cras   = -5.030517578125000e-01 6.442634582519531e+00 -7.547683715820312e+00
