# transform file /out/sourcedata/freesurfer/sub-v1s18x0051282_ses-1/mri/transforms/cc_up.lta
# created by oesteban on Thu Mar 12 13:45:54 2026

type      = 0 # LINEAR_VOX_TO_VOX
nxforms   = 1
mean      = 127.0000 105.0000 134.0000
sigma     = 10000.0000
1 4 4
9.996054768562317e-01 2.236507646739483e-02 1.698735356330872e-02 -4.867114543914795e+00 
-2.236184664070606e-02 9.997498393058777e-01 -3.800184640567750e-04 4.995206069946289e+01 
-1.699160411953926e-02 -2.910382698728675e-11 9.998556375503540e-01 6.209813117980957e+00 
0.000000000000000e+00 0.000000000000000e+00 0.000000000000000e+00 1.000000000000000e+00 
src volume info
valid = 1  # volume info valid
filename = /out/sourcedata/freesurfer/sub-v1s18x0051282_ses-1/mri/norm.mgz
volume = 256 256 256
voxelsize = 1.000000000000000e+00 1.000000000000000e+00 1.000000000000000e+00
xras   = -1.000000000000000e+00 0.000000000000000e+00 0.000000000000000e+00
yras   = 0.000000000000000e+00 0.000000000000000e+00 -1.000000000000000e+00
zras   = 0.000000000000000e+00 1.000000000000000e+00 0.000000000000000e+00
cras   = 1.391703796386719e+01 5.837303161621094e+00 -1.594915771484375e+01
dst volume info
valid = 1  # volume info valid
filename = /out/sourcedata/freesurfer/sub-v1s18x0051282_ses-1/mri/norm.mgz
volume = 256 256 256
voxelsize = 1.000000000000000e+00 1.000000000000000e+00 1.000000000000000e+00
xras   = -1.000000000000000e+00 0.000000000000000e+00 0.000000000000000e+00
yras   = 0.000000000000000e+00 0.000000000000000e+00 -1.000000000000000e+00
zras   = 0.000000000000000e+00 1.000000000000000e+00 0.000000000000000e+00
cras   = 1.391703796386719e+01 5.837303161621094e+00 -1.594915771484375e+01
