# transform file /out/sourcedata/freesurfer/sub-v1s18x0051226_ses-1/mri/transforms/cc_up.lta
# created by oesteban on Mon Mar  9 05:34:11 2026

type      = 0 # LINEAR_VOX_TO_VOX
nxforms   = 1
mean      = 125.0000 105.0000 126.0000
sigma     = 10000.0000
1 4 4
9.989440441131592e-01 -3.760921582579613e-02 2.638570964336395e-02 2.415589094161987e+00 
3.759609907865524e-02 9.992924928665161e-01 9.930484229698777e-04 3.220910644531250e+01 
-2.640439011156559e-02 0.000000000000000e+00 9.996513128280640e-01 1.236844444274902e+01 
0.000000000000000e+00 0.000000000000000e+00 0.000000000000000e+00 1.000000000000000e+00 
src volume info
valid = 1  # volume info valid
filename = /out/sourcedata/freesurfer/sub-v1s18x0051226_ses-1/mri/norm.mgz
volume = 256 256 256
voxelsize = 1.000000000000000e+00 1.000000000000000e+00 1.000000000000000e+00
xras   = -1.000000000000000e+00 0.000000000000000e+00 0.000000000000000e+00
yras   = 0.000000000000000e+00 0.000000000000000e+00 -1.000000000000000e+00
zras   = 0.000000000000000e+00 1.000000000000000e+00 0.000000000000000e+00
cras   = 1.205169677734375e+00 -4.453247070312500e+00 -1.837045288085938e+01
dst volume info
valid = 1  # volume info valid
filename = /out/sourcedata/freesurfer/sub-v1s18x0051226_ses-1/mri/norm.mgz
volume = 256 256 256
voxelsize = 1.000000000000000e+00 1.000000000000000e+00 1.000000000000000e+00
xras   = -1.000000000000000e+00 0.000000000000000e+00 0.000000000000000e+00
yras   = 0.000000000000000e+00 0.000000000000000e+00 -1.000000000000000e+00
zras   = 0.000000000000000e+00 1.000000000000000e+00 0.000000000000000e+00
cras   = 1.205169677734375e+00 -4.453247070312500e+00 -1.837045288085938e+01
