# transform file /out/sourcedata/freesurfer/sub-v1s18x0051208_ses-1/mri/transforms/cc_up.lta
# created by oesteban on Mon Mar  9 05:17:00 2026

type      = 0 # LINEAR_VOX_TO_VOX
nxforms   = 1
mean      = 128.0000 133.0000 135.0000
sigma     = 10000.0000
1 4 4
9.480023384094238e-01 -1.581783145666122e-01 2.761724591255188e-01 -9.778285026550293e+00 
1.518653035163879e-01 9.874106049537659e-01 4.424146935343742e-02 -8.672348022460938e+00 
-2.796936333179474e-01 -3.725290298461914e-09 9.600893259048462e-01 4.089698791503906e+01 
0.000000000000000e+00 0.000000000000000e+00 0.000000000000000e+00 1.000000000000000e+00 
src volume info
valid = 1  # volume info valid
filename = /out/sourcedata/freesurfer/sub-v1s18x0051208_ses-1/mri/norm.mgz
volume = 256 256 256
voxelsize = 1.000000000000000e+00 1.000000000000000e+00 1.000000000000000e+00
xras   = -1.000000000000000e+00 1.443549990653992e-08 7.450580596923828e-09
yras   = 7.450580596923828e-09 3.725290298461914e-09 -9.999999403953552e-01
zras   = 1.490116119384766e-08 1.000000000000000e+00 0.000000000000000e+00
cras   = -3.868286132812500e+00 -1.618109893798828e+01 -1.118458557128906e+01
dst volume info
valid = 1  # volume info valid
filename = /out/sourcedata/freesurfer/sub-v1s18x0051208_ses-1/mri/norm.mgz
volume = 256 256 256
voxelsize = 1.000000000000000e+00 1.000000000000000e+00 1.000000000000000e+00
xras   = -1.000000000000000e+00 1.443549990653992e-08 7.450580596923828e-09
yras   = 7.450580596923828e-09 3.725290298461914e-09 -9.999999403953552e-01
zras   = 1.490116119384766e-08 1.000000000000000e+00 0.000000000000000e+00
cras   = -3.868286132812500e+00 -1.618109893798828e+01 -1.118458557128906e+01
