# transform file transforms/talairach.lta
# created by oesteban on Mon Mar  9 04:05:35 2026

type      = 0 # LINEAR_VOX_TO_VOX
nxforms   = 1
mean      = 129.0000 135.0000 135.0000
sigma     = 10000.0000
1 4 4
1.083679199218750e+00 -1.362741440534592e-01 2.825602889060974e-01 -3.239745330810547e+01 
1.057488024234772e-01 1.221782445907593e+00 1.913653314113617e-01 -7.740554809570312e+01 
-2.891564667224884e-01 -1.449372023344040e-01 1.040930747985840e+00 2.487552833557129e+01 
0.000000000000000e+00 0.000000000000000e+00 0.000000000000000e+00 1.000000000000000e+00 
src volume info
valid = 1  # volume info valid
filename = nu.mgz
volume = 256 256 256
voxelsize = 1.000000000000000e+00 1.000000000000000e+00 1.000000000000000e+00
xras   = -1.000000000000000e+00 1.443549990653992e-08 7.450580596923828e-09
yras   = 7.450580596923828e-09 3.725290298461914e-09 -9.999999403953552e-01
zras   = 1.490116119384766e-08 1.000000000000000e+00 0.000000000000000e+00
cras   = -3.868286132812500e+00 -1.618109893798828e+01 -1.118458557128906e+01
dst volume info
valid = 1  # volume info valid
filename = /opt/freesurfer/average/RB_all_2020-01-02.gca
volume = 256 256 256
voxelsize = 1.000000000000000e+00 1.000000000000000e+00 1.000000000000000e+00
xras   = -1.000000000000000e+00 0.000000000000000e+00 0.000000000000000e+00
yras   = 0.000000000000000e+00 0.000000000000000e+00 -1.000000000000000e+00
zras   = 0.000000000000000e+00 1.000000000000000e+00 0.000000000000000e+00
cras   = 0.000000000000000e+00 0.000000000000000e+00 0.000000000000000e+00
