type      = 1 # LINEAR_RAS_TO_RAS
nxforms   = 1
mean      = 0.0000 0.0000 0.0000
sigma     = 1.0000
1 4 4
1.098016023635864e+00 -2.838160097599030e-01 -1.614380031824112e-01 -3.744350075721741e-01 
2.970730066299438e-01 1.047551035881042e+00 1.791969984769821e-01 -6.277016162872314e+00 
1.129229962825775e-01 -1.744329929351807e-01 1.161079049110413e+00 2.098367309570312e+01 
0.000000000000000e+00 0.000000000000000e+00 0.000000000000000e+00 1.000000000000000e+00 
src volume info
valid = 1  # volume info valid
filename = /out/sourcedata/freesurfer/sub-v1s18x0051208_ses-1/mri/orig_nu.mgz
volume = 256 256 256
voxelsize = 1.000000000000000e+00 1.000000000000000e+00 1.000000000000000e+00
xras   = -1.000000000000000e+00 1.443549990653992e-08 7.450580596923828e-09
yras   = 7.450580596923828e-09 3.725290298461914e-09 -9.999999403953552e-01
zras   = 1.490116119384766e-08 1.000000000000000e+00 0.000000000000000e+00
cras   = -3.868286132812500e+00 -1.618109893798828e+01 -1.118458557128906e+01
dst volume info
valid = 1  # volume info valid
filename = /opt/freesurfer/average/mni305.cor.mgz
volume = 256 256 256
voxelsize = 1.000000000000000e+00 1.000000000000000e+00 1.000000000000000e+00
xras   = -1.000000000000000e+00 0.000000000000000e+00 0.000000000000000e+00
yras   = 0.000000000000000e+00 0.000000000000000e+00 -1.000000000000000e+00
zras   = 0.000000000000000e+00 1.000000000000000e+00 0.000000000000000e+00
cras   = 0.000000000000000e+00 0.000000000000000e+00 0.000000000000000e+00
subject fsaverage
fscale 0.100000
