type      = 0 # LINEAR_VOX_TO_VOX
nxforms   = 1
mean      = 0.0000 0.0000 0.0000
sigma     = 1.0000
1 4 4
1.098016023635864e+00 -1.614379882812500e-01 2.838159799575806e-01 -2.998663330078125e+01 
1.129229888319969e-01 1.161078929901123e+00 1.744329929351807e-01 -6.778286743164062e+01 
-2.970729768276215e-01 -1.791969835758209e-01 1.047551035881042e+00 2.849508666992188e+01 
0.000000000000000e+00 0.000000000000000e+00 0.000000000000000e+00 1.000000000000000e+00 
src volume info
valid = 1  # volume info valid
filename = /out/sourcedata/freesurfer/sub-v1s18x0051208_ses-1/mri/orig.mgz
volume = 256 256 256
voxelsize = 1.000000000000000e+00 1.000000000000000e+00 1.000000000000000e+00
xras   = -1.000000000000000e+00 1.443549990653992e-08 7.450580596923828e-09
yras   = 7.450580596923828e-09 3.725290298461914e-09 -9.999999403953552e-01
zras   = 1.490116119384766e-08 1.000000000000000e+00 0.000000000000000e+00
cras   = -3.868286132812500e+00 -1.618109893798828e+01 -1.118458557128906e+01
dst volume info
valid = 1  # volume info valid
filename = /opt/freesurfer/average/mni305.cor.mgz
volume = 256 256 256
voxelsize = 1.000000000000000e+00 1.000000000000000e+00 1.000000000000000e+00
xras   = -1.000000000000000e+00 0.000000000000000e+00 0.000000000000000e+00
yras   = 0.000000000000000e+00 0.000000000000000e+00 -1.000000000000000e+00
zras   = 0.000000000000000e+00 1.000000000000000e+00 0.000000000000000e+00
cras   = 0.000000000000000e+00 0.000000000000000e+00 0.000000000000000e+00
subject fsaverage
fscale 0.100000
