# transform file /out/sourcedata/freesurfer/sub-v1s18x0051265_ses-1/mri/transforms/cc_up.lta
# created by oesteban on Mon Mar  9 08:22:38 2026

type      = 0 # LINEAR_VOX_TO_VOX
nxforms   = 1
mean      = 126.0000 122.0000 124.0000
sigma     = 10000.0000
1 4 4
9.965277910232544e-01 1.274247479159385e-04 -8.326081931591034e-02 1.000643920898438e+01 
-1.269822969334200e-04 1.000000000000000e+00 1.060948852682486e-05 2.601503753662109e+01 
8.326081931591034e-02 0.000000000000000e+00 9.965277910232544e-01 2.741917371749878e+00 
0.000000000000000e+00 0.000000000000000e+00 0.000000000000000e+00 1.000000000000000e+00 
src volume info
valid = 1  # volume info valid
filename = /out/sourcedata/freesurfer/sub-v1s18x0051265_ses-1/mri/norm.mgz
volume = 256 256 256
voxelsize = 1.000000000000000e+00 1.000000000000000e+00 1.000000000000000e+00
xras   = -1.000000119209290e+00 0.000000000000000e+00 0.000000000000000e+00
yras   = 0.000000000000000e+00 0.000000000000000e+00 -1.000000000000000e+00
zras   = 0.000000000000000e+00 1.000000000000000e+00 0.000000000000000e+00
cras   = -1.022415161132812e-01 1.046714782714844e+00 1.007991027832031e+01
dst volume info
valid = 1  # volume info valid
filename = /out/sourcedata/freesurfer/sub-v1s18x0051265_ses-1/mri/norm.mgz
volume = 256 256 256
voxelsize = 1.000000000000000e+00 1.000000000000000e+00 1.000000000000000e+00
xras   = -1.000000119209290e+00 0.000000000000000e+00 0.000000000000000e+00
yras   = 0.000000000000000e+00 0.000000000000000e+00 -1.000000000000000e+00
zras   = 0.000000000000000e+00 1.000000000000000e+00 0.000000000000000e+00
cras   = -1.022415161132812e-01 1.046714782714844e+00 1.007991027832031e+01
