#Insight Transform File V1.0
#Transform 0
Transform: AffineTransform_float_3_3
Parameters: 0.999998 0.000255289 -0.0020299 -0.000251244 0.999998 0.0020353 0.00203047 -0.0020347 0.999996 0.0232955 -0.023535 -0.04127
FixedParameters: 0 0 0

#Transform 1
Transform: AffineTransform_float_3_3
Parameters: 0.999998 -0.000184633 -0.0019519 0.000185055 1 0.000107424 0.00195186 -0.000108575 0.999998 0.0133059 -0.0235345 0.0863255
FixedParameters: 0 0 0

#Transform 2
Transform: AffineTransform_float_3_3
Parameters: 0.999999 -0.000329481 -0.00172649 0.00032959 1 3.1312e-05 0.00172647 -3.16879e-05 0.999998 0.0141548 0.0362054 0.017731
FixedParameters: 0 0 0

#Transform 3
Transform: AffineTransform_float_3_3
Parameters: 0.999999 -0.00103647 -0.000888366 0.00103578 0.999999 -0.000825432 0.000889449 0.000824567 0.999999 0.067915 -0.0173632 -0.0305763
FixedParameters: 0 0 0

#Transform 4
Transform: AffineTransform_float_3_3
Parameters: 0.999999 -0.000808543 -0.000344967 0.000807831 0.999999 -0.00125228 0.000345584 0.00125172 0.999999 0.0340761 0.00771183 -0.0510278
FixedParameters: 0 0 0

#Transform 5
Transform: AffineTransform_float_3_3
Parameters: 0.999999 -0.000624798 -0.00107965 0.000625038 1 0.000471814 0.00107968 -0.000472187 0.999999 0.0347291 -0.0515154 0.0377515
FixedParameters: 0 0 0

#Transform 6
Transform: AffineTransform_float_3_3
Parameters: 0.999999 -0.00072947 -0.000995641 0.000729229 1 -0.000512238 0.000995761 0.000511762 0.999999 0.0281 0.0151343 0.0640561
FixedParameters: 0 0 0

#Transform 7
Transform: AffineTransform_float_3_3
Parameters: 0.999999 -0.00050286 -0.000856997 0.000503034 1 0.000101569 0.000856895 -0.000102431 0.999999 0.0143731 0.0318161 0.0398079
FixedParameters: 0 0 0

#Transform 8
Transform: AffineTransform_float_3_3
Parameters: 0.999999 -0.000653694 -0.000735716 0.000653025 1 -0.000453992 0.000736309 0.000454007 1 0.0156895 -0.00731211 0.0666979
FixedParameters: 0 0 0

#Transform 9
Transform: AffineTransform_float_3_3
Parameters: 0.999999 -0.000454573 -0.000671255 0.000455146 1 0.000426694 0.000670866 -0.000427305 0.999999 0.0126769 -0.0167665 0.106155
FixedParameters: 0 0 0

#Transform 10
Transform: AffineTransform_float_3_3
Parameters: 0.999999 -0.000653084 -0.000736257 0.000653636 1 0.000375007 0.000735767 -0.000374992 1 0.0156918 -0.0351004 0.0841139
FixedParameters: 0 0 0

#Transform 11
Transform: AffineTransform_float_3_3
Parameters: 0.999999 -0.000583639 -0.000792097 0.000583579 1 -0.000529974 0.000792089 0.000530026 1 0.0107784 -0.0117401 0.017245
FixedParameters: 0 0 0

#Transform 12
Transform: AffineTransform_float_3_3
Parameters: 1 -0.000342958 -0.000507032 0.000342006 0.999999 -0.000937685 0.000507674 0.000938314 0.999999 0.0103271 0.0302521 -0.0631729
FixedParameters: 0 0 0

#Transform 13
Transform: AffineTransform_float_3_3
Parameters: 1 1.54409e-05 -0.000691872 -1.45974e-05 1 0.00106301 0.000691124 -0.00106299 0.999999 0.00663207 -0.0292914 0.0442454
FixedParameters: 0 0 0

#Transform 14
Transform: AffineTransform_float_3_3
Parameters: 0.999999 -0.000279325 -0.00150903 0.000279043 1 -9.35402e-05 0.00150908 9.34595e-05 0.999999 0.0152948 0.0228313 0.0407508
FixedParameters: 0 0 0

#Transform 15
Transform: AffineTransform_float_3_3
Parameters: 1 -0.00023994 -0.0010691 0.000238969 0.999999 -0.00111186 0.00106979 0.00111114 0.999999 0.0374071 0.0471285 -0.0196696
FixedParameters: 0 0 0

#Transform 16
Transform: AffineTransform_float_3_3
Parameters: 0.999999 -0.000335023 -0.000935124 0.000335321 0.999999 0.000911568 0.00093436 -0.000911432 0.999999 0.0118796 -0.0201202 0.0832145
FixedParameters: 0 0 0

#Transform 17
Transform: AffineTransform_float_3_3
Parameters: 1 6.97483e-05 -0.000439814 -6.99057e-05 1 -0.000178969 0.000439789 0.000179031 1 -0.0121659 -0.0178919 0.0937677
FixedParameters: 0 0 0

#Transform 18
Transform: AffineTransform_float_3_3
Parameters: 1 -0.000248833 -0.000442876 0.000248875 0.999999 -0.00083311 0.000442664 0.000832889 0.999999 -0.00799487 0.0352595 0.0736189
FixedParameters: 0 0 0

#Transform 19
Transform: AffineTransform_float_3_3
Parameters: 1 -0.000185286 -0.000428421 0.000185381 1 0.000110921 0.00042838 -0.000111079 1 -0.000173366 -0.0057488 0.0898103
FixedParameters: 0 0 0

#Transform 20
Transform: AffineTransform_float_3_3
Parameters: 0.999999 -0.00061543 -0.000599724 0.000614878 1 0.000188631 0.000600118 -0.000189369 1 0.0100056 -0.00206768 -0.00890512
FixedParameters: 0 0 0

#Transform 21
Transform: AffineTransform_float_3_3
Parameters: 1 -7.88918e-05 -0.000244622 7.84797e-05 0.999999 -0.000842019 0.000244755 0.00084198 0.999999 0.0001717 -0.0206277 0.0698799
FixedParameters: 0 0 0

#Transform 22
Transform: AffineTransform_float_3_3
Parameters: 0.999999 0.000271363 -0.000725219 -0.000270918 1 -0.000230804 0.000724467 0.000231197 0.999999 0.0114107 0.0319618 0.0848425
FixedParameters: 0 0 0

#Transform 23
Transform: AffineTransform_float_3_3
Parameters: 1 -0.000177082 -0.000631518 0.000176463 1 -0.000490111 0.000631691 0.000489888 0.999999 0.0282889 -0.0387787 0.168924
FixedParameters: 0 0 0

#Transform 24
Transform: AffineTransform_float_3_3
Parameters: 1 -0.00035548 -0.000487938 0.000355002 1 -0.000490173 0.000488286 0.000489826 1 0.0309652 0.0816825 0.155953
FixedParameters: 0 0 0

#Transform 25
Transform: AffineTransform_float_3_3
Parameters: 1 0.000263536 0.000618584 -0.00026205 0.999999 -0.00120077 -0.000619215 0.00120023 1 -0.0271544 -0.0413447 0.307116
FixedParameters: 0 0 0

#Transform 26
Transform: AffineTransform_float_3_3
Parameters: 1 0.000104843 -0.000280492 -0.000106182 0.999994 -0.00350397 0.000280532 0.00350403 0.999994 0.00393078 0.0172253 0.0952426
FixedParameters: 0 0 0

#Transform 27
Transform: AffineTransform_float_3_3
Parameters: 1 0.000361177 0.000600336 -0.000359695 0.999998 -0.00188222 -0.000601066 0.00188178 0.999998 -0.00467066 0.0316552 0.102096
FixedParameters: 0 0 0

#Transform 28
Transform: AffineTransform_float_3_3
Parameters: 0.999999 -0.000217813 0.000967171 0.00021849 1 -0.000349789 -0.000967019 0.000350211 0.999999 0.0318837 -0.0582955 0.169506
FixedParameters: 0 0 0

#Transform 29
Transform: AffineTransform_float_3_3
Parameters: 1 -0.000238914 0.00107959 0.000241038 0.999998 -0.00192474 -0.0010796 0.00192526 0.999997 0.0374486 0.0182092 0.0821177
FixedParameters: 0 0 0

#Transform 30
Transform: AffineTransform_float_3_3
Parameters: 1 -0.000348586 0.00107341 0.000349727 0.999999 -0.00118623 -0.00107273 0.00118677 0.999999 0.028514 0.0569573 0.0115083
FixedParameters: 0 0 0

#Transform 31
Transform: AffineTransform_float_3_3
Parameters: 1 -0.000233316 0.00111347 0.000233352 1 -0.000647836 -0.00111332 0.000647164 0.999999 0.0198507 -0.0566797 0.1518
FixedParameters: 0 0 0

#Transform 32
Transform: AffineTransform_float_3_3
Parameters: 0.999999 -0.000188711 0.00127056 0.00019176 0.999999 -0.00206076 -0.0012693 0.00206124 0.999997 0.0181854 0.00629427 0.0172889
FixedParameters: 0 0 0

#Transform 33
Transform: AffineTransform_float_3_3
Parameters: 0.999999 -0.00017305 0.0012907 0.000175619 1 -0.00153978 -0.00129031 0.00154023 0.999998 0.00566694 0.00364561 0.00862494
FixedParameters: 0 0 0

#Transform 34
Transform: AffineTransform_float_3_3
Parameters: 0.999999 -2.77133e-05 0.00147204 2.95845e-05 1 -0.000900565 -0.00147136 0.000900434 0.999999 -0.0127302 -0.0370037 0.0262993
FixedParameters: 0 0 0

#Transform 35
Transform: AffineTransform_float_3_3
Parameters: 0.999998 -0.000211608 0.00158097 0.000214352 0.999999 -0.00131227 -0.00158056 0.00131273 0.999997 -0.00591578 0.00306352 0.018505
FixedParameters: 0 0 0

#Transform 36
Transform: AffineTransform_float_3_3
Parameters: 0.999998 -0.000547812 0.00185214 0.000550088 0.999999 -0.0013732 -0.00185094 0.0013748 0.999998 0.00123726 -0.0122697 -0.00734175
FixedParameters: 0 0 0

#Transform 37
Transform: AffineTransform_float_3_3
Parameters: 0.999997 -9.97787e-05 0.00211988 0.000103964 0.999998 -0.00183461 -0.00211919 0.00183439 0.999997 -0.0157582 0.0117971 -0.0364297
FixedParameters: 0 0 0

#Transform 38
Transform: AffineTransform_float_3_3
Parameters: 0.999998 8.77141e-05 0.00196675 -8.60472e-05 1 -0.000622385 -0.00196623 0.000621614 0.999998 -0.0173118 -0.054708 -0.0542084
FixedParameters: 0 0 0

#Transform 39
Transform: AffineTransform_float_3_3
Parameters: 0.999999 -3.79235e-05 0.00150351 4.12402e-05 0.999998 -0.00203816 -0.00150366 0.00203785 0.999998 -0.0130155 -0.0161283 -0.0727765
FixedParameters: 0 0 0

#Transform 40
Transform: AffineTransform_float_3_3
Parameters: 0.999999 -9.56821e-05 0.0017925 9.88859e-05 0.999998 -0.00167804 -0.00179248 0.00167796 0.999997 -0.0139088 -0.00405312 -0.13156
FixedParameters: 0 0 0

#Transform 41
Transform: AffineTransform_float_3_3
Parameters: 0.999998 6.68034e-05 0.00189542 -6.47557e-05 0.999999 -0.000911339 -0.0018957 0.00091066 0.999998 -0.0266446 -0.0220494 -0.109518
FixedParameters: 0 0 0

#Transform 42
Transform: AffineTransform_float_3_3
Parameters: 0.999998 -6.5542e-05 0.00190614 6.63109e-05 1 -0.000366089 -0.00190687 0.000365911 0.999998 -0.0318614 -0.0190388 -0.0760645
FixedParameters: 0 0 0

#Transform 43
Transform: AffineTransform_float_3_3
Parameters: 0.999998 -2.42022e-05 0.00205705 2.50775e-05 1 -0.000743677 -0.00205654 0.000744325 0.999998 -0.0330601 -0.0315043 -0.0143521
FixedParameters: 0 0 0

#Transform 44
Transform: AffineTransform_float_3_3
Parameters: 0.999997 0.000231026 0.00237238 -0.000228022 1 -0.00125827 -0.00237185 0.00125773 0.999996 -0.0383582 0.0156663 -0.077628
FixedParameters: 0 0 0

#Transform 45
Transform: AffineTransform_float_3_3
Parameters: 0.999997 2.83023e-05 0.0027286 -2.83096e-05 1 -0.000141411 -0.00272798 0.000141589 0.999996 -0.0378533 -0.0591006 -0.0832573
FixedParameters: 0 0 0

#Transform 46
Transform: AffineTransform_float_3_3
Parameters: 0.999996 -9.56875e-05 0.00283086 9.9732e-05 0.999999 -0.00121066 -0.00283093 0.00121133 0.999995 -0.0369615 -0.00288714 -0.118958
FixedParameters: 0 0 0

#Transform 47
Transform: AffineTransform_float_3_3
Parameters: 0.999995 -0.000105511 0.00321481 0.000106459 1 -0.000147207 -0.00321478 0.000147791 0.999995 -0.0390887 -0.033783 -0.110647
FixedParameters: 0 0 0

#Transform 48
Transform: AffineTransform_float_3_3
Parameters: 0.999995 -5.32643e-05 0.00320381 5.67776e-05 0.999999 -0.00120637 -0.00320413 0.00120663 0.999994 -0.040021 0.0435166 -0.206297
FixedParameters: 0 0 0

#Transform 49
Transform: AffineTransform_float_3_3
Parameters: 0.999997 1.95941e-05 0.00264553 -1.66222e-05 0.999999 -0.00124038 -0.00264525 0.00124062 0.999996 -0.0235519 -0.0629532 -0.0535347
FixedParameters: 0 0 0

#Transform 50
Transform: AffineTransform_float_3_3
Parameters: 0.999997 -6.04255e-05 0.00270695 6.04793e-05 0.999999 0.000134223 -0.00270759 -0.000133778 0.999996 -0.0281642 -0.00225652 -0.0905372
FixedParameters: 0 0 0

#Transform 51
Transform: AffineTransform_float_3_3
Parameters: 0.999995 -0.000100134 0.00293067 0.000103388 0.999999 -0.00116764 -0.00293011 0.00116836 0.999995 -0.0378064 0.0203606 -0.17922
FixedParameters: 0 0 0

#Transform 52
Transform: AffineTransform_float_3_3
Parameters: 0.999996 0.00022742 0.0025565 -0.000226438 0.999999 -0.000619914 -0.00255631 0.000619086 0.999996 -0.0398242 -0.0419422 -0.142
FixedParameters: 0 0 0

#Transform 53
Transform: AffineTransform_float_3_3
Parameters: 0.999996 -0.000118079 0.00283363 0.000118405 1 -0.000195095 -0.00283295 0.000194906 0.999996 -0.0367263 0.0228358 -0.0852014
FixedParameters: 0 0 0

#Transform 54
Transform: AffineTransform_float_3_3
Parameters: 0.999995 3.89703e-05 0.00310852 -3.52788e-05 1 -0.00104557 -0.0031089 0.00104643 0.999994 -0.0446267 -0.0328133 -0.0972977
FixedParameters: 0 0 0

#Transform 55
Transform: AffineTransform_float_3_3
Parameters: 0.999995 -0.000148065 0.00335239 0.000149287 1 -0.000392146 -0.00335243 0.000391854 0.999995 -0.0303429 -0.0297551 -0.142294
FixedParameters: 0 0 0

#Transform 56
Transform: AffineTransform_float_3_3
Parameters: 0.999994 -0.000189319 0.00329726 0.000194195 0.999999 -0.00137852 -0.00329719 0.00137948 0.999994 -0.024532 -0.0217845 -0.179954
FixedParameters: 0 0 0

#Transform 57
Transform: AffineTransform_float_3_3
Parameters: 0.999994 -0.000222031 0.00326193 0.000222093 1 -8.82409e-06 -0.00326193 1.01758e-05 0.999994 -0.0380341 -0.04737 -0.148107
FixedParameters: 0 0 0

#Transform 58
Transform: AffineTransform_float_3_3
Parameters: 0.999994 -0.000218696 0.00326215 0.00022262 0.999999 -0.00103232 -0.003262 0.00103268 0.999994 -0.0391574 -0.0354212 -0.193993
FixedParameters: 0 0 0

#Transform 59
Transform: AffineTransform_float_3_3
Parameters: 0.999994 -0.000220852 0.00326201 0.00022187 1 -0.000371315 -0.003262 0.000371686 0.999995 -0.0429846 -0.0435096 -0.223709
FixedParameters: 0 0 0

#Transform 60
Transform: AffineTransform_float_3_3
Parameters: 0.999996 1.08764e-05 0.00307582 -9.32948e-06 1 -0.000479972 -0.00307599 0.000480028 0.999995 -0.0258431 -0.0439243 -0.170329
FixedParameters: 0 0 0

#Transform 61
Transform: AffineTransform_float_3_3
Parameters: 0.999995 -0.000126621 0.00337586 0.00013032 1 -0.00117212 -0.00337602 0.00117289 0.999993 -0.0260895 0.0331973 -0.254209
FixedParameters: 0 0 0

#Transform 62
Transform: AffineTransform_float_3_3
Parameters: 0.999995 -0.000118102 0.00316691 0.000121901 0.999999 -0.00148717 -0.00316717 0.00148783 0.999994 -0.0250443 0.0126891 -0.275166
FixedParameters: 0 0 0

#Transform 63
Transform: AffineTransform_float_3_3
Parameters: 0.999996 -0.000148253 0.00287297 0.000150191 1 -0.000581512 -0.00287295 0.000582487 0.999996 -0.0302342 -0.0363051 -0.175655
FixedParameters: 0 0 0

#Transform 64
Transform: AffineTransform_float_3_3
Parameters: 0.999995 0.000270455 0.00332013 -0.000265697 0.999999 -0.00158695 -0.00332018 0.00158605 0.999993 -0.0308659 0.012137 -0.233286
FixedParameters: 0 0 0

#Transform 65
Transform: AffineTransform_float_3_3
Parameters: 0.999995 -0.000210895 0.00317974 0.000215361 0.999999 -0.00136487 -0.00317962 0.00136613 0.999994 -0.0416215 -0.0637994 -0.162
FixedParameters: 0 0 0

#Transform 66
Transform: AffineTransform_float_3_3
Parameters: 0.999995 -1.80918e-05 0.00319774 2.09177e-05 1 -0.000880998 -0.00319801 0.000882002 0.999995 -0.036698 -0.0439966 -0.173057
FixedParameters: 0 0 0

#Transform 67
Transform: AffineTransform_float_3_3
Parameters: 0.999996 1.39884e-05 0.00288184 -1.13591e-05 1 -0.000943978 -0.00288217 0.000944022 0.999995 -0.0225812 -0.0345902 -0.182491
FixedParameters: 0 0 0

#Transform 68
Transform: AffineTransform_float_3_3
Parameters: 0.999995 0.000208777 0.00320567 -0.000204999 0.999999 -0.00114972 -0.00320583 0.00114928 0.999994 -0.0267715 -0.0208096 -0.217672
FixedParameters: 0 0 0

#Transform 69
Transform: AffineTransform_float_3_3
Parameters: 0.999994 0.000450201 0.00324385 -0.000450247 1 -9.00328e-05 -0.00324471 8.89678e-05 0.999995 -0.0252666 0.0385764 -0.176229
FixedParameters: 0 0 0

#Transform 70
Transform: AffineTransform_float_3_3
Parameters: 0.999996 0.000460928 0.00298565 -0.000462304 1 0.000229775 -0.00298544 -0.000231222 0.999995 -0.0236042 -0.0347851 -0.102714
FixedParameters: 0 0 0

#Transform 71
Transform: AffineTransform_float_3_3
Parameters: 0.999994 0.000647315 0.00343639 -0.000643727 0.999999 -0.00104579 -0.00343742 0.00104321 0.999993 -0.0289285 0.0847688 -0.169204
FixedParameters: 0 0 0

#Transform 72
Transform: AffineTransform_float_3_3
Parameters: 0.999995 0.000665219 0.00317018 -0.000668246 1 0.00104292 -0.00316911 -0.00104508 0.999995 -0.021311 -0.0562403 0.0282134
FixedParameters: 0 0 0

#Transform 73
Transform: AffineTransform_float_3_3
Parameters: 0.999996 0.00018171 0.00285371 -0.000175525 0.999997 -0.00234245 -0.0028539 0.00234155 0.999993 -0.0164362 -0.00616556 0.190076
FixedParameters: 0 0 0

#Transform 74
Transform: AffineTransform_float_3_3
Parameters: 0.999996 0.000100249 0.00275017 -9.17172e-05 0.999995 -0.0031126 -0.00275028 0.0031124 0.999991 0.0236581 0.153386 -0.0112014
FixedParameters: 0 0 0

#Transform 75
Transform: AffineTransform_float_3_3
Parameters: 0.999996 -0.000315739 0.00278518 0.000320005 0.999999 -0.00138254 -0.00278539 0.00138346 0.999995 0.0435229 -0.0575614 0.169783
FixedParameters: 0 0 0

#Transform 76
Transform: AffineTransform_float_3_3
Parameters: 0.999996 -0.000707214 0.00269339 0.000710788 0.999998 -0.00130101 -0.00269263 0.00130299 0.999995 0.0639673 0.0893369 0.0427721
FixedParameters: 0 0 0

#Transform 77
Transform: AffineTransform_float_3_3
Parameters: 0.999996 -0.000399675 0.0030022 0.000399148 1 0.000322282 -0.00300231 -0.000321719 0.999995 0.042458 -0.00255689 0.0685912
FixedParameters: 0 0 0

#Transform 78
Transform: AffineTransform_float_3_3
Parameters: 0.999996 -0.00043896 0.00273406 0.000438165 1 0.000146376 -0.00273419 -0.000144622 0.999996 0.037273 -0.0124468 -0.0143614
FixedParameters: 0 0 0

#Transform 79
Transform: AffineTransform_float_3_3
Parameters: 0.999995 -0.000560582 0.00309727 0.000561836 0.999999 -0.000655788 -0.00309684 0.000657214 0.999995 0.0224017 0.0492143 -0.2153
FixedParameters: 0 0 0

#Transform 80
Transform: AffineTransform_float_3_3
Parameters: 0.999995 -0.000401735 0.00317555 0.000402018 1 -4.42488e-05 -0.00317552 4.47508e-05 0.999995 0.00708177 -0.103144 -0.137526
FixedParameters: 0 0 0

#Transform 81
Transform: AffineTransform_float_3_3
Parameters: 0.999996 -0.000292936 0.00289361 0.000293708 1 -0.000267581 -0.00289283 0.000268419 0.999996 0.00688316 0.0299417 -0.221523
FixedParameters: 0 0 0

#Transform 82
Transform: AffineTransform_float_3_3
Parameters: 0.999995 -0.000313098 0.00318374 0.000313979 1 -0.00045704 -0.00318439 0.000457963 0.999995 -0.00440883 -0.0338489 -0.13294
FixedParameters: 0 0 0

#Transform 83
Transform: AffineTransform_float_3_3
Parameters: 0.999994 -0.00033201 0.00365038 0.00033448 0.999999 -0.000722547 -0.00365021 0.000724453 0.999993 -0.0099252 0.038878 -0.221865
FixedParameters: 0 0 0

#Transform 84
Transform: AffineTransform_float_3_3
Parameters: 0.999994 -0.000420226 0.00364938 0.000420251 0.999999 8.32826e-05 -0.00364867 -8.17188e-05 0.999993 -0.0132934 -0.0285586 -0.202178
FixedParameters: 0 0 0

#Transform 85
Transform: AffineTransform_float_3_3
Parameters: 0.999992 -0.00047855 0.00399725 0.000477354 1 0.000229051 -0.00399668 -0.000226948 0.999992 -0.0192788 -0.0461586 -0.181057
FixedParameters: 0 0 0

#Transform 86
Transform: AffineTransform_float_3_3
Parameters: 0.999991 -0.000327909 0.0041807 0.000330052 1 -0.000591603 -0.00418061 0.000593398 0.999991 -0.0207232 0.00787642 -0.229894
FixedParameters: 0 0 0

#Transform 87
Transform: AffineTransform_float_3_3
Parameters: 0.999994 -0.000369636 0.0036058 0.00036907 0.999999 0.00018708 -0.00360657 -0.00018592 0.999993 -0.0262081 -0.0301636 -0.195462
FixedParameters: 0 0 0

#Transform 88
Transform: AffineTransform_float_3_3
Parameters: 0.999994 -0.000339041 0.00364965 0.000340106 0.999999 -0.000338012 -0.00364957 0.000338988 0.999993 -0.0116597 0.0558714 -0.268805
FixedParameters: 0 0 0

#Transform 89
Transform: AffineTransform_float_3_3
Parameters: 0.999993 -0.000290435 0.0035326 0.000290739 1 -4.26174e-05 -0.00353258 4.3382e-05 0.999993 -0.0170684 -0.0637891 -0.136179
FixedParameters: 0 0 0

#Transform 90
Transform: AffineTransform_float_3_3
Parameters: 0.999993 -0.000147912 0.00371159 0.000149868 1 -0.00036821 -0.00371085 0.000368788 0.999993 -0.0271439 0.0413348 -0.239745
FixedParameters: 0 0 0

#Transform 91
Transform: AffineTransform_float_3_3
Parameters: 0.999994 -0.000477241 0.00340848 0.00047748 1 -0.000126017 -0.00340914 0.000127984 0.999994 -0.0129717 -0.040229 -0.159598
FixedParameters: 0 0 0

#Transform 92
Transform: AffineTransform_float_3_3
Parameters: 0.999994 -0.000474272 0.0033163 0.000473095 1 0.000272926 -0.00331577 -0.000271073 0.999995 -0.00554603 0.0211136 -0.223469
FixedParameters: 0 0 0

#Transform 93
Transform: AffineTransform_float_3_3
Parameters: 0.999993 -0.000443826 0.00387586 0.00044583 1 -0.000539528 -0.0038749 0.000541472 0.999992 -0.0114606 0.00319514 -0.230912
FixedParameters: 0 0 0

#Transform 94
Transform: AffineTransform_float_3_3
Parameters: 0.999991 -0.000324639 0.00425735 0.000321551 0.999999 0.000858303 -0.00425745 -0.000857699 0.999991 9.48015e-05 -0.034321 -0.174475
FixedParameters: 0 0 0

#Transform 95
Transform: AffineTransform_float_3_3
Parameters: 0.999991 -0.00065861 0.00423449 0.000658927 1 -0.000128166 -0.00423369 0.000130835 0.999991 0.00131965 0.0254747 -0.17948
FixedParameters: 0 0 0

#Transform 96
Transform: AffineTransform_float_3_3
Parameters: 0.999992 -0.000863103 0.00408878 0.000859011 1 0.00101769 -0.00409007 -0.00101431 0.999991 0.00518332 -0.0528771 -0.0738518
FixedParameters: 0 0 0

#Transform 97
Transform: AffineTransform_float_3_3
Parameters: 0.999991 -0.000588624 0.00407206 0.000587745 1 0.000109047 -0.00407218 -0.000106951 0.999992 0.0012073 0.0605285 -0.188528
FixedParameters: 0 0 0

#Transform 98
Transform: AffineTransform_float_3_3
Parameters: 0.999991 -0.000862683 0.00401493 0.000859633 0.999999 0.000810111 -0.00401523 -0.00080589 0.999992 -0.00241323 -0.0449916 -0.0900148
FixedParameters: 0 0 0

#Transform 99
Transform: AffineTransform_float_3_3
Parameters: 0.99999 -0.000888317 0.00421289 0.000886289 1 0.000409295 -0.00421346 -0.000405704 0.999991 0.00448965 0.0507804 -0.148434
FixedParameters: 0 0 0

#Transform 100
Transform: AffineTransform_float_3_3
Parameters: 0.999992 -0.000860835 0.00389469 0.000855357 0.999999 0.00132651 -0.00389573 -0.00132349 0.999992 0.00648494 -0.0363918 -0.036988
FixedParameters: 0 0 0

#Transform 101
Transform: AffineTransform_float_3_3
Parameters: 0.99999 -0.000952638 0.00449393 0.000950536 1 0.000461738 -0.00449387 -0.000458263 0.99999 -0.00525869 0.0377117 -0.101833
FixedParameters: 0 0 0

#Transform 102
Transform: AffineTransform_float_3_3
Parameters: 0.99999 -0.00129082 0.00425556 0.00129178 0.999999 -0.000182924 -0.00425586 0.000188076 0.999991 0.0180594 -0.022253 -0.0656823
FixedParameters: 0 0 0

#Transform 103
Transform: AffineTransform_float_3_3
Parameters: 0.99999 -0.00117388 0.00430887 0.00117076 1 0.000691121 -0.00431018 -0.000685879 0.999991 0.024136 0.0425259 -0.105499
FixedParameters: 0 0 0

#Transform 104
Transform: AffineTransform_float_3_3
Parameters: 0.999989 -0.00123285 0.00454419 0.00122902 0.999999 0.00080296 -0.00454508 -0.00079804 0.99999 0.0222464 -0.0458221 -0.0693562
FixedParameters: 0 0 0

#Transform 105
Transform: AffineTransform_float_3_3
Parameters: 0.999986 -0.00129628 0.00500674 0.00129717 0.999999 -0.000164357 -0.00500568 0.000170642 0.999988 0.00511145 0.0463663 -0.169788
FixedParameters: 0 0 0

#Transform 106
Transform: AffineTransform_float_3_3
Parameters: 0.999987 -0.00111181 0.00485333 0.00110773 0.999999 0.000841026 -0.00485333 -0.000835975 0.999988 0.00382463 -0.0550746 -0.120482
FixedParameters: 0 0 0

#Transform 107
Transform: AffineTransform_float_3_3
Parameters: 0.999988 -0.00107094 0.00473656 0.00107608 0.999999 -0.00113406 -0.00473473 0.00113894 0.999988 0.0103029 0.0513998 -0.0417043
FixedParameters: 0 0 0

#Transform 108
Transform: AffineTransform_float_3_3
Parameters: 0.999986 -0.00126355 0.00501799 0.00126347 0.999999 1.14911e-05 -0.00501801 -5.50868e-06 0.999988 0.0108682 -0.00666647 -0.0649577
FixedParameters: 0 0 0

#Transform 109
Transform: AffineTransform_float_3_3
Parameters: 0.999987 -0.00131993 0.00497034 0.00131836 1 0.000365316 -0.00497036 -0.000358686 0.999988 0.0205621 0.0502757 -0.196275
FixedParameters: 0 0 0

#Transform 110
Transform: AffineTransform_float_3_3
Parameters: 0.999987 -0.00118705 0.00510317 0.00118697 1 -6.57927e-05 -0.00510238 7.12087e-05 0.999987 0.00333584 -0.0221059 -0.1561
FixedParameters: 0 0 0

#Transform 111
Transform: AffineTransform_float_3_3
Parameters: 0.999985 -0.00112968 0.00525448 0.00113006 0.999999 -3.36381e-05 -0.0052544 3.93608e-05 0.999987 0.000965034 0.0651549 -0.252926
FixedParameters: 0 0 0

#Transform 112
Transform: AffineTransform_float_3_3
Parameters: 0.999987 -0.00103163 0.00501406 0.0010322 0.999999 -5.4186e-05 -0.00501394 5.88125e-05 0.999987 -0.0213481 -0.00819045 -0.183094
FixedParameters: 0 0 0

#Transform 113
Transform: AffineTransform_float_3_3
Parameters: 0.999986 -0.00117762 0.00529261 0.0011772 1 4.2263e-05 -0.00529271 -3.57359e-05 0.999986 -0.0133153 -0.0308077 -0.172973
FixedParameters: 0 0 0

#Transform 114
Transform: AffineTransform_float_3_3
Parameters: 0.999985 -0.000886199 0.00529997 0.000884177 1 0.000458701 -0.00530047 -0.000453301 0.999986 -0.0253437 0.0409057 -0.232663
FixedParameters: 0 0 0

#Transform 115
Transform: AffineTransform_float_3_3
Parameters: 0.999984 -0.00105463 0.00544408 0.00105566 0.999999 -0.000220832 -0.00544376 0.000226169 0.999985 -0.0298871 -0.028149 -0.179976
FixedParameters: 0 0 0

#Transform 116
Transform: AffineTransform_float_3_3
Parameters: 0.999984 -0.00105907 0.00544322 0.00105544 0.999999 0.000594667 -0.00544417 -0.000588331 0.999985 -0.0237722 0.00105995 -0.214022
FixedParameters: 0 0 0

#Transform 117
Transform: AffineTransform_float_3_3
Parameters: 0.999989 -0.000766734 0.00463449 0.000765144 1 0.000173379 -0.00463476 -0.000169618 0.999989 -0.0224663 0.0176378 -0.145611
FixedParameters: 0 0 0

#Transform 118
Transform: AffineTransform_float_3_3
Parameters: 0.999988 -0.000909185 0.00482741 0.000907862 1 0.000139119 -0.00482766 -0.000134877 0.999988 -0.0123961 0.0559588 -0.211745
FixedParameters: 0 0 0

#Transform 119
Transform: AffineTransform_float_3_3
Parameters: 0.999989 -0.00103348 0.00462391 0.00103241 0.999999 0.000269631 -0.00462431 -0.00026537 0.999989 0.00432232 -0.0220265 -0.138212
FixedParameters: 0 0 0
