# transform file /out/sourcedata/freesurfer/sub-v1s18x0051231_ses-1/mri/transforms/cc_up.lta
# created by oesteban on Mon Mar  9 06:10:35 2026

type      = 0 # LINEAR_VOX_TO_VOX
nxforms   = 1
mean      = 128.0000 90.0000 123.0000
sigma     = 10000.0000
1 4 4
9.973054528236389e-01 4.451565816998482e-02 -5.831143260002136e-02 2.200383901596069e+00 
-4.443975910544395e-02 9.990087151527405e-01 2.598347375169396e-03 5.953218460083008e+01 
5.836929753422737e-02 0.000000000000000e+00 9.982951283454895e-01 3.630309343338013e+00 
0.000000000000000e+00 0.000000000000000e+00 0.000000000000000e+00 1.000000000000000e+00 
src volume info
valid = 1  # volume info valid
filename = /out/sourcedata/freesurfer/sub-v1s18x0051231_ses-1/mri/norm.mgz
volume = 256 256 256
voxelsize = 1.000000000000000e+00 1.000000000000000e+00 1.000000000000000e+00
xras   = -1.000000000000000e+00 0.000000000000000e+00 0.000000000000000e+00
yras   = 0.000000000000000e+00 0.000000000000000e+00 -1.000000000000000e+00
zras   = 0.000000000000000e+00 1.000000000000000e+00 0.000000000000000e+00
cras   = 2.415824890136719e+00 2.205345153808594e+00 -3.237289428710938e+00
dst volume info
valid = 1  # volume info valid
filename = /out/sourcedata/freesurfer/sub-v1s18x0051231_ses-1/mri/norm.mgz
volume = 256 256 256
voxelsize = 1.000000000000000e+00 1.000000000000000e+00 1.000000000000000e+00
xras   = -1.000000000000000e+00 0.000000000000000e+00 0.000000000000000e+00
yras   = 0.000000000000000e+00 0.000000000000000e+00 -1.000000000000000e+00
zras   = 0.000000000000000e+00 1.000000000000000e+00 0.000000000000000e+00
cras   = 2.415824890136719e+00 2.205345153808594e+00 -3.237289428710938e+00
