# transform file /out/sourcedata/freesurfer/sub-v1s18x0051238_ses-1/mri/transforms/cc_up.lta
# created by oesteban on Mon Mar  9 06:43:22 2026

type      = 0 # LINEAR_VOX_TO_VOX
nxforms   = 1
mean      = 126.0000 135.0000 119.0000
sigma     = 10000.0000
1 4 4
9.971465468406677e-01 7.513193786144257e-02 7.343898061662912e-03 -8.523259162902832e+00 
-7.512989640235901e-02 9.971735477447510e-01 -5.533251678571105e-04 1.501304531097412e+01 
-7.364713586866856e-03 0.000000000000000e+00 9.999728798866272e-01 2.794472503662109e+01 
0.000000000000000e+00 0.000000000000000e+00 0.000000000000000e+00 1.000000000000000e+00 
src volume info
valid = 1  # volume info valid
filename = /out/sourcedata/freesurfer/sub-v1s18x0051238_ses-1/mri/norm.mgz
volume = 256 256 256
voxelsize = 1.000000000000000e+00 1.000000000000000e+00 1.000000000000000e+00
xras   = -1.000000000000000e+00 0.000000000000000e+00 0.000000000000000e+00
yras   = 0.000000000000000e+00 0.000000000000000e+00 -1.000000000000000e+00
zras   = 0.000000000000000e+00 1.000000000000000e+00 0.000000000000000e+00
cras   = -1.090136718750000e+01 1.067992401123047e+01 -1.110653686523438e+01
dst volume info
valid = 1  # volume info valid
filename = /out/sourcedata/freesurfer/sub-v1s18x0051238_ses-1/mri/norm.mgz
volume = 256 256 256
voxelsize = 1.000000000000000e+00 1.000000000000000e+00 1.000000000000000e+00
xras   = -1.000000000000000e+00 0.000000000000000e+00 0.000000000000000e+00
yras   = 0.000000000000000e+00 0.000000000000000e+00 -1.000000000000000e+00
zras   = 0.000000000000000e+00 1.000000000000000e+00 0.000000000000000e+00
cras   = -1.090136718750000e+01 1.067992401123047e+01 -1.110653686523438e+01
