#Insight Transform File V1.0
#Transform 0
Transform: AffineTransform_float_3_3
Parameters: 0.999995 -0.00144675 0.00257333 0.00143043 0.99998 0.00614665 -0.00258157 -0.00614335 0.999977 -0.0857005 -0.212164 1.03936
FixedParameters: 0 0 0

#Transform 1
Transform: AffineTransform_float_3_3
Parameters: 0.999995 -0.00152305 0.00251586 0.00151097 0.999987 0.00483676 -0.00252297 -0.00483324 0.999985 -0.0916525 -0.164339 0.938262
FixedParameters: 0 0 0

#Transform 2
Transform: AffineTransform_float_3_3
Parameters: 0.999996 -0.00154816 0.00242871 0.00153614 0.999987 0.00472369 -0.00243621 -0.00472031 0.999986 -0.0917894 -0.176399 0.900363
FixedParameters: 0 0 0

#Transform 3
Transform: AffineTransform_float_3_3
Parameters: 0.999998 -0.000973519 0.00161553 0.000965519 0.999986 0.00518954 -0.00162083 -0.00518846 0.999985 -0.0606296 -0.183484 0.867365
FixedParameters: 0 0 0

#Transform 4
Transform: AffineTransform_float_3_3
Parameters: 0.999999 -0.000937939 0.00159946 0.000928905 0.999986 0.00515084 -0.0016048 -0.00514915 0.999986 -0.0812948 -0.176865 0.828868
FixedParameters: 0 0 0

#Transform 5
Transform: AffineTransform_float_3_3
Parameters: 0.999997 -0.00111284 0.00221883 0.00110087 0.999986 0.0052706 -0.00222475 -0.0052684 0.999984 -0.0760767 -0.175965 0.823154
FixedParameters: 0 0 0

#Transform 6
Transform: AffineTransform_float_3_3
Parameters: 1 0.000538091 -6.27613e-05 -0.000537731 0.999985 0.00549203 6.55263e-05 -0.00549196 0.999985 -0.0725848 -0.147197 0.672234
FixedParameters: 0 0 0

#Transform 7
Transform: AffineTransform_float_3_3
Parameters: 0.999977 0.00334527 -0.00593977 -0.00331317 0.999979 0.00555299 0.00595813 -0.00553301 0.999966 -0.0280532 -0.155243 0.231553
FixedParameters: 0 0 0

#Transform 8
Transform: AffineTransform_float_3_3
Parameters: 0.999994 0.00254422 -0.00259261 -0.00253048 0.999982 0.00523456 0.00260663 -0.00522842 0.999983 -0.0722874 -0.184297 0.260048
FixedParameters: 0 0 0

#Transform 9
Transform: AffineTransform_float_3_3
Parameters: 0.999998 0.00112247 -0.00115962 -0.00111535 0.999983 0.00566809 0.00116629 -0.0056669 0.999983 -0.0556734 -0.206923 0.452892
FixedParameters: 0 0 0

#Transform 10
Transform: AffineTransform_float_3_3
Parameters: 0.999999 0.000809354 -0.000940353 -0.000805096 0.99999 0.00433355 0.000943642 -0.00433344 0.99999 -0.0459287 -0.150242 0.377202
FixedParameters: 0 0 0

#Transform 11
Transform: AffineTransform_float_3_3
Parameters: 0.999999 0.000435954 -0.00078054 -0.000432851 0.999991 0.00422034 0.000781408 -0.00421966 0.999991 -0.0499176 -0.167039 0.358493
FixedParameters: 0 0 0

#Transform 12
Transform: AffineTransform_float_3_3
Parameters: 1 -0.000132428 0.00014135 0.000132299 0.999987 0.00513302 -0.000142218 -0.00513298 0.999987 -0.0775943 -0.0179866 0.183743
FixedParameters: 0 0 0

#Transform 13
Transform: AffineTransform_float_3_3
Parameters: 1 -0.000608666 0.000347785 0.000606541 0.999988 0.00483521 -0.000350935 -0.00483479 0.999989 -0.0451938 -0.29608 0.308871
FixedParameters: 0 0 0

#Transform 14
Transform: AffineTransform_float_3_3
Parameters: 1 -8.69878e-05 -3.18453e-05 8.72564e-05 0.999991 0.004267 3.11018e-05 -0.004267 0.999991 -0.041087 -0.167662 0.414758
FixedParameters: 0 0 0

#Transform 15
Transform: AffineTransform_float_3_3
Parameters: 1 -0.000124441 0.000158759 0.000123987 0.999991 0.00427102 -0.000160238 -0.00427098 0.999991 -0.0495562 -0.155635 0.396578
FixedParameters: 0 0 0

#Transform 16
Transform: AffineTransform_float_3_3
Parameters: 1 -0.000329127 0.000247387 0.000328677 0.99999 0.00442008 -0.000248896 -0.00441992 0.99999 -0.0419058 -0.179128 0.33549
FixedParameters: 0 0 0

#Transform 17
Transform: AffineTransform_float_3_3
Parameters: 1 -0.000376466 1.54327e-05 0.000376763 0.999993 0.00370501 -1.7315e-05 -0.00370499 0.999993 -0.0251087 -0.143509 0.363217
FixedParameters: 0 0 0

#Transform 18
Transform: AffineTransform_float_3_3
Parameters: 0.999999 -0.000621418 0.00125698 0.000615868 0.999991 0.00431295 -0.00126036 -0.00431205 0.99999 -0.0680192 -0.152017 0.425118
FixedParameters: 0 0 0

#Transform 19
Transform: AffineTransform_float_3_3
Parameters: 1 -0.000631884 0.000864805 0.000627284 0.999989 0.00466854 -0.000867885 -0.00466745 0.999988 -0.048176 -0.201834 0.448018
FixedParameters: 0 0 0

#Transform 20
Transform: AffineTransform_float_3_3
Parameters: 1 0.000573456 -0.00015036 -0.000573344 0.999998 0.00175471 0.000151465 -0.00175529 0.999998 0.00302303 0.0638757 0.141627
FixedParameters: 0 0 0

#Transform 21
Transform: AffineTransform_float_3_3
Parameters: 1 -0.000296585 -0.000205821 0.000297243 0.999987 0.00501232 0.000204589 -0.00501168 0.999988 -0.00772091 -0.154491 0.80633
FixedParameters: 0 0 0

#Transform 22
Transform: AffineTransform_float_3_3
Parameters: 1 -0.000963276 -0.000385443 0.000965415 0.999978 0.00655746 0.000378519 -0.00655755 0.999978 0.00861037 -0.177494 0.79709
FixedParameters: 0 0 0

#Transform 23
Transform: AffineTransform_float_3_3
Parameters: 1 -0.000653043 0.000176657 0.000651751 0.999967 0.00807612 -0.000181325 -0.00807589 0.999968 -0.0276734 -0.166435 0.728304
FixedParameters: 0 0 0

#Transform 24
Transform: AffineTransform_float_3_3
Parameters: 1 0.000212148 -0.000381595 -0.000208753 0.999964 0.00845226 0.000383263 -0.00845275 0.999965 -0.048519 -0.169986 0.660043
FixedParameters: 0 0 0

#Transform 25
Transform: AffineTransform_float_3_3
Parameters: 0.999999 3.69234e-05 -0.0007379 -3.03849e-05 0.99996 0.00897102 0.000738285 -0.00897097 0.999959 -0.0272281 -0.192538 0.652646
FixedParameters: 0 0 0

#Transform 26
Transform: AffineTransform_float_3_3
Parameters: 1 -0.000167764 -0.000673404 0.000173682 0.999961 0.00876126 0.000672012 -0.00876074 0.999962 -0.0301782 -0.199486 0.663381
FixedParameters: 0 0 0

#Transform 27
Transform: AffineTransform_float_3_3
Parameters: 1 0.000108821 -0.000392081 -0.000105577 0.999963 0.00866405 0.000393375 -0.00866397 0.999963 -0.0494318 -0.19096 0.654394
FixedParameters: 0 0 0

#Transform 28
Transform: AffineTransform_float_3_3
Parameters: 0.999999 0.000165375 -0.000822973 -0.000157642 0.99996 0.00901514 0.000824758 -0.00901487 0.999959 -0.0460578 -0.195707 0.64478
FixedParameters: 0 0 0

#Transform 29
Transform: AffineTransform_float_3_3
Parameters: 1 1.09412e-05 -0.00111136 -1.47342e-06 0.999966 0.00828238 0.00111117 -0.00828161 0.999965 -0.0191723 -0.182824 0.64289
FixedParameters: 0 0 0

#Transform 30
Transform: AffineTransform_float_3_3
Parameters: 0.999999 -0.000436821 -0.000770607 0.000443352 0.999967 0.00810966 0.000767302 -0.00811034 0.999967 -0.0301733 -0.184755 0.63047
FixedParameters: 0 0 0

#Transform 31
Transform: AffineTransform_float_3_3
Parameters: 0.999999 -0.000425072 -0.000758317 0.000431734 0.99997 0.00772767 0.000755112 -0.00772832 0.99997 -0.0303203 -0.179176 0.627103
FixedParameters: 0 0 0

#Transform 32
Transform: AffineTransform_float_3_3
Parameters: 0.999999 2.35508e-05 -0.000814536 -1.7419e-05 0.999969 0.00787901 0.000814641 -0.00787898 0.999968 -0.000713624 -0.19955 0.603736
FixedParameters: 0 0 0

#Transform 33
Transform: AffineTransform_float_3_3
Parameters: 0.999999 -6.56261e-05 -0.000920202 7.26924e-05 0.999968 0.00797994 0.000919298 -0.00798006 0.999967 -0.00418049 -0.176004 0.561405
FixedParameters: 0 0 0

#Transform 34
Transform: AffineTransform_float_3_3
Parameters: 0.999999 0.000161621 -0.00129682 -0.000151053 0.999969 0.00784237 0.00129716 -0.00784262 0.999968 0.0236699 -0.185547 0.631807
FixedParameters: 0 0 0

#Transform 35
Transform: AffineTransform_float_3_3
Parameters: 1 -7.50983e-05 -0.000587065 7.95329e-05 0.999974 0.00722995 0.00058671 -0.00723004 0.999973 0.00623372 -0.175877 0.588254
FixedParameters: 0 0 0

#Transform 36
Transform: AffineTransform_float_3_3
Parameters: 1 -0.000113706 -0.000672755 0.000119057 0.999973 0.0073081 0.000670909 -0.00730891 0.999974 0.00429427 -0.195491 0.683726
FixedParameters: 0 0 0

#Transform 37
Transform: AffineTransform_float_3_3
Parameters: 1 -7.47284e-05 -0.000587112 7.99025e-05 0.999969 0.00785995 0.00058666 -0.00786005 0.999969 0.00614836 -0.184571 0.717913
FixedParameters: 0 0 0

#Transform 38
Transform: AffineTransform_float_3_3
Parameters: 1 -0.000442752 -0.000354344 0.000445287 0.999972 0.00755985 0.000351119 -0.00756016 0.999972 -0.00474618 -0.156758 0.712244
FixedParameters: 0 0 0

#Transform 39
Transform: AffineTransform_float_3_3
Parameters: 1 -0.000517029 -0.00038779 0.000519623 0.999971 0.00761562 0.00038471 -0.00761537 0.99997 -0.00429279 -0.151369 0.795709
FixedParameters: 0 0 0

#Transform 40
Transform: AffineTransform_float_3_3
Parameters: 1 -0.000516802 -0.000388092 0.000519848 0.999966 0.0082008 0.000384406 -0.0082012 0.999967 -0.00928213 -0.173736 0.80083
FixedParameters: 0 0 0

#Transform 41
Transform: AffineTransform_float_3_3
Parameters: 1 -0.000516893 -0.000387972 0.000519759 0.999969 0.00796763 0.000384527 -0.00796738 0.999968 -0.012411 -0.155911 0.805102
FixedParameters: 0 0 0

#Transform 42
Transform: AffineTransform_float_3_3
Parameters: 1 -0.000603003 -7.48615e-05 0.000603973 0.99997 0.00770096 7.00362e-05 -0.00770105 0.999971 -0.0246963 -0.128498 0.794
FixedParameters: 0 0 0

#Transform 43
Transform: AffineTransform_float_3_3
Parameters: 1 -0.000554073 -3.413e-05 0.000554395 0.999974 0.00721598 3.06009e-05 -0.00721602 0.999974 -0.0242663 -0.123099 0.716922
FixedParameters: 0 0 0

#Transform 44
Transform: AffineTransform_float_3_3
Parameters: 1 -0.000470002 -0.000134474 0.000471276 0.999976 0.00690694 0.000131533 -0.00690706 0.999976 -0.0176541 -0.138508 0.675093
FixedParameters: 0 0 0

#Transform 45
Transform: AffineTransform_float_3_3
Parameters: 1 -0.000593292 -0.000174282 0.000594216 0.999976 0.00695872 0.000169998 -0.00695827 0.999975 -0.0287085 -0.146605 0.64822
FixedParameters: 0 0 0

#Transform 46
Transform: AffineTransform_float_3_3
Parameters: 0.999999 -0.000718151 0.000195977 0.000717641 0.999984 0.00550614 -0.000200249 -0.00550585 0.999985 -0.0259879 -0.126815 0.432645
FixedParameters: 0 0 0

#Transform 47
Transform: AffineTransform_float_3_3
Parameters: 1 -0.000654053 6.54832e-06 0.000654339 0.999992 0.00394701 -8.56917e-06 -0.003947 0.999992 -0.0118209 -0.0664426 0.377394
FixedParameters: 0 0 0

#Transform 48
Transform: AffineTransform_float_3_3
Parameters: 1 -0.000418077 8.53983e-05 0.000418031 0.999987 0.00508804 -8.78355e-05 -0.00508796 0.999987 -0.0158304 -0.142879 0.506558
FixedParameters: 0 0 0

#Transform 49
Transform: AffineTransform_float_3_3
Parameters: 1 -0.000104629 -0.000499377 0.000108063 0.999986 0.00525895 0.000499095 -0.00525905 0.999986 0.00399901 -0.119229 0.460996
FixedParameters: 0 0 0

#Transform 50
Transform: AffineTransform_float_3_3
Parameters: 1 -0.000234858 -0.000440307 0.000237663 0.999986 0.0052589 0.000438657 -0.0052591 0.999986 0.00989477 -0.119723 0.506615
FixedParameters: 0 0 0

#Transform 51
Transform: AffineTransform_float_3_3
Parameters: 1 -0.00025002 -0.000158865 0.000251109 0.999987 0.00498934 0.000157691 -0.00498866 0.999988 -0.00203236 -0.0933874 0.526831
FixedParameters: 0 0 0

#Transform 52
Transform: AffineTransform_float_3_3
Parameters: 1 -0.00039304 -0.00019629 0.00039428 0.999984 0.00568492 0.000194466 -0.00568507 0.999984 -0.0105848 -0.129713 0.528386
FixedParameters: 0 0 0

#Transform 53
Transform: AffineTransform_float_3_3
Parameters: 1 -0.000288457 -0.000416026 0.000290782 0.999985 0.00557488 0.000414959 -0.00557512 0.999985 -0.00382083 -0.123312 0.486923
FixedParameters: 0 0 0

#Transform 54
Transform: AffineTransform_float_3_3
Parameters: 1 -0.000237796 3.98261e-05 0.000236894 0.999987 0.00508801 -4.0915e-05 -0.00508799 0.999987 -0.0104519 -0.102034 0.485057
FixedParameters: 0 0 0

#Transform 55
Transform: AffineTransform_float_3_3
Parameters: 1 -0.000486357 -0.000452505 0.000489216 0.999986 0.00525878 0.000450445 -0.00525922 0.999986 -0.00500591 -0.125095 0.493595
FixedParameters: 0 0 0

#Transform 56
Transform: AffineTransform_float_3_3
Parameters: 1 -0.000231906 -5.63254e-05 0.000232055 0.999984 0.00574699 5.49854e-05 -0.00574702 0.999984 -0.00241861 -0.132505 0.487674
FixedParameters: 0 0 0

#Transform 57
Transform: AffineTransform_float_3_3
Parameters: 1 -0.000509833 -0.000315642 0.000511357 0.999985 0.00542884 0.000313169 -0.00542916 0.999985 0.00740481 -0.118899 0.553031
FixedParameters: 0 0 0

#Transform 58
Transform: AffineTransform_float_3_3
Parameters: 0.999997 -0.000684679 -0.0022618 0.00069934 0.999979 0.00644337 0.00225733 -0.00644563 0.999976 0.0232156 -0.126444 0.613595
FixedParameters: 0 0 0

#Transform 59
Transform: AffineTransform_float_3_3
Parameters: 0.999998 7.59195e-05 -0.00206473 -6.75057e-05 0.999991 0.00420226 0.00206504 -0.00420174 0.999989 0.0547111 -0.0963852 0.507902
FixedParameters: 0 0 0

#Transform 60
Transform: AffineTransform_float_3_3
Parameters: 0.999999 -0.000158745 -0.000900005 0.000162549 0.99999 0.00436623 0.000899365 -0.00436576 0.99999 0.036389 -0.0729089 0.49278
FixedParameters: 0 0 0

#Transform 61
Transform: AffineTransform_float_3_3
Parameters: 0.999999 -0.000949036 -0.000850509 0.00095287 0.99999 0.00444457 0.000845961 -0.00444543 0.99999 0.0477499 -0.108668 0.508418
FixedParameters: 0 0 0

#Transform 62
Transform: AffineTransform_float_3_3
Parameters: 1 -0.000141839 -0.000554757 0.000151877 0.999844 0.0176401 0.000552846 -0.0176409 0.999845 -0.0150305 -0.286801 0.763503
FixedParameters: 0 0 0

#Transform 63
Transform: AffineTransform_float_3_3
Parameters: 1 -0.000138663 -0.000268761 0.000140076 0.999971 0.00771197 0.000267865 -0.00771204 0.99997 0.00457602 -0.134758 0.731186
FixedParameters: 0 0 0

#Transform 64
Transform: AffineTransform_float_3_3
Parameters: 1 -0.000372134 0.000247642 0.000370319 0.999968 0.0079721 -0.000251253 -0.00797191 0.999968 -0.0231569 -0.122669 0.717235
FixedParameters: 0 0 0

#Transform 65
Transform: AffineTransform_float_3_3
Parameters: 1 -0.000183737 0.000393875 0.00018069 0.999961 0.00889908 -0.000395646 -0.00889893 0.999961 -0.0262432 -0.170123 0.741698
FixedParameters: 0 0 0

#Transform 66
Transform: AffineTransform_float_3_3
Parameters: 1 -5.36733e-05 -0.000307005 5.60893e-05 0.999965 0.00836898 0.00030734 -0.00836902 0.999965 -0.00407292 -0.143547 0.774032
FixedParameters: 0 0 0

#Transform 67
Transform: AffineTransform_float_3_3
Parameters: 1 -9.10749e-05 -0.000290182 9.40877e-05 0.999966 0.00833198 0.000289475 -0.00833203 0.999965 0.000943388 -0.141564 0.757135
FixedParameters: 0 0 0

#Transform 68
Transform: AffineTransform_float_3_3
Parameters: 0.999984 -0.00561317 0.000944286 0.00560671 0.999962 0.00667069 -0.000981309 -0.00666531 0.999977 0.0304846 0.0284295 0.653642
FixedParameters: 0 0 0

#Transform 69
Transform: AffineTransform_float_3_3
Parameters: 0.999985 -0.0048729 0.00278133 0.00487123 0.999988 0.000608008 -0.00278356 -0.000594996 0.999996 -0.0135868 -0.00540835 0.560168
FixedParameters: 0 0 0

#Transform 70
Transform: AffineTransform_float_3_3
Parameters: 0.999994 -0.00223382 0.00242068 0.00222281 0.999987 0.00468859 -0.00243044 -0.00468342 0.999986 -0.0353617 -0.0623162 0.526444
FixedParameters: 0 0 0

#Transform 71
Transform: AffineTransform_float_3_3
Parameters: 0.999997 -0.00206163 0.00173025 0.00205165 0.999982 0.00560678 -0.00174226 -0.00560322 0.999983 -0.0183238 -0.0931886 0.650255
FixedParameters: 0 0 0

#Transform 72
Transform: AffineTransform_float_3_3
Parameters: 0.999996 -0.00212732 0.00176135 0.00211818 0.999984 0.00515358 -0.00177308 -0.00515042 0.999985 -0.0363367 -0.116865 0.709564
FixedParameters: 0 0 0

#Transform 73
Transform: AffineTransform_float_3_3
Parameters: 0.999996 -0.0022007 0.00180545 0.00219131 0.999984 0.00521019 -0.00181728 -0.00520581 0.999985 -0.0208756 -0.115366 0.66197
FixedParameters: 0 0 0

#Transform 74
Transform: AffineTransform_float_3_3
Parameters: 0.999994 -0.00131174 0.00297879 0.00129648 0.999985 0.00529938 -0.00298581 -0.00529562 0.999981 0.0158184 0.152812 0.664743
FixedParameters: 0 0 0

#Transform 75
Transform: AffineTransform_float_3_3
Parameters: 0.999984 -0.00455182 0.00313392 0.00455505 0.999989 -0.00112018 -0.0031296 0.00113482 0.999994 -0.0703542 -0.139264 0.939752
FixedParameters: 0 0 0

#Transform 76
Transform: AffineTransform_float_3_3
Parameters: 0.999896 -0.00843083 -0.0117526 0.00862727 0.999822 0.0167738 0.0116099 -0.0168742 0.999791 0.170378 -0.2555 0.93797
FixedParameters: 0 0 0

#Transform 77
Transform: AffineTransform_float_3_3
Parameters: 0.999988 -0.00345227 -0.00365387 0.00348108 0.999962 0.00807178 0.00362597 -0.00808422 0.999961 0.0696893 -0.0788853 0.734397
FixedParameters: 0 0 0

#Transform 78
Transform: AffineTransform_float_3_3
Parameters: 0.999981 -0.00385968 -0.00479842 0.00390369 0.999949 0.00930332 0.00476225 -0.00932167 0.999945 0.0206895 -0.124628 0.413208
FixedParameters: 0 0 0

#Transform 79
Transform: AffineTransform_float_3_3
Parameters: 0.999987 -0.00200331 -0.00483186 0.00206429 0.999918 0.0126293 0.00480623 -0.0126397 0.999908 0.0246537 -0.264308 0.200702
FixedParameters: 0 0 0

#Transform 80
Transform: AffineTransform_float_3_3
Parameters: 0.999992 -0.00275108 -0.00308548 0.00278257 0.999943 0.0103713 0.0030561 -0.0103797 0.999942 0.0137096 -0.210694 0.318751
FixedParameters: 0 0 0

#Transform 81
Transform: AffineTransform_float_3_3
Parameters: 0.999994 -0.002664 -0.00227164 0.00268676 0.999946 0.0100846 0.00224466 -0.0100904 0.999947 0.00161026 -0.194732 0.314186
FixedParameters: 0 0 0

#Transform 82
Transform: AffineTransform_float_3_3
Parameters: 0.999995 -0.00270695 -0.00202338 0.00272478 0.999958 0.00884781 0.00199889 -0.0088532 0.999959 0.00141085 -0.180846 0.339829
FixedParameters: 0 0 0

#Transform 83
Transform: AffineTransform_float_3_3
Parameters: 0.999995 -0.00277514 -0.00160904 0.00278962 0.999957 0.00884845 0.00158485 -0.00885256 0.99996 0.00561743 -0.177267 0.307986
FixedParameters: 0 0 0

#Transform 84
Transform: AffineTransform_float_3_3
Parameters: 0.999995 -0.00281806 -0.000779429 0.00282444 0.999958 0.00877858 0.000755163 -0.00878042 0.999961 -0.00955489 -0.17612 0.294677
FixedParameters: 0 0 0

#Transform 85
Transform: AffineTransform_float_3_3
Parameters: 0.999997 -0.00257694 -0.000886304 0.00258419 0.999964 0.00810222 0.000865284 -0.00810479 0.999967 -0.00470964 -0.174091 0.325371
FixedParameters: 0 0 0

#Transform 86
Transform: AffineTransform_float_3_3
Parameters: 0.999997 -0.00252637 -0.000910029 0.00253434 0.99996 0.00855702 0.000888849 -0.00855897 0.999962 -0.00894001 -0.183049 0.329106
FixedParameters: 0 0 0

#Transform 87
Transform: AffineTransform_float_3_3
Parameters: 0.999996 -0.00276545 -0.000636896 0.00277042 0.99996 0.00852519 0.000613226 -0.00852681 0.999964 -0.010787 -0.17169 0.31654
FixedParameters: 0 0 0

#Transform 88
Transform: AffineTransform_float_3_3
Parameters: 0.999995 -0.00309037 -0.000582094 0.00309575 0.999958 0.00862961 0.000554959 -0.00863139 0.999963 -0.0145333 -0.173723 0.355856
FixedParameters: 0 0 0

#Transform 89
Transform: AffineTransform_float_3_3
Parameters: 0.999995 -0.00311825 -0.000644115 0.00312379 0.999958 0.0086294 0.000616915 -0.0086316 0.999963 -0.00485616 -0.147963 0.377398
FixedParameters: 0 0 0

#Transform 90
Transform: AffineTransform_float_3_3
Parameters: 0.999994 -0.00287731 0.00180705 0.00286416 0.999971 0.00701567 -0.00182767 -0.00701033 0.999974 -0.0386545 -0.121529 0.691997
FixedParameters: 0 0 0

#Transform 91
Transform: AffineTransform_float_3_3
Parameters: 0.999996 -0.00275938 0.00057254 0.0027557 0.999978 0.00614874 -0.000589331 -0.00614727 0.999981 0.00252358 -0.134735 0.804304
FixedParameters: 0 0 0

#Transform 92
Transform: AffineTransform_float_3_3
Parameters: 0.999996 -0.002612 -1.72668e-05 0.00261216 0.999986 0.00471069 4.74111e-06 -0.00471031 0.999989 0.0217185 -0.0664096 0.670604
FixedParameters: 0 0 0

#Transform 93
Transform: AffineTransform_float_3_3
Parameters: 0.999996 -0.00260125 6.23356e-06 0.00260118 0.999985 0.00477675 -1.90002e-05 -0.00477625 0.999988 0.0161968 -0.117795 0.526189
FixedParameters: 0 0 0

#Transform 94
Transform: AffineTransform_float_3_3
Parameters: 0.999995 -0.00282323 0.000979247 0.00282008 0.999991 0.00305508 -0.000987884 -0.00305192 0.999995 0.00837117 -0.0729916 0.29256
FixedParameters: 0 0 0

#Transform 95
Transform: AffineTransform_float_3_3
Parameters: 0.999996 -0.00265626 0.00102738 0.0026541 0.999993 0.00266922 -0.00103428 -0.00266678 0.999997 0.00324343 -0.059833 0.353109
FixedParameters: 0 0 0

#Transform 96
Transform: AffineTransform_float_3_3
Parameters: 0.999996 -0.00291261 0.000781913 0.00290949 0.999987 0.00427422 -0.000794148 -0.00427278 0.999991 0.023148 -0.147619 0.636865
FixedParameters: 0 0 0

#Transform 97
Transform: AffineTransform_float_3_3
Parameters: 0.999997 -0.00218522 0.000201281 0.00218414 0.999985 0.0049579 -0.000211278 -0.0049571 0.999988 0.0564113 -0.0945524 0.526001
FixedParameters: 0 0 0

#Transform 98
Transform: AffineTransform_float_3_3
Parameters: 0.999996 -0.00278114 0.000674005 0.00277757 0.999984 0.0049152 -0.000687351 -0.0049138 0.999988 0.0297689 -0.10043 0.657261
FixedParameters: 0 0 0

#Transform 99
Transform: AffineTransform_float_3_3
Parameters: 0.999997 -0.00237722 -0.000302332 0.00237908 0.999987 0.00443657 0.000291494 -0.00443744 0.999991 0.0709402 -0.0852896 0.497017
FixedParameters: 0 0 0

#Transform 100
Transform: AffineTransform_float_3_3
Parameters: 0.999997 -0.00236163 0.000360476 0.00236183 0.999998 -0.000282638 -0.000359139 0.000283361 1 0.0616978 0.0207686 0.126882
FixedParameters: 0 0 0

#Transform 101
Transform: AffineTransform_float_3_3
Parameters: 0.999989 -0.00420069 0.00178081 0.00419362 0.999984 0.00382916 -0.00179615 -0.00382185 0.999991 0.0275995 0.01283 0.378455
FixedParameters: 0 0 0

#Transform 102
Transform: AffineTransform_float_3_3
Parameters: 0.999995 -0.00273792 0.00120716 0.00273369 0.99999 0.0034678 -0.00121704 -0.0034642 0.999993 0.0254777 -0.0699242 0.62453
FixedParameters: 0 0 0

#Transform 103
Transform: AffineTransform_float_3_3
Parameters: 0.999981 -0.00481631 0.00385001 0.00480449 0.999984 0.00298705 -0.00386397 -0.00296795 0.999988 0.0229762 -0.00766496 0.338889
FixedParameters: 0 0 0

#Transform 104
Transform: AffineTransform_float_3_3
Parameters: 0.999987 -0.00445125 0.00270509 0.00443713 0.999975 0.00550346 -0.00272928 -0.00549254 0.999981 0.0252333 -0.00247145 0.470934
FixedParameters: 0 0 0

#Transform 105
Transform: AffineTransform_float_3_3
Parameters: 0.999975 -0.00487298 0.00512282 0.00483459 0.99996 0.00750427 -0.0051594 -0.00747974 0.999959 -0.114092 -0.14867 0.870503
FixedParameters: 0 0 0

#Transform 106
Transform: AffineTransform_float_3_3
Parameters: 0.999977 -0.00450742 0.00507857 0.00447743 0.999973 0.00590177 -0.00510457 -0.00587923 0.99997 -0.0844241 -0.0809605 0.832646
FixedParameters: 0 0 0

#Transform 107
Transform: AffineTransform_float_3_3
Parameters: 0.999978 -0.0041955 0.00511636 0.0041649 0.999973 0.00605409 -0.0051417 -0.0060329 0.999968 -0.0944582 -0.0800082 0.767652
FixedParameters: 0 0 0

#Transform 108
Transform: AffineTransform_float_3_3
Parameters: 0.999978 -0.00435895 0.00501253 0.00433071 0.999974 0.00572211 -0.00503705 -0.0057009 0.999971 -0.0801966 -0.0692089 0.74412
FixedParameters: 0 0 0

#Transform 109
Transform: AffineTransform_float_3_3
Parameters: 0.999975 -0.00467162 0.00516429 0.00464931 0.999979 0.00443919 -0.00518555 -0.00441481 0.999977 -0.088494 0.0102336 0.903175
FixedParameters: 0 0 0

#Transform 110
Transform: AffineTransform_float_3_3
Parameters: 0.999971 -0.00506237 0.00580015 0.00500605 0.99994 0.00970612 -0.00584891 -0.00967687 0.999936 -0.134268 -0.115954 1.53797
FixedParameters: 0 0 0

#Transform 111
Transform: AffineTransform_float_3_3
Parameters: 0.999975 -0.00408811 0.00575061 0.00403916 0.999956 0.00850135 -0.00578491 -0.00847866 0.999947 -0.109703 -0.00587494 1.17528
FixedParameters: 0 0 0

#Transform 112
Transform: AffineTransform_float_3_3
Parameters: 0.999973 -0.00454975 0.00580973 0.00449793 0.999951 0.00887314 -0.00584974 -0.00884686 0.999944 -0.110572 -0.0727705 1.30965
FixedParameters: 0 0 0

#Transform 113
Transform: AffineTransform_float_3_3
Parameters: 0.999971 -0.00471946 0.00605521 0.00466336 0.999946 0.00926242 -0.00609854 -0.00923458 0.999939 -0.141019 -0.0871612 1.30611
FixedParameters: 0 0 0

#Transform 114
Transform: AffineTransform_float_3_3
Parameters: 0.999972 -0.00472266 0.00592263 0.0046663 0.999944 0.00944946 -0.00596645 -0.00942152 0.999937 -0.126204 -0.0898112 1.30579
FixedParameters: 0 0 0

#Transform 115
Transform: AffineTransform_float_3_3
Parameters: 0.999968 -0.0045961 0.00652492 0.00453712 0.99995 0.00896553 -0.00656629 -0.00893547 0.999938 -0.139482 -0.0897167 1.32792
FixedParameters: 0 0 0

#Transform 116
Transform: AffineTransform_float_3_3
Parameters: 0.999974 -0.00417878 0.0059591 0.00412198 0.999945 0.0096289 -0.00599855 -0.00960411 0.999936 -0.106451 -0.094319 1.30957
FixedParameters: 0 0 0

#Transform 117
Transform: AffineTransform_float_3_3
Parameters: 0.999972 -0.00461247 0.00586538 0.00455835 0.999948 0.00916794 -0.00590687 -0.00914107 0.999941 -0.107716 -0.0844516 1.31842
FixedParameters: 0 0 0

#Transform 118
Transform: AffineTransform_float_3_3
Parameters: 0.999972 -0.00473764 0.00588843 0.00468265 0.999945 0.0093514 -0.00593253 -0.00932359 0.999939 -0.109155 -0.107867 1.2975
FixedParameters: 0 0 0

#Transform 119
Transform: AffineTransform_float_3_3
Parameters: 0.99997 -0.0046953 0.00627176 0.00464023 0.99995 0.00890384 -0.00631263 -0.00887417 0.999941 -0.128561 -0.0861173 1.35974
FixedParameters: 0 0 0
