# transform file /out/sourcedata/freesurfer/sub-v1s18x0051219_ses-1/mri/transforms/cc_up.lta
# created by oesteban on Mon Mar  9 05:20:50 2026

type      = 0 # LINEAR_VOX_TO_VOX
nxforms   = 1
mean      = 126.0000 151.0000 125.0000
sigma     = 10000.0000
1 4 4
9.949707984924316e-01 7.646618038415909e-02 6.469938158988953e-02 -1.940219688415527e+01 
-7.630503177642822e-02 9.970721602439880e-01 -4.961842205375433e-03 3.984647512435913e+00 
-6.488936394453049e-02 -4.656612873077393e-10 9.978924393653870e-01 2.677283668518066e+01 
0.000000000000000e+00 0.000000000000000e+00 0.000000000000000e+00 1.000000000000000e+00 
src volume info
valid = 1  # volume info valid
filename = /out/sourcedata/freesurfer/sub-v1s18x0051219_ses-1/mri/norm.mgz
volume = 256 256 256
voxelsize = 1.000000000000000e+00 1.000000000000000e+00 1.000000000000000e+00
xras   = -1.000000119209290e+00 0.000000000000000e+00 0.000000000000000e+00
yras   = 0.000000000000000e+00 0.000000000000000e+00 -1.000000000000000e+00
zras   = 0.000000000000000e+00 1.000000000000000e+00 0.000000000000000e+00
cras   = 4.928581237792969e+00 7.592407226562500e+00 -2.026641845703125e+00
dst volume info
valid = 1  # volume info valid
filename = /out/sourcedata/freesurfer/sub-v1s18x0051219_ses-1/mri/norm.mgz
volume = 256 256 256
voxelsize = 1.000000000000000e+00 1.000000000000000e+00 1.000000000000000e+00
xras   = -1.000000119209290e+00 0.000000000000000e+00 0.000000000000000e+00
yras   = 0.000000000000000e+00 0.000000000000000e+00 -1.000000000000000e+00
zras   = 0.000000000000000e+00 1.000000000000000e+00 0.000000000000000e+00
cras   = 4.928581237792969e+00 7.592407226562500e+00 -2.026641845703125e+00
