# transform file /out/sourcedata/freesurfer/sub-v1s18x0051272_ses-1/mri/transforms/cc_up.lta
# created by oesteban on Mon Mar  9 08:50:31 2026

type      = 0 # LINEAR_VOX_TO_VOX
nxforms   = 1
mean      = 129.0000 110.0000 115.0000
sigma     = 10000.0000
1 4 4
9.995209574699402e-01 1.097338739782572e-02 -2.893792465329170e-02 1.236554384231567e-01 
-1.096879132091999e-02 9.999397397041321e-01 3.175661549903452e-04 4.038697814941406e+01 
2.893966808915138e-02 2.910383045673370e-11 9.995810985565186e-01 1.931075859069824e+01 
0.000000000000000e+00 0.000000000000000e+00 0.000000000000000e+00 1.000000000000000e+00 
src volume info
valid = 1  # volume info valid
filename = /out/sourcedata/freesurfer/sub-v1s18x0051272_ses-1/mri/norm.mgz
volume = 256 256 256
voxelsize = 1.000000000000000e+00 1.000000000000000e+00 1.000000000000000e+00
xras   = -1.000000000000000e+00 0.000000000000000e+00 0.000000000000000e+00
yras   = 0.000000000000000e+00 0.000000000000000e+00 -1.000000000000000e+00
zras   = 0.000000000000000e+00 1.000000000000000e+00 0.000000000000000e+00
cras   = 3.021156311035156e+00 1.128524780273438e+01 2.210647583007812e+00
dst volume info
valid = 1  # volume info valid
filename = /out/sourcedata/freesurfer/sub-v1s18x0051272_ses-1/mri/norm.mgz
volume = 256 256 256
voxelsize = 1.000000000000000e+00 1.000000000000000e+00 1.000000000000000e+00
xras   = -1.000000000000000e+00 0.000000000000000e+00 0.000000000000000e+00
yras   = 0.000000000000000e+00 0.000000000000000e+00 -1.000000000000000e+00
zras   = 0.000000000000000e+00 1.000000000000000e+00 0.000000000000000e+00
cras   = 3.021156311035156e+00 1.128524780273438e+01 2.210647583007812e+00
