# transform file /out/sourcedata/freesurfer/sub-v1s18x0051220_ses-1/mri/transforms/cc_up.lta
# created by oesteban on Mon Mar  9 05:45:14 2026

type      = 0 # LINEAR_VOX_TO_VOX
nxforms   = 1
mean      = 142.0000 112.0000 126.0000
sigma     = 10000.0000
1 4 4
9.888142347335815e-01 7.971253246068954e-02 -1.260640770196915e-01 -6.812369346618652e+00 
-7.907250523567200e-02 9.968178272247314e-01 1.008096616715193e-02 4.347727584838867e+01 
1.264664977788925e-01 -9.313224635931761e-10 9.919707775115967e-01 -1.126106929779053e+01 
0.000000000000000e+00 0.000000000000000e+00 0.000000000000000e+00 1.000000000000000e+00 
src volume info
valid = 1  # volume info valid
filename = /out/sourcedata/freesurfer/sub-v1s18x0051220_ses-1/mri/norm.mgz
volume = 256 256 256
voxelsize = 1.000000000000000e+00 1.000000000000000e+00 1.000000000000000e+00
xras   = -1.000000000000000e+00 0.000000000000000e+00 0.000000000000000e+00
yras   = 0.000000000000000e+00 0.000000000000000e+00 -1.000000000000000e+00
zras   = 0.000000000000000e+00 1.000000000000000e+00 0.000000000000000e+00
cras   = 4.837135314941406e+00 1.370655822753906e+01 1.915980529785156e+01
dst volume info
valid = 1  # volume info valid
filename = /out/sourcedata/freesurfer/sub-v1s18x0051220_ses-1/mri/norm.mgz
volume = 256 256 256
voxelsize = 1.000000000000000e+00 1.000000000000000e+00 1.000000000000000e+00
xras   = -1.000000000000000e+00 0.000000000000000e+00 0.000000000000000e+00
yras   = 0.000000000000000e+00 0.000000000000000e+00 -1.000000000000000e+00
zras   = 0.000000000000000e+00 1.000000000000000e+00 0.000000000000000e+00
cras   = 4.837135314941406e+00 1.370655822753906e+01 1.915980529785156e+01
