# transform file transforms/talairach.lta
# created by oesteban on Mon Mar  9 04:38:01 2026

type      = 0 # LINEAR_VOX_TO_VOX
nxforms   = 1
mean      = 141.0000 112.0000 127.0000
sigma     = 10000.0000
1 4 4
1.053583621978760e+00 4.977665096521378e-02 -1.527842134237289e-01 -1.153098869323730e+01 
-9.872239828109741e-02 1.191271901130676e+00 -1.390126794576645e-01 1.556553363800049e+01 
1.013744696974754e-01 1.707533597946167e-01 1.005317687988281e+00 -4.942998123168945e+01 
0.000000000000000e+00 0.000000000000000e+00 0.000000000000000e+00 1.000000000000000e+00 
src volume info
valid = 1  # volume info valid
filename = nu.mgz
volume = 256 256 256
voxelsize = 1.000000000000000e+00 1.000000000000000e+00 1.000000000000000e+00
xras   = -1.000000000000000e+00 0.000000000000000e+00 0.000000000000000e+00
yras   = 0.000000000000000e+00 0.000000000000000e+00 -1.000000000000000e+00
zras   = 0.000000000000000e+00 1.000000000000000e+00 0.000000000000000e+00
cras   = 4.837135314941406e+00 1.370655822753906e+01 1.915980529785156e+01
dst volume info
valid = 1  # volume info valid
filename = /opt/freesurfer/average/RB_all_2020-01-02.gca
volume = 256 256 256
voxelsize = 1.000000000000000e+00 1.000000000000000e+00 1.000000000000000e+00
xras   = -1.000000000000000e+00 0.000000000000000e+00 0.000000000000000e+00
yras   = 0.000000000000000e+00 0.000000000000000e+00 -1.000000000000000e+00
zras   = 0.000000000000000e+00 1.000000000000000e+00 0.000000000000000e+00
cras   = 0.000000000000000e+00 0.000000000000000e+00 0.000000000000000e+00
