# transform file /out/sourcedata/freesurfer/sub-v1s18x0051281_ses-1/mri/transforms/cc_up.lta
# created by oesteban on Thu Mar 12 13:27:27 2026

type      = 0 # LINEAR_VOX_TO_VOX
nxforms   = 1
mean      = 126.0000 114.0000 130.0000
sigma     = 10000.0000
1 4 4
9.836560487747192e-01 -1.858673803508282e-02 1.790954321622849e-01 -1.664801406860352e+01 
1.828611642122269e-02 9.998272061347961e-01 3.329374594613910e-03 2.529372215270996e+01 
-1.791263818740845e-01 2.328306158982940e-10 9.838259816169739e-01 2.660784149169922e+01 
0.000000000000000e+00 0.000000000000000e+00 0.000000000000000e+00 1.000000000000000e+00 
src volume info
valid = 1  # volume info valid
filename = /out/sourcedata/freesurfer/sub-v1s18x0051281_ses-1/mri/norm.mgz
volume = 256 256 256
voxelsize = 1.000000000000000e+00 1.000000000000000e+00 1.000000000000000e+00
xras   = -1.000000000000000e+00 0.000000000000000e+00 0.000000000000000e+00
yras   = 0.000000000000000e+00 0.000000000000000e+00 -1.000000000000000e+00
zras   = 0.000000000000000e+00 1.000000000000000e+00 0.000000000000000e+00
cras   = 4.883575439453125e+00 1.600036621093750e+00 -2.324242401123047e+01
dst volume info
valid = 1  # volume info valid
filename = /out/sourcedata/freesurfer/sub-v1s18x0051281_ses-1/mri/norm.mgz
volume = 256 256 256
voxelsize = 1.000000000000000e+00 1.000000000000000e+00 1.000000000000000e+00
xras   = -1.000000000000000e+00 0.000000000000000e+00 0.000000000000000e+00
yras   = 0.000000000000000e+00 0.000000000000000e+00 -1.000000000000000e+00
zras   = 0.000000000000000e+00 1.000000000000000e+00 0.000000000000000e+00
cras   = 4.883575439453125e+00 1.600036621093750e+00 -2.324242401123047e+01
