# transform file /out/sourcedata/freesurfer/sub-v1s18x0051202_ses-1/mri/transforms/cc_up.lta
# created by oesteban on Mon Mar  9 05:10:52 2026

type      = 0 # LINEAR_VOX_TO_VOX
nxforms   = 1
mean      = 126.0000 130.0000 131.0000
sigma     = 10000.0000
1 4 4
9.957798123359680e-01 5.169237963855267e-03 9.162761270999908e-02 -1.196587753295898e+01 
-5.147492047399282e-03 9.999865293502808e-01 -4.736512782983482e-04 1.372199440002441e+01 
-9.162884205579758e-02 0.000000000000000e+00 9.957931041717529e-01 1.027537155151367e+01 
0.000000000000000e+00 0.000000000000000e+00 0.000000000000000e+00 1.000000000000000e+00 
src volume info
valid = 1  # volume info valid
filename = /out/sourcedata/freesurfer/sub-v1s18x0051202_ses-1/mri/norm.mgz
volume = 256 256 256
voxelsize = 1.000000000000000e+00 1.000000000000000e+00 1.000000000000000e+00
xras   = -1.000000000000000e+00 0.000000000000000e+00 0.000000000000000e+00
yras   = 0.000000000000000e+00 0.000000000000000e+00 -1.000000000000000e+00
zras   = 0.000000000000000e+00 1.000000119209290e+00 0.000000000000000e+00
cras   = -1.135421752929688e+00 1.364461517333984e+01 4.661132812500000e+00
dst volume info
valid = 1  # volume info valid
filename = /out/sourcedata/freesurfer/sub-v1s18x0051202_ses-1/mri/norm.mgz
volume = 256 256 256
voxelsize = 1.000000000000000e+00 1.000000000000000e+00 1.000000000000000e+00
xras   = -1.000000000000000e+00 0.000000000000000e+00 0.000000000000000e+00
yras   = 0.000000000000000e+00 0.000000000000000e+00 -1.000000000000000e+00
zras   = 0.000000000000000e+00 1.000000119209290e+00 0.000000000000000e+00
cras   = -1.135421752929688e+00 1.364461517333984e+01 4.661132812500000e+00
