#Insight Transform File V1.0
#Transform 0
Transform: AffineTransform_float_3_3
Parameters: 0.9996 -0.00613122 -0.0276345 0.00701799 0.999459 0.0321206 0.0274232 -0.0323015 0.999103 -0.0135006 -0.46185 0.49651
FixedParameters: 0 0 0

#Transform 1
Transform: AffineTransform_float_3_3
Parameters: 0.999609 -0.00707295 -0.0270629 0.007951 0.999441 0.0324829 0.0268188 -0.0326852 0.999106 0.0410398 -0.447022 0.333227
FixedParameters: 0 0 0

#Transform 2
Transform: AffineTransform_float_3_3
Parameters: 0.999588 -0.00711024 -0.0278021 0.00801924 0.999432 0.0327106 0.0275534 -0.0329196 0.999078 0.0651043 -0.480082 0.300708
FixedParameters: 0 0 0

#Transform 3
Transform: AffineTransform_float_3_3
Parameters: 0.999644 -0.00616197 -0.0259595 0.00686964 0.999605 0.0272517 0.025781 -0.0274201 0.999292 0.124466 -0.779609 0.120673
FixedParameters: 0 0 0

#Transform 4
Transform: AffineTransform_float_3_3
Parameters: 0.999977 0.00672665 -0.000539752 -0.00674636 0.998426 -0.0556693 0.000163945 0.0556718 0.998449 -0.101084 -0.499886 -1.17659
FixedParameters: 0 0 0

#Transform 5
Transform: AffineTransform_float_3_3
Parameters: 0.999957 0.00929746 -0.000289075 -0.0093007 0.998991 -0.0439267 -0.000119909 0.0439269 0.999035 -0.139878 -0.415046 -1.47052
FixedParameters: 0 0 0

#Transform 6
Transform: AffineTransform_float_3_3
Parameters: 0.999964 0.00563187 -0.00635998 -0.00572054 0.999887 -0.0138886 0.00628076 0.0139243 0.999884 -0.0822579 -0.457455 -0.862665
FixedParameters: 0 0 0

#Transform 7
Transform: AffineTransform_float_3_3
Parameters: 0.999952 0.00553213 -0.0080892 -0.00568183 0.999811 -0.0186156 0.00798487 0.0186609 0.999794 -0.00719359 -0.612248 -1.01921
FixedParameters: 0 0 0

#Transform 8
Transform: AffineTransform_float_3_3
Parameters: 0.999931 0.00287887 -0.0114008 -0.00306026 0.999869 -0.0158842 0.0113536 0.0159182 0.999809 -0.0215281 -0.395165 -1.19578
FixedParameters: 0 0 0

#Transform 9
Transform: AffineTransform_float_3_3
Parameters: 0.999845 0.00495946 -0.0168978 -0.00463265 0.999802 0.0193457 0.0169903 -0.0192646 0.99967 -0.216462 -0.631105 -0.292304
FixedParameters: 0 0 0

#Transform 10
Transform: AffineTransform_float_3_3
Parameters: 0.999872 0.00575969 -0.0149207 -0.00582527 0.999973 -0.00436285 0.0148946 0.00444958 0.999879 -0.128903 -0.756168 -1.02313
FixedParameters: 0 0 0

#Transform 11
Transform: AffineTransform_float_3_3
Parameters: 0.999927 0.00563248 -0.0107047 -0.00582033 0.999829 -0.0175449 0.010604 0.0176055 0.999789 -0.0269695 -0.447182 -1.8621
FixedParameters: 0 0 0

#Transform 12
Transform: AffineTransform_float_3_3
Parameters: 0.999792 -0.00628173 -0.0193887 0.00634492 0.999974 0.0031893 0.0193675 -0.00331169 0.999807 0.0814742 -0.0421309 0.112334
FixedParameters: 0 0 0

#Transform 13
Transform: AffineTransform_float_3_3
Parameters: 0.999846 -0.00387276 -0.0171342 0.00423369 0.999768 0.0211295 0.0170481 -0.0211992 0.99963 -0.0372567 -0.539556 0.821789
FixedParameters: 0 0 0

#Transform 14
Transform: AffineTransform_float_3_3
Parameters: 0.999819 -0.004138 -0.0185698 0.0044931 0.999807 0.0191012 0.0184873 -0.0191815 0.999645 0.0403762 -0.214008 1.1759
FixedParameters: 0 0 0

#Transform 15
Transform: AffineTransform_float_3_3
Parameters: 0.999811 -0.00407337 -0.0190551 0.00443826 0.999806 0.0191502 0.0189732 -0.0192307 0.999635 0.0642734 -0.302287 1.04959
FixedParameters: 0 0 0

#Transform 16
Transform: AffineTransform_float_3_3
Parameters: 0.999764 -0.0048278 -0.0211862 0.00520237 0.99983 0.0176552 0.0210979 -0.0177611 0.99962 0.121184 -0.224137 0.919487
FixedParameters: 0 0 0

#Transform 17
Transform: AffineTransform_float_3_3
Parameters: 0.999788 -0.00566335 -0.0198145 0.00613394 0.999699 0.0237711 0.0196741 -0.023887 0.999521 0.129194 -0.318433 1.18013
FixedParameters: 0 0 0

#Transform 18
Transform: AffineTransform_float_3_3
Parameters: 0.999821 -0.000219986 -0.018894 0.000466696 0.999915 0.0130439 0.0188893 -0.0130503 0.999736 -0.111242 -0.200549 1.55109
FixedParameters: 0 0 0

#Transform 19
Transform: AffineTransform_float_3_3
Parameters: 0.999915 0.00414064 -0.01233 -0.00435977 0.999832 -0.0178085 0.012254 0.0178611 0.999765 -0.00780475 -0.0496441 0.0120055
FixedParameters: 0 0 0

#Transform 20
Transform: AffineTransform_float_3_3
Parameters: 0.999998 -0.0013533 -0.00141854 0.00135127 0.999998 -0.00190975 0.00142119 0.00190852 0.999997 0.0642551 0.190224 0.203435
FixedParameters: 0 0 0

#Transform 21
Transform: AffineTransform_float_3_3
Parameters: 0.999999 0.000305409 0.00118005 -0.00030349 0.999999 -0.00137839 -0.00118105 0.0013781 0.999999 -0.046673 -0.445503 -0.255367
FixedParameters: 0 0 0

#Transform 22
Transform: AffineTransform_float_3_3
Parameters: 0.999926 -0.00233041 -0.0119224 0.00248224 0.999916 0.012755 0.0118924 -0.0127836 0.999848 0.0366718 -0.195659 0.769349
FixedParameters: 0 0 0

#Transform 23
Transform: AffineTransform_float_3_3
Parameters: 0.9999 -0.00212585 -0.0139567 0.00240313 0.999799 0.0198931 0.0139115 -0.0199247 0.999705 0.0792628 -0.369078 0.876103
FixedParameters: 0 0 0

#Transform 24
Transform: AffineTransform_float_3_3
Parameters: 0.99989 -0.00216041 -0.0146648 0.00244488 0.999809 0.0194015 0.0146203 -0.0194354 0.999704 0.0959624 -0.422424 0.878109
FixedParameters: 0 0 0

#Transform 25
Transform: AffineTransform_float_3_3
Parameters: 0.999986 0.00268871 -0.00466523 -0.0026969 0.999995 -0.00174573 0.00466074 0.00175825 0.999987 0.079737 -0.834298 -0.514392
FixedParameters: 0 0 0

#Transform 26
Transform: AffineTransform_float_3_3
Parameters: 0.999867 0.0142655 0.0079711 -0.0137048 0.997693 -0.066497 -0.00890084 0.066379 0.997755 0.18942 -0.944514 -2.21699
FixedParameters: 0 0 0

#Transform 27
Transform: AffineTransform_float_3_3
Parameters: 0.999878 0.0154265 0.00254931 -0.0151141 0.995354 -0.095085 -0.00400333 0.0950348 0.995466 0.323575 -0.30635 -1.46807
FixedParameters: 0 0 0

#Transform 28
Transform: AffineTransform_float_3_3
Parameters: 0.999973 0.007357 0.00028039 -0.00732555 0.998086 -0.0614055 -0.000731454 0.0614021 0.998113 0.263649 -0.0867955 -1.27386
FixedParameters: 0 0 0

#Transform 29
Transform: AffineTransform_float_3_3
Parameters: 0.999968 0.00332188 -0.00732843 -0.00343171 0.999879 -0.0151254 0.00727739 0.0151504 0.999859 0.318248 -0.274574 -0.284444
FixedParameters: 0 0 0

#Transform 30
Transform: AffineTransform_float_3_3
Parameters: 0.999994 0.000615267 0.0032172 -0.00050733 0.999435 -0.0336048 -0.00323601 0.0336038 0.99943 0.511418 -0.320832 -0.727153
FixedParameters: 0 0 0

#Transform 31
Transform: AffineTransform_float_3_3
Parameters: 0.998597 0.0347823 0.0399263 -0.0361583 0.998758 0.0343021 -0.0386832 -0.0356976 0.998613 -0.539548 -0.376216 -0.851756
FixedParameters: 0 0 0

#Transform 32
Transform: AffineTransform_float_3_3
Parameters: 0.99978 0.0177665 0.0111713 -0.0181717 0.999138 0.0373152 -0.0104989 -0.0375102 0.999241 -0.275632 -0.973842 0.434174
FixedParameters: 0 0 0

#Transform 33
Transform: AffineTransform_float_3_3
Parameters: 0.999943 0.0100398 0.0037675 -0.0101205 0.999708 0.021946 -0.00354677 -0.0219834 0.999752 -4.3664e-05 -0.573117 -0.106163
FixedParameters: 0 0 0

#Transform 34
Transform: AffineTransform_float_3_3
Parameters: 0.999969 0.00795218 0.000794071 -0.0079663 0.999771 0.019883 -0.000635948 -0.0198887 0.999802 0.110195 -0.411266 -0.0797956
FixedParameters: 0 0 0

#Transform 35
Transform: AffineTransform_float_3_3
Parameters: 0.999972 0.00688532 -0.00295074 -0.0068312 0.999817 0.0178542 0.00307327 -0.0178335 0.999836 0.188929 -0.616659 0.282932
FixedParameters: 0 0 0

#Transform 36
Transform: AffineTransform_float_3_3
Parameters: 0.999972 0.00659432 -0.00352239 -0.00651496 0.999739 0.0218842 0.00366599 -0.0218606 0.999754 0.183602 -0.512889 0.265217
FixedParameters: 0 0 0

#Transform 37
Transform: AffineTransform_float_3_3
Parameters: 0.999978 0.00664116 -0.000233049 -0.00663231 0.99958 0.0281957 0.000420144 -0.0281929 0.999603 0.064154 -0.644652 -0.634357
FixedParameters: 0 0 0

#Transform 38
Transform: AffineTransform_float_3_3
Parameters: 0.999965 0.00678601 -0.00488067 -0.00668282 0.999762 0.0207747 0.00502043 -0.0207414 0.999773 0.0995026 -0.481794 -0.18978
FixedParameters: 0 0 0

#Transform 39
Transform: AffineTransform_float_3_3
Parameters: 0.999962 0.00515383 -0.00701166 -0.00525242 0.999887 -0.0141049 0.00693808 0.0141413 0.999876 0.33611 -0.447828 -0.49844
FixedParameters: 0 0 0

#Transform 40
Transform: AffineTransform_float_3_3
Parameters: 0.999955 -0.00515752 -0.00790988 0.00488744 0.999419 -0.0336984 0.00807854 0.0336581 0.999401 0.548553 -0.0181722 -1.32411
FixedParameters: 0 0 0

#Transform 41
Transform: AffineTransform_float_3_3
Parameters: 0.999944 0.00666625 -0.0082202 -0.00660699 0.999953 0.00721769 0.00826733 -0.00716348 0.99994 0.676809 -0.611358 -1.27124
FixedParameters: 0 0 0

#Transform 42
Transform: AffineTransform_float_3_3
Parameters: 0.99942 -0.00174853 0.0340062 0.00141991 0.999952 0.00968905 -0.0340223 -0.00963517 0.999374 0.357479 -0.397606 -1.93755
FixedParameters: 0 0 0

#Transform 43
Transform: AffineTransform_float_3_3
Parameters: 0.99974 -0.00830946 0.0212242 0.0083407 0.999964 -0.00134963 -0.0212127 0.00152599 0.999774 0.444246 -0.511136 -1.99522
FixedParameters: 0 0 0

#Transform 44
Transform: AffineTransform_float_3_3
Parameters: 0.999977 -0.00190226 0.00649563 0.00176915 0.999789 0.0204506 -0.00653337 -0.0204387 0.999769 0.392043 -0.547353 -1.46206
FixedParameters: 0 0 0

#Transform 45
Transform: AffineTransform_float_3_3
Parameters: 0.999958 -0.00328728 0.00851118 0.00337514 0.999941 -0.0102973 -0.00847671 0.010325 0.999911 0.521273 -0.678185 -1.62889
FixedParameters: 0 0 0

#Transform 46
Transform: AffineTransform_float_3_3
Parameters: 0.999878 -0.00106457 0.0155442 0.00137113 0.999805 -0.0196974 -0.0155203 0.0197171 0.999685 0.470404 -0.370797 -2.11933
FixedParameters: 0 0 0

#Transform 47
Transform: AffineTransform_float_3_3
Parameters: 0.999998 -0.000362231 -0.0019588 0.000378267 0.999966 0.00826658 0.00195639 -0.00826678 0.999963 0.511599 -0.376976 -1.58272
FixedParameters: 0 0 0

#Transform 48
Transform: AffineTransform_float_3_3
Parameters: 0.999986 -0.000629757 -0.00520311 0.000668326 0.999972 0.00740552 0.00519832 -0.0074085 0.999959 0.486397 -0.540308 -0.458542
FixedParameters: 0 0 0

#Transform 49
Transform: AffineTransform_float_3_3
Parameters: 0.999961 -0.00256019 -0.0084524 0.00261614 0.999974 0.00669888 0.00843524 -0.00672036 0.999942 0.60858 -0.294943 -0.552195
FixedParameters: 0 0 0

#Transform 50
Transform: AffineTransform_float_3_3
Parameters: 0.999895 -0.00477409 -0.0136642 0.00497335 0.999881 0.0146266 0.0135927 -0.0146925 0.9998 0.761431 -0.103889 0.404583
FixedParameters: 0 0 0

#Transform 51
Transform: AffineTransform_float_3_3
Parameters: 0.999943 -0.00418596 -0.00979059 0.00432211 0.999893 0.0139692 0.00973102 -0.0140107 0.999855 0.612259 -0.10618 0.313332
FixedParameters: 0 0 0

#Transform 52
Transform: AffineTransform_float_3_3
Parameters: 0.999961 -0.00402482 -0.00787124 0.0041314 0.9999 0.0135915 0.00781631 -0.0136233 0.999877 0.514731 -0.302744 -0.208864
FixedParameters: 0 0 0

#Transform 53
Transform: AffineTransform_float_3_3
Parameters: 0.999954 -0.00441223 -0.00858073 0.00452148 0.999909 0.0127312 0.00852349 -0.0127687 0.999882 0.541865 -0.327362 -0.233536
FixedParameters: 0 0 0

#Transform 54
Transform: AffineTransform_float_3_3
Parameters: 0.999953 -0.00453236 -0.0085572 0.00465271 0.99989 0.0140501 0.00849222 -0.0140893 0.999865 0.535416 -0.292531 -0.182499
FixedParameters: 0 0 0

#Transform 55
Transform: AffineTransform_float_3_3
Parameters: 0.999982 0.000560005 -0.00597093 -0.000593196 0.999985 -0.00545734 0.00596799 0.00546046 0.999967 0.505109 -0.327359 -0.755616
FixedParameters: 0 0 0

#Transform 56
Transform: AffineTransform_float_3_3
Parameters: 0.999979 0.00309525 -0.0057693 -0.00351156 0.997271 -0.0737498 0.0055258 0.0737678 0.99726 0.463714 0.0308205 -1.49545
FixedParameters: 0 0 0

#Transform 57
Transform: AffineTransform_float_3_3
Parameters: 0.999995 -0.00192591 -0.00258604 0.00180018 0.99885 -0.0479049 0.00267492 0.0479002 0.998848 0.406789 0.19214 -1.20825
FixedParameters: 0 0 0

#Transform 58
Transform: AffineTransform_float_3_3
Parameters: 0.999957 -0.0064564 -0.00672158 0.00639444 0.999937 -0.00928034 0.00678165 0.00923695 0.999934 0.495454 -0.19645 -0.352424
FixedParameters: 0 0 0

#Transform 59
Transform: AffineTransform_float_3_3
Parameters: 0.999959 -0.00642582 -0.00638375 0.00637556 0.999949 -0.00781635 0.00643373 0.00777471 0.99995 0.499894 -0.188524 -0.317252
FixedParameters: 0 0 0

#Transform 60
Transform: AffineTransform_float_3_3
Parameters: 0.999958 -0.000901503 -0.00919509 0.000816762 0.999957 -0.00922089 0.00920291 0.00921275 0.999915 0.487245 -0.15625 -0.532619
FixedParameters: 0 0 0

#Transform 61
Transform: AffineTransform_float_3_3
Parameters: 0.999942 -0.00109247 -0.0107009 0.00106315 0.999995 -0.00273469 0.0107037 0.0027232 0.999939 0.296225 -0.187801 -0.0881734
FixedParameters: 0 0 0

#Transform 62
Transform: AffineTransform_float_3_3
Parameters: 0.999836 0.0119674 -0.0135524 -0.0117614 0.999815 0.0152102 0.013732 -0.0150481 0.999793 0.179484 -0.235815 0.267406
FixedParameters: 0 0 0

#Transform 63
Transform: AffineTransform_float_3_3
Parameters: 0.999913 -0.00186034 -0.0130496 0.00194447 0.999977 0.00644607 0.0130372 -0.00647095 0.999894 0.511981 -0.130188 0.394102
FixedParameters: 0 0 0

#Transform 64
Transform: AffineTransform_float_3_3
Parameters: 0.999775 0.00503837 -0.0205931 -0.00501326 0.999987 0.00124176 0.0205988 -0.0011378 0.999787 0.38193 -0.0461283 0.298458
FixedParameters: 0 0 0

#Transform 65
Transform: AffineTransform_float_3_3
Parameters: 0.99989 0.00367551 -0.0143623 -0.00348406 0.999906 0.0133269 0.0144102 -0.0132753 0.999808 0.382163 -0.134416 0.561044
FixedParameters: 0 0 0

#Transform 66
Transform: AffineTransform_float_3_3
Parameters: 0.999897 0.00407381 -0.0137507 -0.00373726 0.999695 0.0244169 0.0138462 -0.0243632 0.999608 0.335841 -0.205263 0.900133
FixedParameters: 0 0 0

#Transform 67
Transform: AffineTransform_float_3_3
Parameters: 0.999913 0.00543714 -0.0120217 -0.00500209 0.999342 0.0359341 0.012209 -0.0358706 0.999282 0.304976 -0.32163 1.2018
FixedParameters: 0 0 0

#Transform 68
Transform: AffineTransform_float_3_3
Parameters: 0.999877 0.00632436 -0.0143694 -0.00594679 0.999639 0.0261953 0.0145306 -0.026107 0.999554 0.189945 -0.28716 1.21558
FixedParameters: 0 0 0

#Transform 69
Transform: AffineTransform_float_3_3
Parameters: 0.999791 0.0068136 -0.0192562 -0.00627232 0.999587 0.0280388 0.0194394 -0.0279123 0.999421 0.168572 -0.224722 1.02587
FixedParameters: 0 0 0

#Transform 70
Transform: AffineTransform_float_3_3
Parameters: 0.999529 0.0101458 -0.0289559 -0.00967372 0.999819 0.0163723 0.029117 -0.0160846 0.999447 0.224443 -0.0212885 1.61522
FixedParameters: 0 0 0

#Transform 71
Transform: AffineTransform_float_3_3
Parameters: 0.999284 0.00884473 -0.0367906 -0.00803217 0.999722 0.0221713 0.0369765 -0.0218594 0.999077 0.48267 -0.141329 1.4672
FixedParameters: 0 0 0

#Transform 72
Transform: AffineTransform_float_3_3
Parameters: 0.999534 0.00378446 -0.0302863 -0.00331588 0.999874 0.0155149 0.0303415 -0.0154079 0.999421 0.757036 0.181728 0.923128
FixedParameters: 0 0 0

#Transform 73
Transform: AffineTransform_float_3_3
Parameters: 0.9996 0.0121937 -0.0255163 -0.0113898 0.999442 0.0314207 0.0258854 -0.0311177 0.99918 0.332761 -0.127755 1.07617
FixedParameters: 0 0 0

#Transform 74
Transform: AffineTransform_float_3_3
Parameters: 0.999716 0.00667045 -0.0228768 -0.00601083 0.999567 0.0288092 0.0230587 -0.0286636 0.999323 0.599012 -0.27025 1.05176
FixedParameters: 0 0 0

#Transform 75
Transform: AffineTransform_float_3_3
Parameters: 0.999588 0.000750963 -0.0287135 -0.000202464 0.999817 0.0191323 0.0287225 -0.0191188 0.999404 0.62452 -0.248215 0.49553
FixedParameters: 0 0 0

#Transform 76
Transform: AffineTransform_float_3_3
Parameters: 0.999273 -0.0144285 -0.0352882 0.0147308 0.999857 0.00834055 0.0351626 -0.00885432 0.999342 1.27304 -0.216556 0.305334
FixedParameters: 0 0 0

#Transform 77
Transform: AffineTransform_float_3_3
Parameters: 0.999415 -0.00502928 -0.0338186 0.00551349 0.999883 0.0142483 0.0337422 -0.0144259 0.999327 0.990009 -0.23079 0.145097
FixedParameters: 0 0 0

#Transform 78
Transform: AffineTransform_float_3_3
Parameters: 0.999866 0.0128392 -0.0101814 -0.0127229 0.999853 0.0114729 0.0103273 -0.0113418 0.999882 0.433358 -0.383707 -0.887275
FixedParameters: 0 0 0

#Transform 79
Transform: AffineTransform_float_3_3
Parameters: 0.9999 0.00907078 -0.010776 -0.0088578 0.999767 0.0196767 0.0109516 -0.0195799 0.999748 0.336053 -0.381518 -0.554315
FixedParameters: 0 0 0

#Transform 80
Transform: AffineTransform_float_3_3
Parameters: 0.999854 0.00388309 -0.0166201 -0.00362309 0.999871 0.0156437 0.0166784 -0.0155817 0.999739 0.622421 -0.297693 0.0905022
FixedParameters: 0 0 0

#Transform 81
Transform: AffineTransform_float_3_3
Parameters: 0.999868 0.00385148 -0.0158056 -0.00361709 0.999884 0.0148485 0.0158605 -0.0147895 0.999765 0.57372 -0.246743 -0.0373684
FixedParameters: 0 0 0

#Transform 82
Transform: AffineTransform_float_3_3
Parameters: 0.999858 0.00378453 -0.0164517 -0.00355846 0.999899 0.0137191 0.0165019 -0.0136585 0.99977 0.592238 -0.231253 -0.126332
FixedParameters: 0 0 0

#Transform 83
Transform: AffineTransform_float_3_3
Parameters: 0.99986 0.00357787 -0.0162878 -0.00335957 0.999904 0.0134137 0.0163336 -0.0133575 0.999777 0.603154 -0.254546 -0.214788
FixedParameters: 0 0 0

#Transform 84
Transform: AffineTransform_float_3_3
Parameters: 0.999825 -0.000841188 -0.0187276 0.00098261 0.999971 0.00756436 0.0187204 -0.00758145 0.999796 0.699759 -0.109337 0.562121
FixedParameters: 0 0 0

#Transform 85
Transform: AffineTransform_float_3_3
Parameters: 0.999836 -0.00072386 -0.0181034 0.000989499 0.999893 0.0146465 0.018091 -0.0146623 0.999728 0.70965 -0.142062 0.559268
FixedParameters: 0 0 0

#Transform 86
Transform: AffineTransform_float_3_3
Parameters: 0.999835 -0.000569276 -0.0181486 0.000908388 0.999826 0.0186676 0.0181354 -0.0186815 0.999661 0.699033 -0.194059 0.519352
FixedParameters: 0 0 0

#Transform 87
Transform: AffineTransform_float_3_3
Parameters: 0.999812 -0.0026579 -0.0191987 0.00322382 0.99956 0.0294972 0.0191119 -0.0295541 0.99938 0.731587 -0.313648 0.0426541
FixedParameters: 0 0 0

#Transform 88
Transform: AffineTransform_float_3_3
Parameters: 0.999844 -0.00282801 -0.0174421 0.00316877 0.999804 0.0195383 0.0173826 -0.0195908 0.999657 0.735125 -0.404498 -0.190141
FixedParameters: 0 0 0

#Transform 89
Transform: AffineTransform_float_3_3
Parameters: 0.999828 -0.00287431 -0.0183194 0.00319173 0.999845 0.0173539 0.0182664 -0.0174097 0.999682 0.804892 -0.211244 0.285223
FixedParameters: 0 0 0

#Transform 90
Transform: AffineTransform_float_3_3
Parameters: 0.999805 -0.00353541 -0.0193949 0.00381047 0.999893 0.0141554 0.0193429 -0.014226 0.999712 0.831301 -0.156868 0.526727
FixedParameters: 0 0 0

#Transform 91
Transform: AffineTransform_float_3_3
Parameters: 0.999875 0.00568385 -0.0147091 -0.00530743 0.99966 0.0255271 0.0148492 -0.0254464 0.999565 0.697411 -0.222095 0.381219
FixedParameters: 0 0 0

#Transform 92
Transform: AffineTransform_float_3_3
Parameters: 0.998947 0.0117212 -0.0443697 -0.0128262 0.999613 -0.0247102 0.0440626 0.0252532 0.99871 0.461899 0.256953 -0.721046
FixedParameters: 0 0 0

#Transform 93
Transform: AffineTransform_float_3_3
Parameters: 0.999568 0.0177985 -0.023402 -0.0181199 0.999744 -0.0135547 0.0231548 0.0139726 0.999635 0.400777 0.27459 -0.648926
FixedParameters: 0 0 0

#Transform 94
Transform: AffineTransform_float_3_3
Parameters: 0.999925 0.0103554 -0.00648768 -0.01049 0.999725 -0.0209694 0.0062691 0.0210358 0.999759 0.913556 0.0611367 -0.10234
FixedParameters: 0 0 0

#Transform 95
Transform: AffineTransform_float_3_3
Parameters: 0.999365 0.0277532 0.0223454 -0.0283716 0.999208 0.0278666 -0.0215542 -0.0284827 0.999362 0.0304725 -0.0512694 0.169173
FixedParameters: 0 0 0

#Transform 96
Transform: AffineTransform_float_3_3
Parameters: 0.999151 0.0290416 0.0292251 -0.0292557 0.999548 0.0069178 -0.0290106 -0.00776602 0.999549 0.0245362 -0.334519 -0.202427
FixedParameters: 0 0 0

#Transform 97
Transform: AffineTransform_float_3_3
Parameters: 0.999638 0.0208922 0.0169647 -0.0210185 0.999752 0.00727651 -0.0168089 -0.00763037 0.999829 0.0259825 -0.265967 0.0062218
FixedParameters: 0 0 0

#Transform 98
Transform: AffineTransform_float_3_3
Parameters: 0.999985 0.00498654 -0.0020831 -0.00497975 0.999984 0.00289864 0.00209742 -0.00288856 0.999994 0.478765 -0.0737256 0.64432
FixedParameters: 0 0 0

#Transform 99
Transform: AffineTransform_float_3_3
Parameters: 0.999841 0.00521524 0.0170595 -0.00485465 0.999765 -0.0211363 -0.0171657 0.0210496 0.999632 0.534995 0.23157 -0.0839226
FixedParameters: 0 0 0

#Transform 100
Transform: AffineTransform_float_3_3
Parameters: 0.999538 0.00417042 0.0301179 -0.00378432 0.99991 -0.0128709 -0.0301681 0.0127506 0.999464 0.467189 0.490324 0.145658
FixedParameters: 0 0 0

#Transform 101
Transform: AffineTransform_float_3_3
Parameters: 0.999997 -0.000809366 0.00198167 0.000797128 0.999982 0.00593495 -0.00198666 -0.00593391 0.99998 0.661941 0.0914477 0.826657
FixedParameters: 0 0 0

#Transform 102
Transform: AffineTransform_float_3_3
Parameters: 0.999998 0.000981724 0.00167608 -0.000985665 0.999997 0.0024499 -0.00167403 -0.00245118 0.999996 0.561751 0.0363527 0.500686
FixedParameters: 0 0 0

#Transform 103
Transform: AffineTransform_float_3_3
Parameters: 0.999893 0.00786618 0.0123273 -0.00767435 0.999851 -0.0154824 -0.0124471 0.0153858 0.999804 0.468196 0.195854 0.389771
FixedParameters: 0 0 0

#Transform 104
Transform: AffineTransform_float_3_3
Parameters: 0.999995 3.59907e-05 -0.00314603 -5.40379e-05 0.999984 -0.00574905 0.00314613 0.00574874 0.999979 0.583386 0.209368 0.518437
FixedParameters: 0 0 0

#Transform 105
Transform: AffineTransform_float_3_3
Parameters: 0.999858 0.00438569 -0.0162622 -0.00451058 0.999961 -0.00764682 0.0162274 0.00771844 0.999838 0.799451 0.0497107 0.0328702
FixedParameters: 0 0 0

#Transform 106
Transform: AffineTransform_float_3_3
Parameters: 0.999869 0.0160064 -0.00236424 -0.01603 0.999819 -0.010221 0.00219985 0.0102575 0.999945 0.36495 0.11738 -0.0179351
FixedParameters: 0 0 0

#Transform 107
Transform: AffineTransform_float_3_3
Parameters: 0.999671 -0.0116264 -0.022841 0.011622 0.999932 -0.000313749 0.0228431 4.85059e-05 0.999739 1.51029 -0.0205769 -0.268495
FixedParameters: 0 0 0

#Transform 108
Transform: AffineTransform_float_3_3
Parameters: 0.999883 0.000615416 -0.0152578 -0.000261893 0.999731 0.0231796 0.0152685 -0.0231729 0.999615 0.747694 -0.00484026 0.163274
FixedParameters: 0 0 0

#Transform 109
Transform: AffineTransform_float_3_3
Parameters: 0.999557 -0.00320739 -0.0295685 0.00360293 0.999904 0.0133245 0.0295233 -0.013425 0.999474 1.0768 -0.182369 0.247964
FixedParameters: 0 0 0

#Transform 110
Transform: AffineTransform_float_3_3
Parameters: 0.99945 -0.00223461 -0.033083 0.00243669 0.999978 0.00607642 0.0330685 -0.00615419 0.999434 1.34822 -0.0398767 0.101841
FixedParameters: 0 0 0

#Transform 111
Transform: AffineTransform_float_3_3
Parameters: 0.999734 -0.00366257 -0.0227635 0.0041051 0.999803 0.0193808 0.022688 -0.0194693 0.999553 1.01213 0.107829 0.161963
FixedParameters: 0 0 0

#Transform 112
Transform: AffineTransform_float_3_3
Parameters: 0.999738 -0.00371137 -0.0226035 0.00398184 0.999921 0.0119431 0.0225573 -0.0120292 0.999673 1.09587 -0.0912208 0.172832
FixedParameters: 0 0 0

#Transform 113
Transform: AffineTransform_float_3_3
Parameters: 0.999829 -0.00207864 -0.0183662 0.00225309 0.999952 0.00946265 0.0183457 -0.00950204 0.999787 1.06062 -0.063374 0.139821
FixedParameters: 0 0 0

#Transform 114
Transform: AffineTransform_float_3_3
Parameters: 0.999864 -0.000527432 -0.0164686 0.000666628 0.999964 0.00840189 0.0164633 -0.00841153 0.999829 0.949603 -0.0323086 0.136224
FixedParameters: 0 0 0

#Transform 115
Transform: AffineTransform_float_3_3
Parameters: 0.999809 -0.00366531 -0.0191724 0.00382451 0.999958 0.00829941 0.0191409 -0.00837129 0.999782 1.07617 -0.0374964 0.185551
FixedParameters: 0 0 0

#Transform 116
Transform: AffineTransform_float_3_3
Parameters: 0.999809 -0.00330131 -0.0192968 0.00345407 0.999963 0.00785983 0.0192704 -0.00792574 0.999783 1.06518 -0.0534112 0.139757
FixedParameters: 0 0 0

#Transform 117
Transform: AffineTransform_float_3_3
Parameters: 0.999809 -0.00319183 -0.0192688 0.00334651 0.999962 0.00804959 0.0192424 -0.00811289 0.999782 1.06872 -0.0508619 0.123335
FixedParameters: 0 0 0

#Transform 118
Transform: AffineTransform_float_3_3
Parameters: 0.999819 -0.00485919 -0.0183852 0.00503298 0.999943 0.00943731 0.0183387 -0.00952806 0.999787 1.12088 -0.0643722 0.409099
FixedParameters: 0 0 0

#Transform 119
Transform: AffineTransform_float_3_3
Parameters: 0.999856 -0.00501797 -0.0162317 0.00508907 0.999977 0.0043612 0.0162097 -0.004443 0.999859 1.03439 -0.194042 0.82088
FixedParameters: 0 0 0
