#Insight Transform File V1.0
#Transform 0
Transform: AffineTransform_float_3_3
Parameters: 0.999998 0.000529453 -0.00161796 -0.000532102 0.999998 -0.00185354 0.00161735 0.00185395 0.999997 0.034154 0.0415928 0.0490304
FixedParameters: 0 0 0

#Transform 1
Transform: AffineTransform_float_3_3
Parameters: 0.999998 0.000479139 -0.00151709 -0.000480901 0.999999 -0.00149777 0.00151618 0.00149885 0.999998 0.0450867 0.0306027 0.0338739
FixedParameters: 0 0 0

#Transform 2
Transform: AffineTransform_float_3_3
Parameters: 0.999999 0.000489723 -0.00150418 -0.000492315 0.999998 -0.00178675 0.00150295 0.00178785 0.999997 0.0414256 0.0381654 0.0291328
FixedParameters: 0 0 0

#Transform 3
Transform: AffineTransform_float_3_3
Parameters: 0.999998 0.000463388 -0.00154031 -0.000465358 0.999999 -0.00154278 0.00153941 0.00154383 0.999998 0.0450092 0.0377102 0.0126697
FixedParameters: 0 0 0

#Transform 4
Transform: AffineTransform_float_3_3
Parameters: 0.999998 0.000463119 -0.00153852 -0.000465678 0.999999 -0.00128224 0.00153759 0.00128237 0.999998 0.0627276 0.0253615 0.0233434
FixedParameters: 0 0 0

#Transform 5
Transform: AffineTransform_float_3_3
Parameters: 0.999998 0.000170514 -0.0019606 -0.000172037 0.999999 -0.000950376 0.00195998 0.000951255 0.999998 0.0707305 0.0286762 0.0394568
FixedParameters: 0 0 0

#Transform 6
Transform: AffineTransform_float_3_3
Parameters: 0.999998 0.000422757 -0.00159541 -0.000424814 0.999999 -0.00107882 0.00159475 0.0010798 0.999998 0.0551787 0.00836971 0.023371
FixedParameters: 0 0 0

#Transform 7
Transform: AffineTransform_float_3_3
Parameters: 0.999999 9.90825e-05 -0.00126451 -0.000100817 0.999999 -0.00123398 0.00126452 0.00123387 0.999998 0.0418298 0.0287204 0.00223362
FixedParameters: 0 0 0

#Transform 8
Transform: AffineTransform_float_3_3
Parameters: 0.999999 7.48583e-05 -0.00130009 -7.68136e-05 0.999999 -0.00128501 0.00130015 0.00128484 0.999998 0.042798 0.0245853 0.0118203
FixedParameters: 0 0 0

#Transform 9
Transform: AffineTransform_float_3_3
Parameters: 0.999999 0.000141541 -0.00131082 -0.000143523 0.999999 -0.00128457 0.00131072 0.00128458 0.999998 0.0462839 0.0400541 0.00366536
FixedParameters: 0 0 0

#Transform 10
Transform: AffineTransform_float_3_3
Parameters: 0.999999 6.83209e-05 -0.00131298 -7.05544e-05 0.999999 -0.00169501 0.00131245 0.00169483 0.999998 0.0519099 0.041986 0.0252614
FixedParameters: 0 0 0

#Transform 11
Transform: AffineTransform_float_3_3
Parameters: 0.999999 0.000321924 -0.00094618 -0.000323344 0.999998 -0.0017888 0.00094613 0.00178904 0.999998 0.0444965 0.0825224 -0.00862701
FixedParameters: 0 0 0

#Transform 12
Transform: AffineTransform_float_3_3
Parameters: 1 0.000193974 -0.00112439 -0.000194738 1 -0.000955895 0.00112428 0.000955966 0.999999 0.0472391 -0.000224344 0.0451562
FixedParameters: 0 0 0

#Transform 13
Transform: AffineTransform_float_3_3
Parameters: 0.999999 -3.03653e-05 -0.000970102 2.92279e-05 0.999999 -0.00130603 0.000970447 0.00130597 0.999998 0.0343725 0.0256424 0.0159773
FixedParameters: 0 0 0

#Transform 14
Transform: AffineTransform_float_3_3
Parameters: 0.999999 5.0191e-05 -0.000818856 -5.06964e-05 1 -0.000816067 0.000818217 0.000816148 1 0.0323831 0.0269703 -0.0164484
FixedParameters: 0 0 0

#Transform 15
Transform: AffineTransform_float_3_3
Parameters: 0.999999 6.47305e-06 -0.00081983 -6.37908e-06 1 6.00292e-05 0.000819834 -6.0377e-05 1 0.0345555 -0.00709291 0.0256747
FixedParameters: 0 0 0

#Transform 16
Transform: AffineTransform_float_3_3
Parameters: 0.999999 -5.83933e-05 -0.000793 5.99474e-05 1 0.000978594 0.000792897 -0.000979046 1 0.0564157 -0.00841999 -0.0429024
FixedParameters: 0 0 0

#Transform 17
Transform: AffineTransform_float_3_3
Parameters: 0.999999 -0.00013643 -0.000732832 0.000135375 0.999999 -0.000719367 0.000733028 0.000719167 0.999999 0.0284996 0.0217776 0.0111811
FixedParameters: 0 0 0

#Transform 18
Transform: AffineTransform_float_3_3
Parameters: 1 -2.14628e-05 -0.000169695 2.14368e-05 1 -7.65536e-05 0.000169698 7.65463e-05 1 0.00784675 0.00704186 0.0534187
FixedParameters: 0 0 0

#Transform 19
Transform: AffineTransform_float_3_3
Parameters: 1 0.000163421 -0.000290713 -0.000163456 1 -6.02312e-05 0.000290693 6.03262e-05 1 0.0117741 -0.0036062 0.05107
FixedParameters: 0 0 0

#Transform 20
Transform: AffineTransform_float_3_3
Parameters: 1 -0.000194861 -8.69225e-05 0.000194872 1 6.33434e-05 8.68978e-05 -6.33772e-05 1 0.00206474 0.00955382 0.0182388
FixedParameters: 0 0 0

#Transform 21
Transform: AffineTransform_float_3_3
Parameters: 1 6.76075e-05 0.000298095 -6.78175e-05 1 0.000352335 -0.000298048 -0.000352376 1 -0.00798865 0.00568715 0.0333377
FixedParameters: 0 0 0

#Transform 22
Transform: AffineTransform_float_3_3
Parameters: 1 1.12245e-07 0.000198887 -2.17003e-07 1 0.000263357 -0.000198887 -0.000263357 1 -0.00541284 -0.0167184 0.0464362
FixedParameters: 0 0 0

#Transform 23
Transform: AffineTransform_float_3_3
Parameters: 1 7.14819e-05 0.000295536 -7.12356e-05 1 -0.000416653 -0.000295595 0.000416611 1 -0.012467 0.0175987 0.0202529
FixedParameters: 0 0 0

#Transform 24
Transform: AffineTransform_float_3_3
Parameters: 1 6.86608e-05 0.0002974 -6.87461e-05 1 0.000143339 -0.00029738 -0.000143379 1 -0.0177853 0.0246317 0.00942359
FixedParameters: 0 0 0

#Transform 25
Transform: AffineTransform_float_3_3
Parameters: 1 -0.00018507 0.000576085 0.000184917 1 0.000133354 -0.000576134 -0.000133141 1 -0.0193644 -0.00728146 -0.0129893
FixedParameters: 0 0 0

#Transform 26
Transform: AffineTransform_float_3_3
Parameters: 1 -9.61351e-05 0.000564703 9.59336e-05 0.999999 0.000174082 -0.000564733 -0.000174332 1 -0.0288852 -0.0159057 -0.0704198
FixedParameters: 0 0 0

#Transform 27
Transform: AffineTransform_float_3_3
Parameters: 1 3.52169e-05 0.00117266 -3.52818e-05 1 -0.000566915 -0.00117296 0.000567415 0.999999 -0.0526696 -0.0146976 -0.00302262
FixedParameters: 0 0 0

#Transform 28
Transform: AffineTransform_float_3_3
Parameters: 1 -4.71873e-05 -0.000153272 4.69176e-05 0.999999 -0.000879745 0.000153355 0.00087973 0.999999 -0.0101978 -0.00573788 0.0043012
FixedParameters: 0 0 0

#Transform 29
Transform: AffineTransform_float_3_3
Parameters: 1 8.47748e-05 0.000413929 -8.40454e-05 0.999999 -0.000880998 -0.000414078 0.000880928 0.999999 -0.027064 0.0167814 0.0126133
FixedParameters: 0 0 0

#Transform 30
Transform: AffineTransform_float_3_3
Parameters: 1 0.000247766 0.00030663 -0.000248406 1 0.00105612 -0.000306097 -0.00105627 1 -0.0138864 0.0502044 0.0441492
FixedParameters: 0 0 0

#Transform 31
Transform: AffineTransform_float_3_3
Parameters: 1 2.74689e-08 0.000667772 -1.56572e-06 0.999999 0.00177786 -0.000668317 -0.00177786 0.999998 0.00995025 0.00023871 0.0117144
FixedParameters: 0 0 0

#Transform 32
Transform: AffineTransform_float_3_3
Parameters: 1 8.37732e-05 0.000344955 -8.44496e-05 0.999997 0.00219328 -0.000345134 -0.00219334 0.999997 0.0208621 -0.0370259 0.0180029
FixedParameters: 0 0 0

#Transform 33
Transform: AffineTransform_float_3_3
Parameters: 1 5.12218e-05 0.000610926 -5.19207e-05 0.999999 0.00172125 -0.000610472 -0.00172132 0.999999 0.00469882 -0.0480416 -0.00509365
FixedParameters: 0 0 0

#Transform 34
Transform: AffineTransform_float_3_3
Parameters: 1 -0.000105348 0.00114765 0.000104024 1 0.0011829 -0.00114764 -0.00118267 0.999998 -0.0306208 -0.0368718 -0.0252649
FixedParameters: 0 0 0

#Transform 35
Transform: AffineTransform_float_3_3
Parameters: 1 -0.000144148 0.00109513 0.000142186 0.999999 0.0015344 -0.00109531 -0.00153316 0.999998 -0.0397832 -0.0296485 -0.0409763
FixedParameters: 0 0 0

#Transform 36
Transform: AffineTransform_float_3_3
Parameters: 0.999999 -6.72759e-05 0.00130207 6.52322e-05 0.999999 0.00131687 -0.00130198 -0.00131706 0.999998 -0.0444632 -0.0483311 -0.0766119
FixedParameters: 0 0 0

#Transform 37
Transform: AffineTransform_float_3_3
Parameters: 0.999999 4.65932e-05 0.00136621 -4.77518e-05 1 0.00093104 -0.00136587 -0.000931535 0.999999 -0.0445307 -0.00806881 -0.0754091
FixedParameters: 0 0 0

#Transform 38
Transform: AffineTransform_float_3_3
Parameters: 0.999999 -2.22342e-05 0.0012689 2.00499e-05 0.999999 0.00118313 -0.00126951 -0.00118344 0.999998 -0.0493681 -0.0169926 -0.0512624
FixedParameters: 0 0 0

#Transform 39
Transform: AffineTransform_float_3_3
Parameters: 0.999999 4.60799e-05 0.00136649 -4.74685e-05 0.999999 0.00101504 -0.00136614 -0.00101553 0.999999 -0.0496858 0.0012847 -0.0554275
FixedParameters: 0 0 0

#Transform 40
Transform: AffineTransform_float_3_3
Parameters: 0.999999 0.000104432 0.00124748 -0.000106152 0.999999 0.00124464 -0.00124696 -0.00124527 0.999998 -0.0461772 -0.0177612 -0.048884
FixedParameters: 0 0 0

#Transform 41
Transform: AffineTransform_float_3_3
Parameters: 0.999999 4.39933e-05 0.00136762 -4.54897e-05 0.999999 0.0013575 -0.0013678 -0.00135706 0.999998 -0.0557769 -0.0279269 -0.0505508
FixedParameters: 0 0 0

#Transform 42
Transform: AffineTransform_float_3_3
Parameters: 1 0.00037195 0.0011429 -0.000374049 0.999999 0.00127596 -0.00114251 -0.00127717 0.999999 -0.0402641 -0.021166 -0.047983
FixedParameters: 0 0 0

#Transform 43
Transform: AffineTransform_float_3_3
Parameters: 0.999999 0.00027631 0.00120854 -0.000278224 0.999999 0.00113038 -0.00120847 -0.00113141 0.999999 -0.0531984 -0.00604382 -0.0124532
FixedParameters: 0 0 0

#Transform 44
Transform: AffineTransform_float_3_3
Parameters: 1 0.000385941 0.00113358 -0.000386434 1 0.000581174 -0.0011337 -0.000581119 0.999999 -0.0471165 0.000203823 -0.0229282
FixedParameters: 0 0 0

#Transform 45
Transform: AffineTransform_float_3_3
Parameters: 0.999999 0.000243888 0.00123074 -0.000244567 0.999999 0.00117318 -0.00123047 -0.00117415 0.999999 -0.0529507 -0.00646229 -0.0593398
FixedParameters: 0 0 0

#Transform 46
Transform: AffineTransform_float_3_3
Parameters: 1 0.000397778 0.00112521 -0.000399729 0.999999 0.00123279 -0.0011248 -0.00123369 0.999998 -0.052798 -0.0112531 -0.0580023
FixedParameters: 0 0 0

#Transform 47
Transform: AffineTransform_float_3_3
Parameters: 1 0.000353459 0.0011555 -0.000356042 0.999999 0.00147532 -0.001155 -0.00147556 0.999999 -0.0590007 -0.0244237 -0.056214
FixedParameters: 0 0 0

#Transform 48
Transform: AffineTransform_float_3_3
Parameters: 1 0.000395691 0.00112667 -0.000396673 0.999999 0.00116678 -0.00112688 -0.00116767 0.999998 -0.0589153 -0.0140162 -0.0540107
FixedParameters: 0 0 0

#Transform 49
Transform: AffineTransform_float_3_3
Parameters: 1 0.000589341 0.000377611 -0.00058936 1 3.2021e-05 -0.000377577 -3.21078e-05 0.999999 -0.0344835 0.0418298 0.0579576
FixedParameters: 0 0 0

#Transform 50
Transform: AffineTransform_float_3_3
Parameters: 0.999999 0.000472095 0.000805348 -0.000470526 0.999999 -0.00148179 -0.000806168 0.00148104 0.999998 -0.0479343 0.0767963 -0.076613
FixedParameters: 0 0 0

#Transform 51
Transform: AffineTransform_float_3_3
Parameters: 1 0.000304209 0.000565184 -0.000303687 1 -0.00118559 -0.000565329 0.00118525 0.999999 -0.0344631 0.0533679 -0.127719
FixedParameters: 0 0 0

#Transform 52
Transform: AffineTransform_float_3_3
Parameters: 1 0.000506926 0.000437605 -0.00050596 0.999999 -0.00139027 -0.000437613 0.00138982 0.999999 -0.0366004 0.0455652 -0.129624
FixedParameters: 0 0 0

#Transform 53
Transform: AffineTransform_float_3_3
Parameters: 0.999999 0.000660789 0.000561035 -0.000659196 0.999998 -0.00163663 -0.000561786 0.00163682 0.999999 -0.0484206 0.0591708 -0.0796982
FixedParameters: 0 0 0

#Transform 54
Transform: AffineTransform_float_3_3
Parameters: 1 0.000487993 -0.000354613 -0.00048841 0.999999 -0.00139638 0.000354083 0.00139672 0.999999 -0.00822531 0.0496909 -0.095127
FixedParameters: 0 0 0

#Transform 55
Transform: AffineTransform_float_3_3
Parameters: 1 0.000555827 -0.000290387 -0.000556278 0.999999 -0.000778269 0.000289521 0.000778592 0.999999 -0.0120887 0.025864 -0.105697
FixedParameters: 0 0 0

#Transform 56
Transform: AffineTransform_float_3_3
Parameters: 1 0.000456609 2.4618e-05 -0.000456598 1 -0.00022393 -2.48225e-05 0.000223908 1 -0.0353185 0.0045264 -0.0465775
FixedParameters: 0 0 0

#Transform 57
Transform: AffineTransform_float_3_3
Parameters: 1 0.000530577 0.000134026 -0.000530557 1 -5.4314e-05 -0.000134087 5.45301e-05 1 -0.0421939 0.00887613 -0.0694122
FixedParameters: 0 0 0

#Transform 58
Transform: AffineTransform_float_3_3
Parameters: 1 0.00053399 0.000141487 -0.000534035 1 0.000174678 -0.000141304 -0.00017447 0.999999 -0.0422552 -0.0138645 -0.0729705
FixedParameters: 0 0 0

#Transform 59
Transform: AffineTransform_float_3_3
Parameters: 1 0.000586484 0.000217007 -0.000586525 1 9.39482e-05 -0.000216897 -9.42027e-05 1 -0.0411789 -0.0196028 -0.0701364
FixedParameters: 0 0 0

#Transform 60
Transform: AffineTransform_float_3_3
Parameters: 1 0.00056591 0.000377915 -0.000566696 1 -4.97595e-05 -0.000377405 4.93339e-05 1 -0.0532835 -0.00689301 -0.0919485
FixedParameters: 0 0 0

#Transform 61
Transform: AffineTransform_float_3_3
Parameters: 1 0.000554513 0.000167261 -0.000554442 1 -0.000199333 -0.000167485 0.000199506 0.999999 -0.0628316 -0.00805209 -0.0655881
FixedParameters: 0 0 0

#Transform 62
Transform: AffineTransform_float_3_3
Parameters: 1 0.000391208 0.000300175 -0.000391075 1 -0.000221245 -0.000300348 0.00022101 1 -0.0684678 0.00295326 -0.0603892
FixedParameters: 0 0 0

#Transform 63
Transform: AffineTransform_float_3_3
Parameters: 1 0.000473106 0.000469577 -0.000472825 1 -0.000299515 -0.000469861 0.000299071 1 -0.0731786 0.0212489 -0.0718489
FixedParameters: 0 0 0

#Transform 64
Transform: AffineTransform_float_3_3
Parameters: 0.999999 0.000503468 0.000647737 -0.000503068 1 -0.000309056 -0.000648047 0.000308404 0.999999 -0.0601389 0.00600513 -0.0844895
FixedParameters: 0 0 0

#Transform 65
Transform: AffineTransform_float_3_3
Parameters: 1 0.000327565 0.000576945 -0.00032818 1 -0.000181516 -0.000576498 0.00018114 1 -0.0592752 0.00950879 -0.0909379
FixedParameters: 0 0 0

#Transform 66
Transform: AffineTransform_float_3_3
Parameters: 0.999999 0.000380876 0.000656779 -0.0003809 1 1.84158e-05 -0.000656765 -1.89161e-05 1 -0.0616127 -0.0143284 -0.119267
FixedParameters: 0 0 0

#Transform 67
Transform: AffineTransform_float_3_3
Parameters: 0.999999 0.00054859 0.000616727 -0.000548444 1 -0.000118749 -0.000616857 0.000118073 1 -0.0590023 -0.00256159 -0.128
FixedParameters: 0 0 0

#Transform 68
Transform: AffineTransform_float_3_3
Parameters: 1 0.000486415 0.000450696 -0.000486052 1 -0.00040339 -0.000451089 0.000402951 1 -0.0329748 0.01209 -0.126388
FixedParameters: 0 0 0

#Transform 69
Transform: AffineTransform_float_3_3
Parameters: 0.999999 0.000583443 0.000419113 -0.000582991 1 -0.000533175 -0.000419738 0.000533044 0.999999 -0.0271153 0.00688653 -0.138012
FixedParameters: 0 0 0

#Transform 70
Transform: AffineTransform_float_3_3
Parameters: 1 0.000325088 0.000572585 -0.000325628 1 -0.000248512 -0.00057218 0.000248142 1 -0.0342018 0.00539786 -0.135803
FixedParameters: 0 0 0

#Transform 71
Transform: AffineTransform_float_3_3
Parameters: 1 0.000488062 0.000477475 -0.00048765 1 -0.000431483 -0.000477896 0.000431017 1 -0.0485895 -0.0119632 -0.114935
FixedParameters: 0 0 0

#Transform 72
Transform: AffineTransform_float_3_3
Parameters: 0.999999 0.000369251 0.000639291 -0.000370035 1 -3.15658e-05 -0.000638748 3.10955e-05 1 -0.0587681 -0.0152441 -0.119019
FixedParameters: 0 0 0

#Transform 73
Transform: AffineTransform_float_3_3
Parameters: 0.999999 0.000368483 0.000637396 -0.000369181 1 -9.95635e-05 -0.000636903 9.90955e-05 1 -0.0554803 -0.00652932 -0.122997
FixedParameters: 0 0 0

#Transform 74
Transform: AffineTransform_float_3_3
Parameters: 1 0.000342237 0.000598409 -0.000342858 1 -0.000170532 -0.00059796 0.000170124 1 -0.0530485 0.0073453 -0.130018
FixedParameters: 0 0 0

#Transform 75
Transform: AffineTransform_float_3_3
Parameters: 0.999999 0.000400302 0.000682273 -0.000400825 1 -0.0002216 -0.000681884 0.000221055 0.999999 -0.0614732 -0.000937299 -0.123522
FixedParameters: 0 0 0

#Transform 76
Transform: AffineTransform_float_3_3
Parameters: 0.999999 0.000429807 0.000726299 -0.000430449 1 -0.00012564 -0.00072584 0.000125018 0.999999 -0.0655951 -0.0120931 -0.119119
FixedParameters: 0 0 0

#Transform 77
Transform: AffineTransform_float_3_3
Parameters: 0.999999 0.000452253 0.000759405 -0.000452946 1 -8.66723e-05 -0.000758917 8.59872e-05 0.999999 -0.0665799 -0.0214724 -0.126103
FixedParameters: 0 0 0

#Transform 78
Transform: AffineTransform_float_3_3
Parameters: 0.999999 0.000307625 0.000889088 -0.000307911 1 0.000160291 -0.000888989 -0.000160838 0.999999 -0.0761281 -0.0156854 -0.140713
FixedParameters: 0 0 0

#Transform 79
Transform: AffineTransform_float_3_3
Parameters: 1 0.00026225 0.00101257 -0.000262078 1 -8.83237e-05 -0.00101263 8.77928e-05 0.999999 -0.0884684 0.00961702 -0.135931
FixedParameters: 0 0 0

#Transform 80
Transform: AffineTransform_float_3_3
Parameters: 1 0.000148894 0.00117309 -0.000149284 1 -0.000184826 -0.00117258 0.000185412 0.999999 -0.0969151 -0.00725745 -0.142164
FixedParameters: 0 0 0

#Transform 81
Transform: AffineTransform_float_3_3
Parameters: 0.999999 0.000253042 0.00132592 -0.000252846 1 -7.56706e-05 -0.00132595 7.55751e-05 0.999999 -0.0959778 -0.0028459 -0.152655
FixedParameters: 0 0 0

#Transform 82
Transform: AffineTransform_float_3_3
Parameters: 0.999999 0.000252787 0.00132606 -0.000252703 1 -3.36711e-05 -0.00132608 3.35761e-05 0.999999 -0.089708 -0.00639229 -0.156767
FixedParameters: 0 0 0

#Transform 83
Transform: AffineTransform_float_3_3
Parameters: 1 0.000329412 0.00114495 -0.000328427 1 -0.000430089 -0.00114524 0.000430269 0.999999 -0.0965223 0.0128752 -0.0945526
FixedParameters: 0 0 0

#Transform 84
Transform: AffineTransform_float_3_3
Parameters: 0.999999 0.000528366 0.0011368 -0.000526893 0.999999 -0.000650026 -0.00113748 0.000649402 0.999999 -0.107936 0.0384675 -0.0491548
FixedParameters: 0 0 0

#Transform 85
Transform: AffineTransform_float_3_3
Parameters: 0.999999 0.000185626 0.00137259 -0.000185062 1 -0.000505389 -0.00137221 0.000505815 0.999999 -0.119812 -0.000458054 -0.058956
FixedParameters: 0 0 0

#Transform 86
Transform: AffineTransform_float_3_3
Parameters: 0.999998 0.000195688 0.00202627 -0.000194344 1 -0.000740975 -0.00202542 0.000740405 0.999998 -0.128158 -0.00267948 -0.0514513
FixedParameters: 0 0 0

#Transform 87
Transform: AffineTransform_float_3_3
Parameters: 0.999998 0.000442992 0.00159149 -0.000441747 1 -0.000909019 -0.00159115 0.00090819 0.999999 -0.122827 0.0449192 -0.0526117
FixedParameters: 0 0 0

#Transform 88
Transform: AffineTransform_float_3_3
Parameters: 0.999998 0.0002271 0.00206056 -0.000226037 1 -0.000798009 -0.00206061 0.000797301 0.999998 -0.146272 0.029827 -0.0711938
FixedParameters: 0 0 0

#Transform 89
Transform: AffineTransform_float_3_3
Parameters: 0.999997 0.000163086 0.00241256 -0.000162082 1 -0.00050106 -0.00241298 0.000500141 0.999997 -0.154349 -0.00930018 -0.0372902
FixedParameters: 0 0 0

#Transform 90
Transform: AffineTransform_float_3_3
Parameters: 0.999998 0.000340353 0.00221979 -0.000338155 0.999999 -0.00118182 -0.00221971 0.00118147 0.999997 -0.147406 0.102316 -0.169405
FixedParameters: 0 0 0

#Transform 91
Transform: AffineTransform_float_3_3
Parameters: 0.999998 0.000243435 0.00208339 -0.000242057 1 -0.000865046 -0.00208349 0.000864261 0.999998 -0.155557 -0.0424816 0.0227965
FixedParameters: 0 0 0

#Transform 92
Transform: AffineTransform_float_3_3
Parameters: 0.999998 0.000343893 0.00208728 -0.000341674 0.999999 -0.0010648 -0.0020877 0.00106359 0.999997 -0.145972 0.0312883 -0.0526814
FixedParameters: 0 0 0

#Transform 93
Transform: AffineTransform_float_3_3
Parameters: 0.999998 0.000209051 0.00203638 -0.000207257 1 -0.000644295 -0.00203608 0.000644024 0.999998 -0.139128 0.00276026 -0.0549816
FixedParameters: 0 0 0

#Transform 94
Transform: AffineTransform_float_3_3
Parameters: 0.999997 0.000429061 0.00235822 -0.000427586 1 -0.000490096 -0.00235807 0.000489228 0.999997 -0.143305 -0.0116294 -0.0759436
FixedParameters: 0 0 0

#Transform 95
Transform: AffineTransform_float_3_3
Parameters: 0.999998 0.000362471 0.00191366 -0.000361936 0.999999 -0.000505643 -0.00191428 0.000505414 0.999998 -0.128179 0.00112677 -0.0951497
FixedParameters: 0 0 0

#Transform 96
Transform: AffineTransform_float_3_3
Parameters: 0.999999 0.000512052 0.00177914 -0.00051133 1 -0.000436034 -0.00177901 0.000435724 0.999998 -0.109248 -0.00979815 -0.106382
FixedParameters: 0 0 0

#Transform 97
Transform: AffineTransform_float_3_3
Parameters: 0.999999 0.0003941 0.00181687 -0.000392726 1 -0.000763673 -0.00181772 0.000762467 0.999999 -0.122582 0.0392223 -0.113006
FixedParameters: 0 0 0

#Transform 98
Transform: AffineTransform_float_3_3
Parameters: 0.999999 0.000426165 0.0017658 -0.000424217 1 -0.000946716 -0.00176686 0.000945796 0.999998 -0.121052 0.0219878 -0.120329
FixedParameters: 0 0 0

#Transform 99
Transform: AffineTransform_float_3_3
Parameters: 0.999999 0.000423726 0.00176718 -0.000423102 1 -0.000571253 -0.00176792 0.000571272 0.999998 -0.114228 -0.00939544 -0.1117
FixedParameters: 0 0 0

#Transform 100
Transform: AffineTransform_float_3_3
Parameters: 0.999999 0.000375261 0.00180066 -0.000374893 1 -0.000718519 -0.00180089 0.000718686 0.999998 -0.119317 0.0184974 -0.12355
FixedParameters: 0 0 0

#Transform 101
Transform: AffineTransform_float_3_3
Parameters: 0.999999 0.000422414 0.00176792 -0.000422506 1 -0.000370721 -0.00176849 0.00036981 0.999998 -0.11309 0.00693126 -0.126395
FixedParameters: 0 0 0

#Transform 102
Transform: AffineTransform_float_3_3
Parameters: 0.999999 0.000423479 0.00176732 -0.000422989 1 -0.000533253 -0.00176803 0.000533273 0.999998 -0.117268 0.00262801 -0.137466
FixedParameters: 0 0 0

#Transform 103
Transform: AffineTransform_float_3_3
Parameters: 0.999999 0.000403608 0.0017282 -0.000400708 0.999999 -0.00131765 -0.00172812 0.00131684 0.999997 -0.114188 0.0224249 -0.128685
FixedParameters: 0 0 0

#Transform 104
Transform: AffineTransform_float_3_3
Parameters: 0.999999 0.000386912 0.00171133 -0.000385166 1 -0.000752631 -0.00171134 0.000751887 0.999999 -0.109209 0.0288839 -0.129212
FixedParameters: 0 0 0

#Transform 105
Transform: AffineTransform_float_3_3
Parameters: 0.999999 0.000386633 0.00171605 -0.000385415 1 -0.000358642 -0.00171634 0.000357893 0.999998 -0.117819 -0.0299457 -0.117972
FixedParameters: 0 0 0

#Transform 106
Transform: AffineTransform_float_3_3
Parameters: 0.999998 0.000683857 0.00178862 -0.000683028 0.999999 -0.000852567 -0.00178947 0.00085164 0.999998 -0.121222 -0.00271897 -0.118175
FixedParameters: 0 0 0

#Transform 107
Transform: AffineTransform_float_3_3
Parameters: 0.999998 0.00053753 0.00156363 -0.000536965 1 -0.000182604 -0.00156382 0.000181499 0.999999 -0.105162 -0.0216734 -0.140687
FixedParameters: 0 0 0

#Transform 108
Transform: AffineTransform_float_3_3
Parameters: 0.999999 0.000664841 0.00131481 -0.00066378 0.999999 -0.000719232 -0.0013152 0.000718062 0.999999 -0.0991256 -0.0241725 -0.0929603
FixedParameters: 0 0 0

#Transform 109
Transform: AffineTransform_float_3_3
Parameters: 0.999998 0.000594113 0.0014996 -0.000591969 1 -0.000987514 -0.00150019 0.000986671 0.999998 -0.0926024 -0.00235638 -0.144691
FixedParameters: 0 0 0

#Transform 110
Transform: AffineTransform_float_3_3
Parameters: 0.999998 0.000720871 0.00141218 -0.000720076 0.999999 -0.000575424 -0.00141244 0.000573967 0.999999 -0.0960299 -0.0295454 -0.0881915
FixedParameters: 0 0 0

#Transform 111
Transform: AffineTransform_float_3_3
Parameters: 0.999998 0.00152181 0.00131388 -0.00151886 0.999996 -0.00246051 -0.00131768 0.00245873 0.999996 -0.183785 0.0801626 -0.0795514
FixedParameters: 0 0 0

#Transform 112
Transform: AffineTransform_float_3_3
Parameters: 0.999999 0.000711158 0.00158839 -0.000706179 0.999996 -0.00259805 -0.00158978 0.00259767 0.999995 -0.170443 0.0759631 -0.11723
FixedParameters: 0 0 0

#Transform 113
Transform: AffineTransform_float_3_3
Parameters: 0.999998 0.000489824 0.00159144 -0.000486667 0.999998 -0.00194389 -0.00159244 0.00194292 0.999997 -0.160867 0.0292917 -0.0820731
FixedParameters: 0 0 0

#Transform 114
Transform: AffineTransform_float_3_3
Parameters: 0.999999 0.000542115 0.00166829 -0.000538943 0.999998 -0.00186101 -0.00166942 0.0018598 0.999997 -0.155797 0.0184721 -0.121264
FixedParameters: 0 0 0

#Transform 115
Transform: AffineTransform_float_3_3
Parameters: 0.999997 0.00106255 0.00245006 -0.00106261 0.999999 6.49265e-06 -0.00245005 -9.61532e-06 0.999997 -0.151947 0.0931362 -0.0899328
FixedParameters: 0 0 0

#Transform 116
Transform: AffineTransform_float_3_3
Parameters: 0.999998 -5.17353e-05 0.00206611 4.73272e-05 0.999998 0.00213927 -0.00206692 -0.00213887 0.999996 -0.0895809 0.0450175 -0.0583369
FixedParameters: 0 0 0

#Transform 117
Transform: AffineTransform_float_3_3
Parameters: 0.999999 0.000138895 0.00141375 -0.000139826 1 0.000327649 -0.00141366 -0.000327468 0.999999 -0.0504992 0.0228765 -0.106849
FixedParameters: 0 0 0

#Transform 118
Transform: AffineTransform_float_3_3
Parameters: 0.999999 -0.000211115 0.00133857 0.000211248 1 0.000468711 -0.00133851 -0.000467578 0.999999 -0.0584245 0.00812738 -0.100409
FixedParameters: 0 0 0

#Transform 119
Transform: AffineTransform_float_3_3
Parameters: 0.999999 -0.000223622 0.000888801 0.00022314 0.999999 0.000268568 -0.000888917 -0.000268529 1 -0.0390194 -0.0040435 -0.136418
FixedParameters: 0 0 0
