# transform file /out/sourcedata/freesurfer/sub-v1s18x0051230_ses-1/mri/transforms/cc_up.lta
# created by oesteban on Mon Mar  9 06:33:17 2026

type      = 0 # LINEAR_VOX_TO_VOX
nxforms   = 1
mean      = 129.0000 122.0000 123.0000
sigma     = 10000.0000
1 4 4
9.999326467514038e-01 4.567872267216444e-03 -1.066873967647552e-02 -2.760395109653473e-01 
-4.567611962556839e-03 9.999895691871643e-01 4.873394209425896e-05 2.358486366271973e+01 
1.066885143518448e-02 3.637978807091713e-12 9.999430775642395e-01 1.463009166717529e+01 
0.000000000000000e+00 0.000000000000000e+00 0.000000000000000e+00 1.000000000000000e+00 
src volume info
valid = 1  # volume info valid
filename = /out/sourcedata/freesurfer/sub-v1s18x0051230_ses-1/mri/norm.mgz
volume = 256 256 256
voxelsize = 1.000000000000000e+00 1.000000000000000e+00 1.000000000000000e+00
xras   = -1.000000000000000e+00 0.000000000000000e+00 0.000000000000000e+00
yras   = 0.000000000000000e+00 0.000000000000000e+00 -1.000000000000000e+00
zras   = 0.000000000000000e+00 1.000000000000000e+00 0.000000000000000e+00
cras   = 1.810523986816406e+00 4.626655578613281e+00 1.492251586914062e+01
dst volume info
valid = 1  # volume info valid
filename = /out/sourcedata/freesurfer/sub-v1s18x0051230_ses-1/mri/norm.mgz
volume = 256 256 256
voxelsize = 1.000000000000000e+00 1.000000000000000e+00 1.000000000000000e+00
xras   = -1.000000000000000e+00 0.000000000000000e+00 0.000000000000000e+00
yras   = 0.000000000000000e+00 0.000000000000000e+00 -1.000000000000000e+00
zras   = 0.000000000000000e+00 1.000000000000000e+00 0.000000000000000e+00
cras   = 1.810523986816406e+00 4.626655578613281e+00 1.492251586914062e+01
