# transform file /out/sourcedata/freesurfer/sub-v1s18x0051201_ses-1/mri/transforms/cc_up.lta
# created by oesteban on Mon Mar  9 04:46:35 2026

type      = 0 # LINEAR_VOX_TO_VOX
nxforms   = 1
mean      = 124.0000 129.0000 121.0000
sigma     = 10000.0000
1 4 4
9.966188669204712e-01 -6.635880470275879e-02 4.845004901289940e-02 4.275947093963623e+00 
6.628052890300751e-02 9.977958798408508e-01 3.222189610823989e-03 1.059740161895752e+01 
-4.855707660317421e-02 -2.328306436538696e-10 9.988204240798950e-01 2.520302200317383e+01 
0.000000000000000e+00 0.000000000000000e+00 0.000000000000000e+00 1.000000000000000e+00 
src volume info
valid = 1  # volume info valid
filename = /out/sourcedata/freesurfer/sub-v1s18x0051201_ses-1/mri/norm.mgz
volume = 256 256 256
voxelsize = 1.000000000000000e+00 1.000000000000000e+00 1.000000000000000e+00
xras   = -9.999999403953552e-01 0.000000000000000e+00 0.000000000000000e+00
yras   = 0.000000000000000e+00 0.000000000000000e+00 -1.000000000000000e+00
zras   = 0.000000000000000e+00 1.000000000000000e+00 0.000000000000000e+00
cras   = 1.272125244140625e-01 1.026763916015625e+00 8.803642272949219e+00
dst volume info
valid = 1  # volume info valid
filename = /out/sourcedata/freesurfer/sub-v1s18x0051201_ses-1/mri/norm.mgz
volume = 256 256 256
voxelsize = 1.000000000000000e+00 1.000000000000000e+00 1.000000000000000e+00
xras   = -9.999999403953552e-01 0.000000000000000e+00 0.000000000000000e+00
yras   = 0.000000000000000e+00 0.000000000000000e+00 -1.000000000000000e+00
zras   = 0.000000000000000e+00 1.000000000000000e+00 0.000000000000000e+00
cras   = 1.272125244140625e-01 1.026763916015625e+00 8.803642272949219e+00
