# transform file transforms/talairach.lta
# created by oesteban on Mon Mar  9 03:36:01 2026

type      = 0 # LINEAR_VOX_TO_VOX
nxforms   = 1
mean      = 124.0000 129.0000 121.0000
sigma     = 10000.0000
1 4 4
1.029451966285706e+00 -1.063270866870880e-01 6.113830953836441e-02 1.494903206825256e+00 
8.170973509550095e-02 1.132858276367188e+00 1.351136714220047e-01 -4.946781921386719e+01 
-6.551427394151688e-02 -1.605576276779175e-01 1.063565850257874e+00 1.194752883911133e+01 
0.000000000000000e+00 0.000000000000000e+00 0.000000000000000e+00 1.000000000000000e+00 
src volume info
valid = 1  # volume info valid
filename = nu.mgz
volume = 256 256 256
voxelsize = 1.000000000000000e+00 1.000000000000000e+00 1.000000000000000e+00
xras   = -9.999999403953552e-01 0.000000000000000e+00 0.000000000000000e+00
yras   = 0.000000000000000e+00 0.000000000000000e+00 -1.000000000000000e+00
zras   = 0.000000000000000e+00 1.000000000000000e+00 0.000000000000000e+00
cras   = 1.272125244140625e-01 1.026763916015625e+00 8.803642272949219e+00
dst volume info
valid = 1  # volume info valid
filename = /opt/freesurfer/average/RB_all_2020-01-02.gca
volume = 256 256 256
voxelsize = 1.000000000000000e+00 1.000000000000000e+00 1.000000000000000e+00
xras   = -1.000000000000000e+00 0.000000000000000e+00 0.000000000000000e+00
yras   = 0.000000000000000e+00 0.000000000000000e+00 -1.000000000000000e+00
zras   = 0.000000000000000e+00 1.000000000000000e+00 0.000000000000000e+00
cras   = 0.000000000000000e+00 0.000000000000000e+00 0.000000000000000e+00
