#Insight Transform File V1.0
#Transform 0
Transform: AffineTransform_float_3_3
Parameters: 0.999979 0.00286662 0.00593726 -0.00269907 0.999602 -0.0280628 -0.00601498 0.0280461 0.999589 -0.0653163 -0.201685 -0.607099
FixedParameters: 0 0 0

#Transform 1
Transform: AffineTransform_float_3_3
Parameters: 0.999969 0.00335924 0.00714742 -0.00312794 0.999478 -0.0321383 -0.00725197 0.0321148 0.999458 -0.129751 -0.221231 -0.497698
FixedParameters: 0 0 0

#Transform 2
Transform: AffineTransform_float_3_3
Parameters: 0.999971 0.0031748 0.0068483 -0.00294106 0.999423 -0.0338431 -0.00695223 0.0338228 0.999404 -0.0996451 -0.188068 -0.469441
FixedParameters: 0 0 0

#Transform 3
Transform: AffineTransform_float_3_3
Parameters: 0.999974 0.00286869 0.00660424 -0.00265775 0.999492 -0.0317563 -0.00669247 0.0317382 0.999474 -0.0832906 -0.146278 -0.421489
FixedParameters: 0 0 0

#Transform 4
Transform: AffineTransform_float_3_3
Parameters: 0.999976 0.00281608 0.00640538 -0.00260374 0.999454 -0.0329318 -0.00649468 0.0329142 0.999437 -0.115181 -0.190661 0.027157
FixedParameters: 0 0 0

#Transform 5
Transform: AffineTransform_float_3_3
Parameters: 0.999976 0.00316155 0.00613577 -0.00296018 0.999469 -0.03244 -0.00623534 0.0324213 0.999455 -0.10172 -0.182997 -0.20898
FixedParameters: 0 0 0

#Transform 6
Transform: AffineTransform_float_3_3
Parameters: 0.999969 0.00309798 0.00724131 -0.00285223 0.99943 -0.0336475 -0.00734158 0.0336264 0.999408 -0.135199 -0.103879 -0.534383
FixedParameters: 0 0 0

#Transform 7
Transform: AffineTransform_float_3_3
Parameters: 0.999969 0.00316474 0.00709171 -0.00292926 0.999456 -0.0328552 -0.00719154 0.0328325 0.999435 -0.124259 -0.169252 -0.481577
FixedParameters: 0 0 0

#Transform 8
Transform: AffineTransform_float_3_3
Parameters: 0.999971 0.00299302 0.00710443 -0.0027594 0.999466 -0.0325722 -0.00719816 0.0325514 0.999445 -0.139962 -0.154761 -0.506978
FixedParameters: 0 0 0

#Transform 9
Transform: AffineTransform_float_3_3
Parameters: 0.999977 0.00254189 0.00625743 -0.00233405 0.999454 -0.0329655 -0.00633757 0.0329508 0.999437 -0.0981299 -0.184631 -0.558111
FixedParameters: 0 0 0

#Transform 10
Transform: AffineTransform_float_3_3
Parameters: 0.999977 0.00236478 0.00635223 -0.00215816 0.999477 -0.0322575 -0.00642577 0.0322427 0.99946 -0.0809846 -0.104973 -0.665808
FixedParameters: 0 0 0

#Transform 11
Transform: AffineTransform_float_3_3
Parameters: 0.999926 0.00400335 0.0114993 -0.00367323 0.999583 -0.0286563 -0.0116093 0.0286113 0.999523 -0.241787 -0.175836 -0.984562
FixedParameters: 0 0 0

#Transform 12
Transform: AffineTransform_float_3_3
Parameters: 0.999936 0.00289093 0.0109525 -0.00253059 0.999456 -0.0328784 -0.0110418 0.0328486 0.999399 -0.194915 -0.0752335 -0.772737
FixedParameters: 0 0 0

#Transform 13
Transform: AffineTransform_float_3_3
Parameters: 0.999968 0.00352795 0.00708493 -0.00328185 0.999399 -0.0345048 -0.00720284 0.0344805 0.99938 -0.0752451 -0.223126 -0.404398
FixedParameters: 0 0 0

#Transform 14
Transform: AffineTransform_float_3_3
Parameters: 0.999966 0.00368825 0.00728999 -0.00343474 0.999403 -0.0343664 -0.00741241 0.0343401 0.999383 -0.0987242 -0.160138 -0.540111
FixedParameters: 0 0 0

#Transform 15
Transform: AffineTransform_float_3_3
Parameters: 0.999967 0.00373029 0.0072066 -0.00349096 0.99945 -0.0329801 -0.0073263 0.032954 0.99943 -0.100829 -0.244415 -0.48342
FixedParameters: 0 0 0

#Transform 16
Transform: AffineTransform_float_3_3
Parameters: 0.999994 -0.000310552 -0.00338827 0.000340951 0.99996 0.00894071 0.00338561 -0.00894171 0.999954 -0.129827 0.0752122 0.0903529
FixedParameters: 0 0 0

#Transform 17
Transform: AffineTransform_float_3_3
Parameters: 0.999998 0.000517297 -0.0018958 -0.000504078 0.999976 0.00693964 0.00189932 -0.00693827 0.999975 -0.158284 -0.0512586 0.024998
FixedParameters: 0 0 0

#Transform 18
Transform: AffineTransform_float_3_3
Parameters: 0.999999 0.00133811 -0.000704381 -0.00133417 0.999987 0.00475975 0.000711208 -0.00475819 0.999989 -0.242773 -0.0535512 0.129865
FixedParameters: 0 0 0

#Transform 19
Transform: AffineTransform_float_3_3
Parameters: 0.999998 -0.00166149 0.000198508 0.00166127 0.999999 0.000447124 -0.000199805 -0.000446653 0.999999 0.0249332 0.0149526 0.18931
FixedParameters: 0 0 0

#Transform 20
Transform: AffineTransform_float_3_3
Parameters: 1 -0.000489374 -0.000405962 0.000488585 0.999999 -0.00179939 0.000406937 0.00179901 0.999999 0.00148078 0.0287294 0.0206367
FixedParameters: 0 0 0

#Transform 21
Transform: AffineTransform_float_3_3
Parameters: 1 0.000660629 1.64448e-05 -0.000660574 0.999998 0.00189586 -1.55443e-05 -0.00189593 0.999998 0.0182084 -0.0642243 -0.133558
FixedParameters: 0 0 0

#Transform 22
Transform: AffineTransform_float_3_3
Parameters: 1 0.000210271 -0.000272494 -0.000210621 1 -0.000642626 0.000272224 0.000642741 1 -0.044294 0.0772839 0.00689187
FixedParameters: 0 0 0

#Transform 23
Transform: AffineTransform_float_3_3
Parameters: 0.999971 -0.00108887 -0.00746424 0.00130524 0.999577 0.0290519 0.0074301 -0.0290603 0.99955 -0.0899646 0.177676 0.738622
FixedParameters: 0 0 0

#Transform 24
Transform: AffineTransform_float_3_3
Parameters: 0.999982 -0.000620192 -0.00592056 0.000779816 0.99963 0.0271721 0.00590135 -0.0271759 0.999614 -0.123414 0.0764724 1.07245
FixedParameters: 0 0 0

#Transform 25
Transform: AffineTransform_float_3_3
Parameters: 0.999989 -0.000392675 -0.00453079 0.000487451 0.99978 0.0209475 0.00452147 -0.0209502 0.99977 -0.111331 0.235687 0.700144
FixedParameters: 0 0 0

#Transform 26
Transform: AffineTransform_float_3_3
Parameters: 0.999993 -0.000339096 -0.00375354 0.00038787 0.999916 0.01295 0.00374887 -0.0129514 0.999909 -0.104428 0.092276 0.627597
FixedParameters: 0 0 0

#Transform 27
Transform: AffineTransform_float_3_3
Parameters: 1 0.000129675 -0.000282036 -0.000125641 0.999934 0.0114385 0.000283153 -0.0114383 0.999934 -0.153331 0.0651262 -0.110048
FixedParameters: 0 0 0

#Transform 28
Transform: AffineTransform_float_3_3
Parameters: 0.999999 0.000868487 0.00109116 -0.000874909 0.999985 0.00536757 -0.00108648 -0.00536837 0.999984 -0.186329 -0.055049 -0.0667524
FixedParameters: 0 0 0

#Transform 29
Transform: AffineTransform_float_3_3
Parameters: 0.999999 0.00132796 0.00115046 -0.00133069 0.999997 0.00229313 -0.00114761 -0.00229486 0.999996 -0.179371 -0.00287311 0.00200372
FixedParameters: 0 0 0

#Transform 30
Transform: AffineTransform_float_3_3
Parameters: 0.999999 0.00137224 0.00116896 -0.00137523 0.999996 0.00269018 -0.00116548 -0.00269204 0.999995 -0.180974 -0.0328223 0.0432455
FixedParameters: 0 0 0

#Transform 31
Transform: AffineTransform_float_3_3
Parameters: 0.999998 0.00146193 0.0013592 -0.00146532 0.999996 0.0022022 -0.00135603 -0.00220521 0.999997 -0.189242 0.00764062 -0.17914
FixedParameters: 0 0 0

#Transform 32
Transform: AffineTransform_float_3_3
Parameters: 0.999998 0.00150544 0.00142024 -0.00150875 0.999997 0.00223116 -0.00141605 -0.00223312 0.999997 -0.169953 -0.00559981 -0.142564
FixedParameters: 0 0 0

#Transform 33
Transform: AffineTransform_float_3_3
Parameters: 0.999998 0.00138401 0.00141145 -0.00138595 0.999998 0.000782838 -0.00141065 -0.000784926 0.999999 -0.166314 -0.0549166 -0.139464
FixedParameters: 0 0 0

#Transform 34
Transform: AffineTransform_float_3_3
Parameters: 0.999996 0.00169366 0.00192019 -0.00169419 0.999998 0.000334756 -0.00191957 -0.000338078 0.999998 -0.170709 0.00470405 -0.134538
FixedParameters: 0 0 0

#Transform 35
Transform: AffineTransform_float_3_3
Parameters: 0.999998 0.00181144 0.00110453 -0.00181545 0.999992 0.00344978 -0.00109903 -0.00345159 0.999993 -0.183168 0.0103944 -0.0448561
FixedParameters: 0 0 0

#Transform 36
Transform: AffineTransform_float_3_3
Parameters: 0.999999 0.00125815 0.000797751 -0.00126155 0.99999 0.00438989 -0.000791955 -0.00439055 0.99999 -0.159052 -0.0575431 0.0106975
FixedParameters: 0 0 0

#Transform 37
Transform: AffineTransform_float_3_3
Parameters: 1 0.000550206 0.000470162 -0.000553132 0.999988 0.00478517 -0.000467909 -0.00478474 0.999988 -0.129822 -0.0452907 -0.0218938
FixedParameters: 0 0 0

#Transform 38
Transform: AffineTransform_float_3_3
Parameters: 0.999999 0.00108484 0.00145832 -0.00108891 0.999995 0.00315626 -0.00145456 -0.00315738 0.999994 -0.138409 0.0268109 -0.138609
FixedParameters: 0 0 0

#Transform 39
Transform: AffineTransform_float_3_3
Parameters: 0.999999 0.000377709 0.000866575 -0.000377492 1 -0.000645508 -0.000866614 0.000645754 1 -0.104937 -0.00303749 -0.218212
FixedParameters: 0 0 0

#Transform 40
Transform: AffineTransform_float_3_3
Parameters: 0.999999 0.000710619 0.000699856 -0.000712436 0.999997 0.00231658 -0.000698017 -0.00231754 0.999997 -0.12642 -0.0514533 -0.0815652
FixedParameters: 0 0 0

#Transform 41
Transform: AffineTransform_float_3_3
Parameters: 0.999968 -0.000772035 -0.00803175 0.00080229 0.999992 0.00386068 0.00802898 -0.00386692 0.999961 -0.133667 -0.0973402 -0.345571
FixedParameters: 0 0 0

#Transform 42
Transform: AffineTransform_float_3_3
Parameters: 0.999987 0.00021076 -0.00510013 -0.000248888 0.999972 -0.00739049 0.00509826 0.00739139 0.99996 -0.0911291 0.0857809 -0.0290857
FixedParameters: 0 0 0

#Transform 43
Transform: AffineTransform_float_3_3
Parameters: 0.999999 0.00127703 2.94406e-07 -0.00127646 0.999987 -0.00499367 -6.82048e-06 0.00499342 0.999987 -0.244928 -0.0271845 0.258349
FixedParameters: 0 0 0

#Transform 44
Transform: AffineTransform_float_3_3
Parameters: 0.999999 0.00132099 0.000119707 -0.00132016 0.999984 -0.00546034 -0.000127679 0.00546066 0.999985 -0.237218 -0.0653541 0.0481961
FixedParameters: 0 0 0

#Transform 45
Transform: AffineTransform_float_3_3
Parameters: 0.999998 0.00159277 0.000848721 -0.00158778 0.999982 -0.00572684 -0.000857754 0.00572501 0.999983 -0.226845 0.0821617 -0.352388
FixedParameters: 0 0 0

#Transform 46
Transform: AffineTransform_float_3_3
Parameters: 0.999975 0.00178316 0.00684024 -0.00179242 0.999997 0.00135683 -0.00683782 -0.00136947 0.999976 0.0641393 0.129156 -2.9064
FixedParameters: 0 0 0

#Transform 47
Transform: AffineTransform_float_3_3
Parameters: 0.999942 0.00377554 0.010158 -0.00382557 0.99998 0.00489452 -0.01014 -0.00493268 0.999937 0.0043223 0.147816 -2.67631
FixedParameters: 0 0 0

#Transform 48
Transform: AffineTransform_float_3_3
Parameters: 0.999962 0.00370391 0.00785205 -0.00374955 0.999977 0.00575686 -0.00783001 -0.00578651 0.999953 0.0792509 0.0717225 -2.97817
FixedParameters: 0 0 0

#Transform 49
Transform: AffineTransform_float_3_3
Parameters: 0.999961 0.0033022 0.00820692 -0.00335047 0.999977 0.00588957 -0.00818732 -0.00591653 0.999949 -0.0118197 -0.109602 -2.31429
FixedParameters: 0 0 0

#Transform 50
Transform: AffineTransform_float_3_3
Parameters: 0.999992 0.00183969 0.00332357 -0.00185417 0.999989 0.00424876 -0.00331628 -0.00425476 0.999985 0.0861769 -0.217735 -0.808302
FixedParameters: 0 0 0

#Transform 51
Transform: AffineTransform_float_3_3
Parameters: 0.999996 0.00146333 0.00269846 -0.00146051 0.999998 -0.00122978 -0.00270066 0.00122507 0.999995 0.103392 -0.0415036 -0.81633
FixedParameters: 0 0 0

#Transform 52
Transform: AffineTransform_float_3_3
Parameters: 1 0.000596006 0.000227795 -0.000595724 0.999999 -0.00149764 -0.000228273 0.00149777 0.999998 0.0842678 -0.0533102 -0.960925
FixedParameters: 0 0 0

#Transform 53
Transform: AffineTransform_float_3_3
Parameters: 1 0.000612529 6.98709e-05 -0.000612704 0.999999 -0.00174476 -7.08523e-05 0.0017447 0.999999 0.0789927 -0.15139 -0.900901
FixedParameters: 0 0 0

#Transform 54
Transform: AffineTransform_float_3_3
Parameters: 1 0.000703102 0.000786366 -0.000701208 0.999998 -0.00203048 -0.000787463 0.00203068 0.999998 0.0793419 -0.0828524 -0.905397
FixedParameters: 0 0 0

#Transform 55
Transform: AffineTransform_float_3_3
Parameters: 0.999999 0.000564563 0.000880703 -0.000561539 0.999996 -0.00305185 -0.00088216 0.00305119 0.999995 0.0775215 -0.111867 -0.893259
FixedParameters: 0 0 0

#Transform 56
Transform: AffineTransform_float_3_3
Parameters: 0.999999 0.000836912 0.00131825 -0.000832619 0.999993 -0.00370377 -0.00132185 0.00370232 0.999992 0.0783542 -0.0775724 -0.912317
FixedParameters: 0 0 0

#Transform 57
Transform: AffineTransform_float_3_3
Parameters: 0.999999 0.00064808 0.00120393 -0.000643183 0.999992 -0.00401823 -0.00120717 0.00401781 0.999991 0.0740034 -0.105811 -0.893822
FixedParameters: 0 0 0

#Transform 58
Transform: AffineTransform_float_3_3
Parameters: 1 0.000135315 0.000250674 -0.000134922 0.999989 -0.00462974 -0.000251216 0.00462964 0.99999 0.0706307 -0.111532 -0.907259
FixedParameters: 0 0 0

#Transform 59
Transform: AffineTransform_float_3_3
Parameters: 1 0.000100917 0.000496046 -9.76903e-05 0.999985 -0.00557657 -0.000497004 0.00557642 0.999985 0.0722166 -0.121724 -0.965676
FixedParameters: 0 0 0

#Transform 60
Transform: AffineTransform_float_3_3
Parameters: 0.999999 0.000263063 0.000826134 -0.00025769 0.999979 -0.00637158 -0.000828181 0.00637193 0.99998 0.0871668 -0.097763 -0.910025
FixedParameters: 0 0 0

#Transform 61
Transform: AffineTransform_float_3_3
Parameters: 1 0.000236839 0.000403633 -0.000234137 0.999981 -0.0060368 -0.000404351 0.00603665 0.999982 0.0855775 -0.0828328 -0.830423
FixedParameters: 0 0 0

#Transform 62
Transform: AffineTransform_float_3_3
Parameters: 0.999999 0.000438189 0.000567333 -0.000434993 0.999982 -0.00593477 -0.000570649 0.00593422 0.999983 0.0808612 -0.108816 -0.840525
FixedParameters: 0 0 0

#Transform 63
Transform: AffineTransform_float_3_3
Parameters: 0.999999 0.000207093 0.000726296 -0.00020232 0.999981 -0.00621483 -0.000728018 0.00621534 0.999981 0.0770774 -0.0927575 -0.851918
FixedParameters: 0 0 0

#Transform 64
Transform: AffineTransform_float_3_3
Parameters: 1 0.000671593 0.000918177 -0.000664455 0.999972 -0.00736755 -0.00092328 0.00736719 0.999973 0.0865445 -0.0774033 -0.863746
FixedParameters: 0 0 0

#Transform 65
Transform: AffineTransform_float_3_3
Parameters: 0.999999 0.000648357 0.00125469 -0.000637843 0.999967 -0.00814669 -0.0012602 0.00814614 0.999966 0.0703923 -0.0876014 -0.859918
FixedParameters: 0 0 0

#Transform 66
Transform: AffineTransform_float_3_3
Parameters: 0.999999 0.000622945 0.00140317 -0.000610355 0.999958 -0.00912861 -0.00140882 0.00912747 0.999958 0.0730789 -0.0715125 -0.908624
FixedParameters: 0 0 0

#Transform 67
Transform: AffineTransform_float_3_3
Parameters: 0.999999 0.000674918 0.00102528 -0.000665387 0.999957 -0.00927283 -0.00103211 0.00927168 0.999956 0.0856336 -0.0883362 -0.881143
FixedParameters: 0 0 0

#Transform 68
Transform: AffineTransform_float_3_3
Parameters: 0.999998 0.00108169 0.00156411 -0.00106406 0.999936 -0.0112545 -0.00157694 0.011253 0.999936 0.111728 -0.142274 -0.88674
FixedParameters: 0 0 0

#Transform 69
Transform: AffineTransform_float_3_3
Parameters: 0.999997 0.00127821 0.00190987 -0.00125192 0.999906 -0.0136655 -0.00192753 0.0136641 0.999904 0.113228 -0.144419 -0.844299
FixedParameters: 0 0 0

#Transform 70
Transform: AffineTransform_float_3_3
Parameters: 0.999997 0.00148087 0.00172329 -0.00145345 0.999873 -0.0158854 -0.00174639 0.0158832 0.999872 0.112814 -0.0967636 -0.905119
FixedParameters: 0 0 0

#Transform 71
Transform: AffineTransform_float_3_3
Parameters: 0.999997 0.000953507 0.00183709 -0.000923989 0.99987 -0.0160953 -0.00185257 0.0160926 0.999869 0.0876833 -0.143257 -0.89455
FixedParameters: 0 0 0

#Transform 72
Transform: AffineTransform_float_3_3
Parameters: 0.999997 0.00113908 0.00216933 -0.00110223 0.99986 -0.0166943 -0.00218834 0.0166922 0.999858 0.0972389 -0.127965 -0.858365
FixedParameters: 0 0 0

#Transform 73
Transform: AffineTransform_float_3_3
Parameters: 0.999996 0.00119697 0.00255228 -0.0011523 0.999846 -0.0174898 -0.0025723 0.0174872 0.999844 0.0810658 -0.115553 -0.834851
FixedParameters: 0 0 0

#Transform 74
Transform: AffineTransform_float_3_3
Parameters: 0.999995 0.00145537 0.00269802 -0.0014114 0.999868 -0.0162115 -0.00272174 0.0162084 0.999865 0.0701487 -0.139854 -0.777435
FixedParameters: 0 0 0

#Transform 75
Transform: AffineTransform_float_3_3
Parameters: 0.999995 0.00154396 0.00267658 -0.00149557 0.999838 -0.0179778 -0.00270437 0.0179735 0.999835 0.0888535 -0.148807 -0.808811
FixedParameters: 0 0 0

#Transform 76
Transform: AffineTransform_float_3_3
Parameters: 0.999998 0.00112839 0.00190901 -0.0010964 0.999858 -0.016758 -0.00192793 0.0167558 0.999857 0.0899552 -0.10366 -0.763853
FixedParameters: 0 0 0

#Transform 77
Transform: AffineTransform_float_3_3
Parameters: 0.999997 0.000931596 0.00209351 -0.000892329 0.999826 -0.0186245 -0.00211012 0.0186234 0.999824 0.0797999 -0.0868197 -0.758267
FixedParameters: 0 0 0

#Transform 78
Transform: AffineTransform_float_3_3
Parameters: 0.999996 0.00146337 0.00221085 -0.00141991 0.999807 -0.0195966 -0.00223895 0.0195939 0.999805 0.0804693 -0.107648 -0.726221
FixedParameters: 0 0 0

#Transform 79
Transform: AffineTransform_float_3_3
Parameters: 0.999996 0.00146876 0.00254681 -0.00141973 0.999811 -0.0194027 -0.00257529 0.0193995 0.999808 0.086564 -0.141966 -0.956315
FixedParameters: 0 0 0

#Transform 80
Transform: AffineTransform_float_3_3
Parameters: 0.999991 0.00192175 0.00390707 -0.00183327 0.999748 -0.0223717 -0.00394859 0.0223646 0.999742 0.0472009 -0.190509 -0.942131
FixedParameters: 0 0 0

#Transform 81
Transform: AffineTransform_float_3_3
Parameters: 0.999996 0.00194184 0.00242116 -0.00188349 0.999715 -0.0237625 -0.00246696 0.0237584 0.999715 0.105405 -0.17271 -0.82632
FixedParameters: 0 0 0

#Transform 82
Transform: AffineTransform_float_3_3
Parameters: 0.999993 0.00245272 0.00299593 -0.00237554 0.999672 -0.0255257 -0.00305808 0.0255181 0.99967 0.0886578 -0.163941 -0.775635
FixedParameters: 0 0 0

#Transform 83
Transform: AffineTransform_float_3_3
Parameters: 0.999997 0.00163676 0.00171627 -0.00158988 0.999631 -0.0270984 -0.00175913 0.0270962 0.999632 0.106615 -0.129652 -0.824319
FixedParameters: 0 0 0

#Transform 84
Transform: AffineTransform_float_3_3
Parameters: 0.999997 0.00158073 0.00191142 -0.0015245 0.999572 -0.0291956 -0.00195717 0.0291927 0.999572 0.110256 -0.145604 -0.746534
FixedParameters: 0 0 0

#Transform 85
Transform: AffineTransform_float_3_3
Parameters: 0.999995 0.00200132 0.00242118 -0.0019255 0.999524 -0.0307867 -0.00248141 0.0307817 0.999523 0.115157 -0.159137 -0.731211
FixedParameters: 0 0 0

#Transform 86
Transform: AffineTransform_float_3_3
Parameters: 0.999992 0.00281191 0.00281984 -0.00271937 0.999472 -0.0323659 -0.00290884 0.0323583 0.999473 0.113644 -0.190217 -0.773069
FixedParameters: 0 0 0

#Transform 87
Transform: AffineTransform_float_3_3
Parameters: 0.999997 0.00166064 0.00146822 -0.00160169 0.999225 -0.0393509 -0.00153196 0.0393483 0.999225 0.133764 -0.116561 -0.909928
FixedParameters: 0 0 0

#Transform 88
Transform: AffineTransform_float_3_3
Parameters: 0.999996 0.00199823 0.00211049 -0.00191599 0.999265 -0.0383021 -0.00218528 0.0382974 0.999264 0.129011 -0.215117 -0.812193
FixedParameters: 0 0 0

#Transform 89
Transform: AffineTransform_float_3_3
Parameters: 0.999995 0.00229266 0.00232518 -0.0022021 0.999258 -0.0384513 -0.00241157 0.0384457 0.999258 0.0991263 -0.161551 -0.844391
FixedParameters: 0 0 0

#Transform 90
Transform: AffineTransform_float_3_3
Parameters: 0.999993 0.00275324 0.00256697 -0.00265671 0.999325 -0.0366483 -0.0026662 0.0366408 0.999325 0.0790229 -0.206809 -0.738537
FixedParameters: 0 0 0

#Transform 91
Transform: AffineTransform_float_3_3
Parameters: 0.999992 0.00278648 0.00295378 -0.00268002 0.999367 -0.0354696 -0.00305103 0.0354617 0.999366 0.071449 -0.190708 -0.723471
FixedParameters: 0 0 0

#Transform 92
Transform: AffineTransform_float_3_3
Parameters: 0.999991 0.00292801 0.00313388 -0.00281278 0.999341 -0.0361823 -0.00323827 0.0361728 0.99934 0.0844953 -0.20667 -0.754985
FixedParameters: 0 0 0

#Transform 93
Transform: AffineTransform_float_3_3
Parameters: 0.99999 0.00308193 0.00316929 -0.00296715 0.99936 -0.0356481 -0.00327749 0.0356379 0.999359 0.0683585 -0.17906 -0.750611
FixedParameters: 0 0 0

#Transform 94
Transform: AffineTransform_float_3_3
Parameters: 0.999992 0.00248826 0.00298185 -0.00237926 0.999348 -0.0360253 -0.00306966 0.0360183 0.999346 0.0714887 -0.137434 -0.776425
FixedParameters: 0 0 0

#Transform 95
Transform: AffineTransform_float_3_3
Parameters: 0.999992 0.00270466 0.00313037 -0.00259087 0.999355 -0.0358 -0.00322516 0.0357909 0.999354 0.0755612 -0.168325 -0.758642
FixedParameters: 0 0 0

#Transform 96
Transform: AffineTransform_float_3_3
Parameters: 0.999989 0.00301488 0.0036934 -0.00288074 0.999349 -0.0359671 -0.00379951 0.0359559 0.999346 0.0569698 -0.147439 -0.679656
FixedParameters: 0 0 0

#Transform 97
Transform: AffineTransform_float_3_3
Parameters: 0.999999 0.00105582 0.000381316 -0.00104351 0.999521 -0.0309112 -0.000414365 0.0309109 0.999522 0.161252 -0.0755503 -0.627983
FixedParameters: 0 0 0

#Transform 98
Transform: AffineTransform_float_3_3
Parameters: 1 0.000274607 -2.98153e-05 -0.000275387 0.999595 -0.0284589 2.2297e-05 0.0284592 0.999595 0.134599 -0.188202 -0.403834
FixedParameters: 0 0 0

#Transform 99
Transform: AffineTransform_float_3_3
Parameters: 0.999999 0.00145696 -0.000817014 -0.00147422 0.999749 -0.0223832 0.000784194 0.0223846 0.999749 0.0662328 -0.12055 -0.353372
FixedParameters: 0 0 0

#Transform 100
Transform: AffineTransform_float_3_3
Parameters: 0.999997 4.79431e-06 -0.00254364 -4.80423e-05 0.999856 -0.0169961 0.00254349 0.0169953 0.999853 0.0772274 -0.0875584 -0.253444
FixedParameters: 0 0 0

#Transform 101
Transform: AffineTransform_float_3_3
Parameters: 0.999997 -1.37124e-05 -0.00225363 -3.11792e-05 0.999801 -0.0199611 0.00225334 0.0199608 0.999798 0.080194 -0.0468136 -0.296641
FixedParameters: 0 0 0

#Transform 102
Transform: AffineTransform_float_3_3
Parameters: 0.999998 -0.000269774 -0.00198725 0.00022401 0.99974 -0.0228201 0.00199338 0.0228192 0.999737 0.078791 -0.0620561 -0.27317
FixedParameters: 0 0 0

#Transform 103
Transform: AffineTransform_float_3_3
Parameters: 0.999999 0.000315706 -0.00123189 -0.000344689 0.999731 -0.0231997 0.00122379 0.0232 0.99973 0.0272457 -0.0850552 -0.157482
FixedParameters: 0 0 0

#Transform 104
Transform: AffineTransform_float_3_3
Parameters: 0.999999 0.000335706 -0.00105542 -0.000361021 0.999723 -0.0235219 0.00104772 0.0235219 0.999723 0.0158039 -0.0797103 -0.110339
FixedParameters: 0 0 0

#Transform 105
Transform: AffineTransform_float_3_3
Parameters: 1 0.000322441 -0.000957836 -0.000347819 0.999651 -0.0264333 0.000948414 0.026434 0.99965 0.0352458 -0.038607 -0.166229
FixedParameters: 0 0 0

#Transform 106
Transform: AffineTransform_float_3_3
Parameters: 0.999998 0.00166202 0.000100243 -0.00165832 0.99964 -0.0267617 -0.000145047 0.0267617 0.999642 -0.0135981 -0.0563988 -0.127473
FixedParameters: 0 0 0

#Transform 107
Transform: AffineTransform_float_3_3
Parameters: 0.999998 0.0018447 0.000304689 -0.0018349 0.999611 -0.0278465 -0.000355415 0.0278453 0.999612 -0.0136608 -0.0706411 -0.115288
FixedParameters: 0 0 0

#Transform 108
Transform: AffineTransform_float_3_3
Parameters: 0.999999 0.00150415 -0.000204899 -0.00150951 0.99958 -0.0289376 0.000161117 0.028937 0.999581 -0.00043219 -0.052189 -0.117221
FixedParameters: 0 0 0

#Transform 109
Transform: AffineTransform_float_3_3
Parameters: 0.999999 0.00129345 -0.000411168 -0.00130485 0.999576 -0.0290832 0.000373833 0.0290838 0.999577 0.000180613 -0.0578048 -0.128095
FixedParameters: 0 0 0

#Transform 110
Transform: AffineTransform_float_3_3
Parameters: 1 0.000807409 -0.000834877 -0.00083114 0.999594 -0.0284853 0.000811657 0.0284868 0.999594 -0.0249159 -0.0118638 -0.0210863
FixedParameters: 0 0 0

#Transform 111
Transform: AffineTransform_float_3_3
Parameters: 0.999998 0.00182184 -0.000471159 -0.00183329 0.999658 -0.0261008 0.000423818 0.0261019 0.999659 -0.0911576 -0.0158074 0.0782952
FixedParameters: 0 0 0

#Transform 112
Transform: AffineTransform_float_3_3
Parameters: 0.999999 0.00140627 -0.00041469 -0.00141765 0.99963 -0.0271937 0.00037611 0.0271945 0.99963 -0.0850068 -0.0257538 0.0194104
FixedParameters: 0 0 0

#Transform 113
Transform: AffineTransform_float_3_3
Parameters: 0.999998 0.00167633 -0.000289356 -0.0016837 0.999616 -0.0276616 0.000243089 0.0276619 0.999617 -0.0764494 -0.0320318 0.00825794
FixedParameters: 0 0 0

#Transform 114
Transform: AffineTransform_float_3_3
Parameters: 0.999995 0.00238196 0.00207483 -0.00232638 0.999654 -0.0262129 -0.00213593 0.0262076 0.999654 0.183361 0.25434 -0.870249
FixedParameters: 0 0 0

#Transform 115
Transform: AffineTransform_float_3_3
Parameters: 0.999999 0.000910236 -0.00128758 -0.000940392 0.99973 -0.0232139 0.00126594 0.0232145 0.99973 0.164195 -0.066623 -0.222054
FixedParameters: 0 0 0

#Transform 116
Transform: AffineTransform_float_3_3
Parameters: 0.999998 0.00150538 -0.00118887 -0.00153629 0.99964 -0.0268028 0.00114873 0.0268047 0.99964 0.0585289 -0.0680543 -0.0988631
FixedParameters: 0 0 0

#Transform 117
Transform: AffineTransform_float_3_3
Parameters: 0.999999 0.00173817 -0.000833525 -0.00175919 0.99967 -0.0256112 0.000788461 0.0256121 0.999672 0.0443832 -0.0504359 -0.0813856
FixedParameters: 0 0 0

#Transform 118
Transform: AffineTransform_float_3_3
Parameters: 0.999997 0.002225 -0.000745645 -0.00224422 0.999604 -0.0280449 0.000683172 0.0280457 0.999606 0.0194329 -0.0461691 -0.146352
FixedParameters: 0 0 0

#Transform 119
Transform: AffineTransform_float_3_3
Parameters: 0.999997 0.00244132 -0.000474367 -0.00245487 0.999538 -0.0302785 0.000400644 0.0302793 0.999541 0.00933569 -0.0428955 -0.165338
FixedParameters: 0 0 0
