# transform file /out/sourcedata/freesurfer/sub-v1s18x0051269_ses-1/mri/transforms/cc_up.lta
# created by oesteban on Mon Mar  9 08:42:28 2026

type      = 0 # LINEAR_VOX_TO_VOX
nxforms   = 1
mean      = 128.0000 107.0000 124.0000
sigma     = 10000.0000
1 4 4
9.952971935272217e-01 -4.159469157457352e-02 8.748371899127960e-02 -5.638538837432861e+00 
4.143493622541428e-02 9.991346001625061e-01 3.642010036855936e-03 3.335944366455078e+01 
-8.755949139595032e-02 0.000000000000000e+00 9.961592555046082e-01 3.066203308105469e+01 
0.000000000000000e+00 0.000000000000000e+00 0.000000000000000e+00 1.000000000000000e+00 
src volume info
valid = 1  # volume info valid
filename = /out/sourcedata/freesurfer/sub-v1s18x0051269_ses-1/mri/norm.mgz
volume = 256 256 256
voxelsize = 1.000000000000000e+00 1.000000000000000e+00 1.000000000000000e+00
xras   = -1.000000000000000e+00 0.000000000000000e+00 0.000000000000000e+00
yras   = 0.000000000000000e+00 0.000000000000000e+00 -1.000000000000000e+00
zras   = 0.000000000000000e+00 1.000000000000000e+00 0.000000000000000e+00
cras   = -4.242767333984375e+00 1.067992401123047e+01 -6.869247436523438e+00
dst volume info
valid = 1  # volume info valid
filename = /out/sourcedata/freesurfer/sub-v1s18x0051269_ses-1/mri/norm.mgz
volume = 256 256 256
voxelsize = 1.000000000000000e+00 1.000000000000000e+00 1.000000000000000e+00
xras   = -1.000000000000000e+00 0.000000000000000e+00 0.000000000000000e+00
yras   = 0.000000000000000e+00 0.000000000000000e+00 -1.000000000000000e+00
zras   = 0.000000000000000e+00 1.000000000000000e+00 0.000000000000000e+00
cras   = -4.242767333984375e+00 1.067992401123047e+01 -6.869247436523438e+00
