#Insight Transform File V1.0
#Transform 0
Transform: AffineTransform_float_3_3
Parameters: 0.99997 0.00343617 -0.00700264 -0.00362873 0.999613 -0.0275712 0.00690465 0.027595 0.999595 -0.0919454 0.466739 -2.03179
FixedParameters: 0 0 0

#Transform 1
Transform: AffineTransform_float_3_3
Parameters: 0.999945 0.00445667 -0.00949317 -0.00471624 0.99961 -0.0275398 0.00936692 0.0275827 0.999575 -0.124294 0.424833 -2.18008
FixedParameters: 0 0 0

#Transform 2
Transform: AffineTransform_float_3_3
Parameters: 0.999951 0.00439771 -0.00884125 -0.00463774 0.999618 -0.0272733 0.0087173 0.0273124 0.999589 -0.101254 0.458861 -2.13982
FixedParameters: 0 0 0

#Transform 3
Transform: AffineTransform_float_3_3
Parameters: 0.99997 0.00284426 -0.00720555 -0.00303813 0.999628 -0.0270982 0.00712642 0.0271194 0.999607 -0.0743259 0.433776 -1.98093
FixedParameters: 0 0 0

#Transform 4
Transform: AffineTransform_float_3_3
Parameters: 0.999978 0.00243897 -0.00616843 -0.00256643 0.999782 -0.0207548 0.00611628 0.02077 0.999766 -0.103715 0.403503 -1.82012
FixedParameters: 0 0 0

#Transform 5
Transform: AffineTransform_float_3_3
Parameters: 0.999988 0.00311437 -0.00384654 -0.00320332 0.999719 -0.0234747 0.00377173 0.0234871 0.999717 -0.150963 0.325162 -1.67319
FixedParameters: 0 0 0

#Transform 6
Transform: AffineTransform_float_3_3
Parameters: 0.999992 0.00283135 -0.00285977 -0.00289548 0.999734 -0.022874 0.0027939 0.022882 0.999735 -0.159307 0.321941 -1.54793
FixedParameters: 0 0 0

#Transform 7
Transform: AffineTransform_float_3_3
Parameters: 0.999993 0.00339015 -0.00154905 -0.00342395 0.999741 -0.0224703 0.00147231 0.0224761 0.999746 -0.127334 0.318214 -1.4151
FixedParameters: 0 0 0

#Transform 8
Transform: AffineTransform_float_3_3
Parameters: 0.999995 0.00280249 -0.00112876 -0.00282657 0.999759 -0.0217898 0.00106744 0.0217931 0.999762 -0.09972 0.384163 -1.26192
FixedParameters: 0 0 0

#Transform 9
Transform: AffineTransform_float_3_3
Parameters: 0.999981 0.00379331 -0.00495295 -0.00378596 0.999992 0.00160488 0.00495896 -0.00158548 0.999986 -0.0415962 0.344837 0.188586
FixedParameters: 0 0 0

#Transform 10
Transform: AffineTransform_float_3_3
Parameters: 0.999976 0.00362074 -0.00600367 -0.00357352 0.999964 0.00782711 0.0060315 -0.00780532 0.999951 -0.0479831 -0.184343 0.294238
FixedParameters: 0 0 0

#Transform 11
Transform: AffineTransform_float_3_3
Parameters: 0.999983 0.0037128 -0.0043786 -0.00369649 0.999987 0.00362394 0.00439242 -0.00360753 0.999984 -0.0337847 -0.130938 0.368481
FixedParameters: 0 0 0

#Transform 12
Transform: AffineTransform_float_3_3
Parameters: 0.999982 0.00231294 -0.00540529 -0.00225809 0.999947 0.0100526 0.00542824 -0.0100408 0.999935 -0.0759762 -0.0754477 0.353547
FixedParameters: 0 0 0

#Transform 13
Transform: AffineTransform_float_3_3
Parameters: 0.999984 0.00282074 -0.00493856 -0.00282121 0.999996 1.38948e-05 0.00493895 -1.94005e-07 0.999988 -0.165019 -0.0147554 -0.36943
FixedParameters: 0 0 0

#Transform 14
Transform: AffineTransform_float_3_3
Parameters: 0.999988 0.00233366 -0.00422845 -0.00232255 0.999994 0.00257488 0.00423422 -0.00256576 0.999988 -0.0547262 -0.0232816 -0.214133
FixedParameters: 0 0 0

#Transform 15
Transform: AffineTransform_float_3_3
Parameters: 0.999998 0.00150893 -0.0013489 -0.00150652 0.999997 0.00192903 0.00135169 -0.00192701 0.999997 -0.0176749 -0.153953 0.0217533
FixedParameters: 0 0 0

#Transform 16
Transform: AffineTransform_float_3_3
Parameters: 0.999998 0.00199401 -0.000999849 -0.00199116 0.999994 0.00280998 0.00100585 -0.00280743 0.999996 -0.0484413 -0.0429005 0.0112759
FixedParameters: 0 0 0

#Transform 17
Transform: AffineTransform_float_3_3
Parameters: 0.999999 0.000931357 -0.00113155 -0.000925252 0.999987 0.00494792 0.0011355 -0.00494688 0.999987 -0.0139923 0.0462029 0.00659826
FixedParameters: 0 0 0

#Transform 18
Transform: AffineTransform_float_3_3
Parameters: 1 -0.000379008 -0.000502629 0.000382049 0.999987 0.00513734 0.000501119 -0.00513767 0.999986 0.0197662 -0.0241543 0.0223321
FixedParameters: 0 0 0

#Transform 19
Transform: AffineTransform_float_3_3
Parameters: 1 -4.47477e-05 -0.000179846 4.54332e-05 0.999996 0.00276651 0.000179022 -0.0027665 0.999996 0.0265837 0.0380838 -0.025927
FixedParameters: 0 0 0

#Transform 20
Transform: AffineTransform_float_3_3
Parameters: 1 -0.000400492 -0.000902542 0.000402271 0.999997 0.00217918 0.000901008 -0.002179 0.999997 0.0178374 -0.0168406 0.0585554
FixedParameters: 0 0 0

#Transform 21
Transform: AffineTransform_float_3_3
Parameters: 0.999995 -0.00226946 -0.00223783 0.00228802 0.999964 0.00825067 0.00221892 -0.00825602 0.999964 0.0607369 -0.147402 0.283389
FixedParameters: 0 0 0

#Transform 22
Transform: AffineTransform_float_3_3
Parameters: 0.999999 -0.000783757 5.17218e-05 0.000783675 0.999995 0.00287383 -5.36944e-05 -0.0028738 0.999996 0.0589914 0.577917 0.218635
FixedParameters: 0 0 0

#Transform 23
Transform: AffineTransform_float_3_3
Parameters: 0.999996 -0.00163414 0.00194778 0.00163609 0.999998 -0.00101657 -0.00194583 0.0010197 0.999998 0.0771068 0.277131 0.2611
FixedParameters: 0 0 0

#Transform 24
Transform: AffineTransform_float_3_3
Parameters: 0.999995 -0.00105415 0.0030113 0.00107086 0.999984 -0.0055906 -0.00300511 0.00559277 0.99998 0.0210007 0.0480057 0.0231196
FixedParameters: 0 0 0

#Transform 25
Transform: AffineTransform_float_3_3
Parameters: 0.999994 -0.000470862 0.00340912 0.000492026 0.999981 -0.00626751 -0.00340684 0.00626921 0.999975 -0.00799838 0.129658 -0.0907337
FixedParameters: 0 0 0

#Transform 26
Transform: AffineTransform_float_3_3
Parameters: 0.999994 -0.000432148 0.00346765 0.000456844 0.999974 -0.00709746 -0.00346417 0.00709934 0.999969 -0.00536818 0.103525 -0.0770678
FixedParameters: 0 0 0

#Transform 27
Transform: AffineTransform_float_3_3
Parameters: 0.999997 -0.000667166 0.00265765 0.000689006 0.999967 -0.00807804 -0.00265181 0.00808037 0.999964 -0.000355094 0.341667 -0.200966
FixedParameters: 0 0 0

#Transform 28
Transform: AffineTransform_float_3_3
Parameters: 0.999997 -0.000208881 0.00240744 0.000227307 0.999969 -0.00780442 -0.00240566 0.00780544 0.999966 -0.016623 0.126979 -0.124764
FixedParameters: 0 0 0

#Transform 29
Transform: AffineTransform_float_3_3
Parameters: 0.999995 -0.00105287 0.00286412 0.00107304 0.999977 -0.00681266 -0.00285682 0.00681602 0.999973 0.0204955 0.130336 -0.0930202
FixedParameters: 0 0 0

#Transform 30
Transform: AffineTransform_float_3_3
Parameters: 0.999989 -0.00284002 0.00384196 0.00287159 0.999963 -0.00815689 -0.00381853 0.00816796 0.999959 0.057954 0.105948 -0.134685
FixedParameters: 0 0 0

#Transform 31
Transform: AffineTransform_float_3_3
Parameters: 0.999993 -0.00111116 0.00371606 0.00114292 0.999962 -0.00870002 -0.00370626 0.00870461 0.999955 -0.0110763 0.154578 -0.177225
FixedParameters: 0 0 0

#Transform 32
Transform: AffineTransform_float_3_3
Parameters: 0.999992 -0.000990774 0.00370697 0.00102335 0.999962 -0.00859004 -0.00369818 0.0085939 0.999957 -0.00448461 0.131219 -0.183276
FixedParameters: 0 0 0

#Transform 33
Transform: AffineTransform_float_3_3
Parameters: 0.999993 -0.00109737 0.00336888 0.00112743 0.999959 -0.00899179 -0.00335855 0.00899513 0.999954 -0.0254737 0.161248 -0.260146
FixedParameters: 0 0 0

#Transform 34
Transform: AffineTransform_float_3_3
Parameters: 0.999904 0.00431248 0.0132162 -0.00431483 0.999991 0.000159723 -0.0132152 -0.000216515 0.999913 -0.180556 0.0779108 -0.203111
FixedParameters: 0 0 0

#Transform 35
Transform: AffineTransform_float_3_3
Parameters: 0.999883 0.00523258 0.0143938 -0.00527608 0.999982 0.00294381 -0.014378 -0.00301956 0.999893 -0.171253 -0.0840261 0.22718
FixedParameters: 0 0 0

#Transform 36
Transform: AffineTransform_float_3_3
Parameters: 0.999882 0.00247231 0.0151607 -0.00246552 0.999996 -0.00045263 -0.0151617 0.000415541 0.999885 -0.196671 0.261821 -0.540118
FixedParameters: 0 0 0

#Transform 37
Transform: AffineTransform_float_3_3
Parameters: 0.999924 0.00185278 0.0121693 -0.00176519 0.999972 -0.00719211 -0.0121821 0.00717045 0.9999 -0.106313 -0.0972461 -0.0675981
FixedParameters: 0 0 0

#Transform 38
Transform: AffineTransform_float_3_3
Parameters: 0.999915 0.00380698 0.0124911 -0.00365872 0.999922 -0.0118617 -0.0125349 0.0118149 0.999851 -0.202473 0.134393 -0.388161
FixedParameters: 0 0 0

#Transform 39
Transform: AffineTransform_float_3_3
Parameters: 0.999918 0.00320225 0.0124319 -0.00308397 0.99995 -0.00957514 -0.0124616 0.00953546 0.999877 -0.179964 0.231847 -0.411039
FixedParameters: 0 0 0

#Transform 40
Transform: AffineTransform_float_3_3
Parameters: 0.999912 0.000716742 0.0132213 -0.00064737 0.999986 -0.00529895 -0.0132251 0.00529034 0.999899 -0.157554 0.2512 -0.498339
FixedParameters: 0 0 0

#Transform 41
Transform: AffineTransform_float_3_3
Parameters: 0.999956 -0.000874094 0.00934795 0.000899201 0.999996 -0.00274016 -0.00934596 0.00274911 0.999952 -0.126285 0.196631 -0.498807
FixedParameters: 0 0 0

#Transform 42
Transform: AffineTransform_float_3_3
Parameters: 0.99997 -1.94261e-05 0.00774948 5.30143e-05 0.999991 -0.00433449 -0.00775031 0.0043352 0.99996 -0.189149 0.196125 -1.24162
FixedParameters: 0 0 0

#Transform 43
Transform: AffineTransform_float_3_3
Parameters: 0.999977 0.0024233 0.0063032 -0.00234884 0.999928 -0.0117461 -0.00633118 0.011731 0.999912 -0.265588 0.181762 -1.49652
FixedParameters: 0 0 0

#Transform 44
Transform: AffineTransform_float_3_3
Parameters: 0.999966 0.00772447 0.00282545 -0.00767944 0.99985 -0.0155252 -0.00294489 0.0155035 0.999875 -0.385294 0.107574 -1.34928
FixedParameters: 0 0 0

#Transform 45
Transform: AffineTransform_float_3_3
Parameters: 0.999983 0.00561111 0.000971187 -0.00560145 0.999939 -0.00957121 -0.00102547 0.00956603 0.999954 -0.447433 0.325169 -1.18933
FixedParameters: 0 0 0

#Transform 46
Transform: AffineTransform_float_3_3
Parameters: 0.999932 0.0116662 -0.000411297 -0.0116702 0.999874 -0.010714 0.000286006 0.0107179 0.999943 -0.459905 0.15469 -1.2756
FixedParameters: 0 0 0

#Transform 47
Transform: AffineTransform_float_3_3
Parameters: 0.999952 0.00677031 0.00708904 -0.006612 0.999732 -0.0221641 -0.00723687 0.0221165 0.999729 -0.19937 -0.087619 -0.0361719
FixedParameters: 0 0 0

#Transform 48
Transform: AffineTransform_float_3_3
Parameters: 0.999972 0.00587743 0.00463112 -0.00579295 0.999822 -0.0179794 -0.00473622 0.0179518 0.999828 -0.246407 0.258051 -0.595938
FixedParameters: 0 0 0

#Transform 49
Transform: AffineTransform_float_3_3
Parameters: 0.999977 0.00588956 0.00338678 -0.00582004 0.99978 -0.020108 -0.00350463 0.0200873 0.999792 -0.203611 0.138751 -0.68486
FixedParameters: 0 0 0

#Transform 50
Transform: AffineTransform_float_3_3
Parameters: 0.999975 0.00633124 0.003188 -0.0062674 0.999789 -0.0195762 -0.00331095 0.0195554 0.999804 -0.215605 0.206019 -0.677927
FixedParameters: 0 0 0

#Transform 51
Transform: AffineTransform_float_3_3
Parameters: 0.999973 0.00659356 0.00314722 -0.00652746 0.999767 -0.0205856 -0.00328224 0.0205646 0.999783 -0.217981 0.197508 -0.669906
FixedParameters: 0 0 0

#Transform 52
Transform: AffineTransform_float_3_3
Parameters: 0.999974 0.00630406 0.00344517 -0.00623162 0.999763 -0.0208939 -0.00357617 0.0208712 0.999775 -0.203307 0.203606 -0.680553
FixedParameters: 0 0 0

#Transform 53
Transform: AffineTransform_float_3_3
Parameters: 0.999972 0.0058553 0.00473994 -0.00577175 0.999833 -0.0173553 -0.00484107 0.0173267 0.999838 -0.21636 0.223956 -0.597602
FixedParameters: 0 0 0

#Transform 54
Transform: AffineTransform_float_3_3
Parameters: 0.999976 0.00527436 0.00448975 -0.00518866 0.99981 -0.0187994 -0.00458755 0.0187753 0.999813 -0.193114 0.143113 -0.601519
FixedParameters: 0 0 0

#Transform 55
Transform: AffineTransform_float_3_3
Parameters: 0.999976 0.00562509 0.00422925 -0.00554174 0.999796 -0.0194011 -0.00433688 0.0193776 0.999803 -0.19238 0.171963 -0.600385
FixedParameters: 0 0 0

#Transform 56
Transform: AffineTransform_float_3_3
Parameters: 0.999977 0.00517369 0.00448399 -0.00509132 0.999821 -0.0182348 -0.00457672 0.0182111 0.999824 -0.168518 0.167707 -0.522213
FixedParameters: 0 0 0

#Transform 57
Transform: AffineTransform_float_3_3
Parameters: 0.999975 0.0052884 0.00461597 -0.00520373 0.999821 -0.0181496 -0.00471111 0.0181258 0.999825 -0.186156 0.160561 -0.532775
FixedParameters: 0 0 0

#Transform 58
Transform: AffineTransform_float_3_3
Parameters: 0.999975 0.00527928 0.00471284 -0.00519041 0.999812 -0.0186899 -0.00481106 0.0186653 0.999814 -0.201337 0.187472 -0.617882
FixedParameters: 0 0 0

#Transform 59
Transform: AffineTransform_float_3_3
Parameters: 0.999977 0.00543746 0.00405906 -0.00535759 0.999796 -0.0194717 -0.00416379 0.0194493 0.999802 -0.19558 0.178109 -0.593015
FixedParameters: 0 0 0

#Transform 60
Transform: AffineTransform_float_3_3
Parameters: 0.999981 0.00563268 0.0023821 -0.00558793 0.999809 -0.0187085 -0.00248704 0.0186947 0.999822 -0.198167 0.238455 -0.825607
FixedParameters: 0 0 0

#Transform 61
Transform: AffineTransform_float_3_3
Parameters: 0.999719 0.0171359 0.0163389 -0.0169718 0.999804 -0.0101802 -0.0165097 0.00989964 0.999815 -0.53472 0.422912 -1.65377
FixedParameters: 0 0 0

#Transform 62
Transform: AffineTransform_float_3_3
Parameters: 0.999829 0.012536 0.0135531 -0.0122775 0.999745 -0.0189708 -0.0137877 0.0188008 0.999728 -0.373741 0.0957778 -1.17754
FixedParameters: 0 0 0

#Transform 63
Transform: AffineTransform_float_3_3
Parameters: 0.999848 0.0116724 0.012958 -0.0114043 0.999723 -0.0205983 -0.0131954 0.0204472 0.999704 -0.340907 0.154282 -1.07519
FixedParameters: 0 0 0

#Transform 64
Transform: AffineTransform_float_3_3
Parameters: 0.999879 0.00935123 0.0124589 -0.00906375 0.999697 -0.0229139 -0.0126703 0.0227982 0.99966 -0.278306 0.19072 -1.03794
FixedParameters: 0 0 0

#Transform 65
Transform: AffineTransform_float_3_3
Parameters: 0.999902 0.00698289 0.0121708 -0.00676781 0.999822 -0.0176356 -0.0122916 0.0175515 0.99977 -0.23637 0.232593 -0.91089
FixedParameters: 0 0 0

#Transform 66
Transform: AffineTransform_float_3_3
Parameters: 0.999914 0.00718848 0.0109586 -0.00700882 0.999842 -0.0163658 -0.0110743 0.0162876 0.999806 -0.228403 0.231337 -0.816605
FixedParameters: 0 0 0

#Transform 67
Transform: AffineTransform_float_3_3
Parameters: 0.999926 0.00598798 0.0106562 -0.00582134 0.999861 -0.015576 -0.0107472 0.0155119 0.999822 -0.142051 0.0890254 -0.574568
FixedParameters: 0 0 0

#Transform 68
Transform: AffineTransform_float_3_3
Parameters: 0.999933 0.00586523 0.0100428 -0.00570803 0.999861 -0.0156456 -0.0101329 0.0155875 0.999828 -0.144966 0.256993 -0.526133
FixedParameters: 0 0 0

#Transform 69
Transform: AffineTransform_float_3_3
Parameters: 0.999956 0.00332164 0.00877154 -0.00325579 0.999966 -0.00756176 -0.00879642 0.0075332 0.999932 -0.123042 0.372666 -0.417969
FixedParameters: 0 0 0

#Transform 70
Transform: AffineTransform_float_3_3
Parameters: 0.999965 0.00327944 0.00769407 -0.00321231 0.999957 -0.00879526 -0.0077233 0.00877058 0.999932 -0.115028 0.360096 -0.491565
FixedParameters: 0 0 0

#Transform 71
Transform: AffineTransform_float_3_3
Parameters: 0.999968 0.00330106 0.00723995 -0.00323971 0.999959 -0.00854637 -0.0072679 0.00852267 0.999938 -0.111764 0.246997 -0.411159
FixedParameters: 0 0 0

#Transform 72
Transform: AffineTransform_float_3_3
Parameters: 0.999963 0.00309886 0.00797169 -0.00303291 0.999962 -0.00824901 -0.00799756 0.00822369 0.999934 -0.090031 0.233125 -0.386265
FixedParameters: 0 0 0

#Transform 73
Transform: AffineTransform_float_3_3
Parameters: 0.999961 0.00245557 0.00846641 -0.00238066 0.999957 -0.00889083 -0.008488 0.00887032 0.999925 -0.0899657 0.136323 -0.303704
FixedParameters: 0 0 0

#Transform 74
Transform: AffineTransform_float_3_3
Parameters: 0.999961 0.00260409 0.00845839 -0.00252861 0.999957 -0.00894938 -0.00848153 0.00892831 0.999924 -0.0916906 0.242933 -0.41786
FixedParameters: 0 0 0

#Transform 75
Transform: AffineTransform_float_3_3
Parameters: 0.999949 0.00117101 0.0100122 -0.00109379 0.99997 -0.00773918 -0.0100211 0.00772812 0.99992 -0.0444915 0.14217 -0.278379
FixedParameters: 0 0 0

#Transform 76
Transform: AffineTransform_float_3_3
Parameters: 0.999955 6.78743e-05 0.00947581 -1.85734e-06 0.999975 -0.0070031 -0.00947674 0.00700328 0.99993 -0.0365519 0.160057 -0.336911
FixedParameters: 0 0 0

#Transform 77
Transform: AffineTransform_float_3_3
Parameters: 0.999962 0.000891289 0.00860854 -0.000798203 0.999942 -0.0107934 -0.00861747 0.0107864 0.999905 -0.00917482 0.176224 -0.440016
FixedParameters: 0 0 0

#Transform 78
Transform: AffineTransform_float_3_3
Parameters: 0.999958 0.00169556 0.00899023 -0.0015917 0.999933 -0.0115121 -0.0090088 0.011498 0.999893 -0.0396887 0.20782 -0.435053
FixedParameters: 0 0 0

#Transform 79
Transform: AffineTransform_float_3_3
Parameters: 0.99996 0.00161688 0.00884045 -0.0015205 0.99994 -0.0108763 -0.00885658 0.0108622 0.999902 -0.0454953 0.191496 -0.382843
FixedParameters: 0 0 0

#Transform 80
Transform: AffineTransform_float_3_3
Parameters: 0.99996 0.00114078 0.00886971 -0.00105233 0.99995 -0.00997872 -0.0088808 0.00996908 0.999911 -0.0399037 0.212558 -0.383423
FixedParameters: 0 0 0

#Transform 81
Transform: AffineTransform_float_3_3
Parameters: 0.999961 0.00110964 0.00877971 -0.0010188 0.999946 -0.0102884 -0.00879106 0.0102788 0.999908 -0.0430838 0.189942 -0.483265
FixedParameters: 0 0 0

#Transform 82
Transform: AffineTransform_float_3_3
Parameters: 0.999958 0.00121784 0.00905054 -0.0011305 0.999953 -0.00960777 -0.00906262 0.00959679 0.999913 -0.0398916 0.120666 -0.415992
FixedParameters: 0 0 0

#Transform 83
Transform: AffineTransform_float_3_3
Parameters: 0.999957 0.00046877 0.00933023 -0.000358409 0.99993 -0.0118268 -0.00933532 0.0118229 0.999886 -0.0447498 0.242018 -0.562432
FixedParameters: 0 0 0

#Transform 84
Transform: AffineTransform_float_3_3
Parameters: 0.999963 -6.44056e-05 0.00860168 0.000154704 0.999945 -0.0104779 -0.00860141 0.0104794 0.999907 -0.0144744 0.133724 -0.401719
FixedParameters: 0 0 0

#Transform 85
Transform: AffineTransform_float_3_3
Parameters: 0.999952 0.000478359 0.00984076 -0.000368175 0.999937 -0.0112054 -0.0098452 0.0112012 0.999889 -0.021026 0.182967 -0.433857
FixedParameters: 0 0 0

#Transform 86
Transform: AffineTransform_float_3_3
Parameters: 0.999942 0.00015436 0.0108056 -2.38603e-05 0.999927 -0.0120886 -0.0108059 0.0120872 0.999869 0.000891902 0.24123 -0.504233
FixedParameters: 0 0 0

#Transform 87
Transform: AffineTransform_float_3_3
Parameters: 0.999948 0.000478157 0.0102065 -0.000346276 0.999916 -0.0129087 -0.0102113 0.0129047 0.999865 0.0227701 0.222389 -0.401408
FixedParameters: 0 0 0

#Transform 88
Transform: AffineTransform_float_3_3
Parameters: 0.999957 0.000541759 0.00927687 -0.000408218 0.999897 -0.0143248 -0.00928448 0.0143207 0.999854 0.0336299 0.246125 -0.55401
FixedParameters: 0 0 0

#Transform 89
Transform: AffineTransform_float_3_3
Parameters: 0.999963 -0.00045077 0.00861107 0.000577065 0.999892 -0.0147232 -0.00860368 0.0147269 0.999854 0.0803193 0.248803 -0.509798
FixedParameters: 0 0 0

#Transform 90
Transform: AffineTransform_float_3_3
Parameters: 0.999963 0.000343555 0.00850425 -0.000237553 0.999923 -0.0124744 -0.00850805 0.0124723 0.999886 0.0700279 0.193802 -0.353317
FixedParameters: 0 0 0

#Transform 91
Transform: AffineTransform_float_3_3
Parameters: 0.999962 -0.000246449 0.00870447 0.00034412 0.999937 -0.0112323 -0.00870174 0.0112346 0.999899 0.0938901 0.209774 -0.287138
FixedParameters: 0 0 0

#Transform 92
Transform: AffineTransform_float_3_3
Parameters: 0.999967 -0.000339667 0.00812978 0.000432055 0.999936 -0.0113048 -0.00812595 0.0113078 0.999903 0.0857963 0.193792 -0.324997
FixedParameters: 0 0 0

#Transform 93
Transform: AffineTransform_float_3_3
Parameters: 0.999965 -0.000623221 0.00836751 0.000709696 0.999947 -0.0102943 -0.0083606 0.0103003 0.999912 0.0493137 0.215653 -0.292258
FixedParameters: 0 0 0

#Transform 94
Transform: AffineTransform_float_3_3
Parameters: 0.999957 -0.000632052 0.00926483 0.000733275 0.999939 -0.0109947 -0.00925748 0.0110009 0.999897 0.0659227 0.141286 -0.206485
FixedParameters: 0 0 0

#Transform 95
Transform: AffineTransform_float_3_3
Parameters: 0.999959 -0.000460579 0.00898425 0.000537544 0.999963 -0.00855207 -0.00898001 0.0085557 0.999923 0.0447857 0.156245 -0.178099
FixedParameters: 0 0 0

#Transform 96
Transform: AffineTransform_float_3_3
Parameters: 0.999956 -0.000757261 0.00935552 0.000831739 0.999968 -0.00798548 -0.00934986 0.00799276 0.999924 0.0435931 0.151602 -0.151691
FixedParameters: 0 0 0

#Transform 97
Transform: AffineTransform_float_3_3
Parameters: 0.999957 -0.000722818 0.00920623 0.000789979 0.999973 -0.00730744 -0.00920099 0.00731458 0.999931 0.0449591 0.130844 -0.152577
FixedParameters: 0 0 0

#Transform 98
Transform: AffineTransform_float_3_3
Parameters: 0.999956 -0.000784029 0.00935152 0.000854449 0.999971 -0.0075618 -0.00934516 0.00756936 0.999928 0.0437898 0.127214 -0.144787
FixedParameters: 0 0 0

#Transform 99
Transform: AffineTransform_float_3_3
Parameters: 0.99995 -0.000844783 0.0100199 0.000928288 0.999966 -0.00825154 -0.010012 0.00826113 0.999916 0.049264 0.111462 -0.127243
FixedParameters: 0 0 0

#Transform 100
Transform: AffineTransform_float_3_3
Parameters: 0.999946 -0.000677986 0.0103972 0.00075694 0.999971 -0.00759578 -0.0103916 0.00760321 0.999917 0.0263065 0.146257 -0.163735
FixedParameters: 0 0 0

#Transform 101
Transform: AffineTransform_float_3_3
Parameters: 0.999948 -0.000604864 0.0102042 0.000685003 0.999969 -0.00785187 -0.0101997 0.00785926 0.999917 0.0209164 0.112909 -0.151381
FixedParameters: 0 0 0

#Transform 102
Transform: AffineTransform_float_3_3
Parameters: 0.999949 -0.000688925 0.0100755 0.000759929 0.999974 -0.00711185 -0.010071 0.00711872 0.999924 0.0313004 0.128454 -0.154202
FixedParameters: 0 0 0

#Transform 103
Transform: AffineTransform_float_3_3
Parameters: 0.999958 -0.00042389 0.00909774 0.000465889 0.999989 -0.00457877 -0.00909548 0.00458315 0.999948 0.013141 0.325839 -0.266105
FixedParameters: 0 0 0

#Transform 104
Transform: AffineTransform_float_3_3
Parameters: 0.999952 -0.000710808 0.00975117 0.00075275 0.99999 -0.00431603 -0.00974778 0.00432274 0.999943 -0.0206844 0.15489 -0.352931
FixedParameters: 0 0 0

#Transform 105
Transform: AffineTransform_float_3_3
Parameters: 0.999965 0.00146106 0.00812988 -0.00137546 0.999943 -0.0105591 -0.00814502 0.0105473 0.999911 -0.142236 0.28624 -0.841657
FixedParameters: 0 0 0

#Transform 106
Transform: AffineTransform_float_3_3
Parameters: 0.99995 -6.4704e-05 0.0100109 0.000154471 0.99996 -0.00891961 -0.01001 0.00892101 0.999909 -0.0516009 0.229458 -0.614004
FixedParameters: 0 0 0

#Transform 107
Transform: AffineTransform_float_3_3
Parameters: 0.999934 -0.000910666 0.0114334 0.0010062 0.999964 -0.00835414 -0.0114251 0.00836562 0.999899 -0.0233388 0.214792 -0.550296
FixedParameters: 0 0 0

#Transform 108
Transform: AffineTransform_float_3_3
Parameters: 0.999938 -7.49339e-05 0.0111494 0.000199744 0.999937 -0.0112116 -0.0111486 0.0112136 0.999875 -0.084136 0.23765 -0.711778
FixedParameters: 0 0 0

#Transform 109
Transform: AffineTransform_float_3_3
Parameters: 0.999933 9.76781e-05 0.0116045 0.00010218 0.999852 -0.0172442 -0.0116048 0.0172445 0.999784 -0.121776 0.357937 -0.953257
FixedParameters: 0 0 0

#Transform 110
Transform: AffineTransform_float_3_3
Parameters: 0.999928 0.000649891 0.0120113 -0.000438383 0.999845 -0.017586 -0.012021 0.0175795 0.999773 -0.100807 0.322635 -0.846435
FixedParameters: 0 0 0

#Transform 111
Transform: AffineTransform_float_3_3
Parameters: 0.999928 0.000694033 0.0119907 -0.000475474 0.999834 -0.0181713 -0.0120016 0.0181644 0.999763 -0.0856428 0.328673 -0.81163
FixedParameters: 0 0 0

#Transform 112
Transform: AffineTransform_float_3_3
Parameters: 0.999932 0.000521993 0.0115978 -0.000326958 0.999859 -0.0168275 -0.0116054 0.0168219 0.999791 -0.0914208 0.285709 -0.770075
FixedParameters: 0 0 0

#Transform 113
Transform: AffineTransform_float_3_3
Parameters: 0.999953 0.00042748 0.00966073 -0.000322191 0.99994 -0.0109349 -0.00966426 0.0109305 0.999893 -0.0378961 0.136464 -0.452387
FixedParameters: 0 0 0

#Transform 114
Transform: AffineTransform_float_3_3
Parameters: 0.999952 0.000941083 0.00976169 -0.000813763 0.999914 -0.0130927 -0.0097732 0.0130838 0.999867 -0.0360736 0.328475 -0.559918
FixedParameters: 0 0 0

#Transform 115
Transform: AffineTransform_float_3_3
Parameters: 0.999932 -0.00188145 0.011524 0.00201879 0.999927 -0.0118931 -0.0115001 0.0119159 0.999863 0.0711319 0.192357 -0.35495
FixedParameters: 0 0 0

#Transform 116
Transform: AffineTransform_float_3_3
Parameters: 0.999939 -0.000486614 0.010994 0.00060553 0.999941 -0.0108331 -0.0109881 0.0108392 0.999881 -0.0315088 0.233679 -0.503878
FixedParameters: 0 0 0

#Transform 117
Transform: AffineTransform_float_3_3
Parameters: 0.999951 1.25274e-05 0.00992547 9.66819e-05 0.999939 -0.0110366 -0.00992466 0.0110374 0.99989 -0.0455047 0.212967 -0.53872
FixedParameters: 0 0 0

#Transform 118
Transform: AffineTransform_float_3_3
Parameters: 0.999945 5.80851e-06 0.0104068 0.000106667 0.999942 -0.0108036 -0.0104059 0.0108042 0.999887 -0.0509676 0.195235 -0.489281
FixedParameters: 0 0 0

#Transform 119
Transform: AffineTransform_float_3_3
Parameters: 0.999946 0.000140846 0.0104483 -3.33985e-05 0.999947 -0.0103134 -0.0104486 0.0103126 0.999892 -0.0662811 0.19893 -0.479294
FixedParameters: 0 0 0
