# transform file /out/sourcedata/freesurfer/sub-v1s18x0051222_ses-1/mri/transforms/cc_up.lta
# created by oesteban on Mon Mar  9 05:49:15 2026

type      = 0 # LINEAR_VOX_TO_VOX
nxforms   = 1
mean      = 127.0000 118.0000 126.0000
sigma     = 10000.0000
1 4 4
9.998723864555359e-01 -1.457987073808908e-02 6.546989083290100e-03 1.202991485595703e+00 
1.457955874502659e-02 9.998937845230103e-01 9.546439105179161e-05 2.714060020446777e+01 
-6.547685246914625e-03 7.275958481545164e-12 9.999786615371704e-01 8.837211608886719e+00 
0.000000000000000e+00 0.000000000000000e+00 0.000000000000000e+00 1.000000000000000e+00 
src volume info
valid = 1  # volume info valid
filename = /out/sourcedata/freesurfer/sub-v1s18x0051222_ses-1/mri/norm.mgz
volume = 256 256 256
voxelsize = 1.000000000000000e+00 1.000000000000000e+00 1.000000000000000e+00
xras   = -1.000000119209290e+00 0.000000000000000e+00 1.862645149230957e-09
yras   = 0.000000000000000e+00 0.000000000000000e+00 -1.000000000000000e+00
zras   = 0.000000000000000e+00 1.000000000000000e+00 0.000000000000000e+00
cras   = -1.198760986328125e+00 1.600028991699219e+00 1.430660247802734e+01
dst volume info
valid = 1  # volume info valid
filename = /out/sourcedata/freesurfer/sub-v1s18x0051222_ses-1/mri/norm.mgz
volume = 256 256 256
voxelsize = 1.000000000000000e+00 1.000000000000000e+00 1.000000000000000e+00
xras   = -1.000000119209290e+00 0.000000000000000e+00 1.862645149230957e-09
yras   = 0.000000000000000e+00 0.000000000000000e+00 -1.000000000000000e+00
zras   = 0.000000000000000e+00 1.000000000000000e+00 0.000000000000000e+00
cras   = -1.198760986328125e+00 1.600028991699219e+00 1.430660247802734e+01
