#Insight Transform File V1.0
#Transform 0
Transform: AffineTransform_float_3_3
Parameters: 0.999999 0.00101771 -0.000254416 -0.00101448 0.999941 0.0108681 0.000265773 -0.0108687 0.999941 0.0628772 0.263048 0.208859
FixedParameters: 0 0 0

#Transform 1
Transform: AffineTransform_float_3_3
Parameters: 0.999999 -0.00154702 -0.000262197 0.00155085 0.999929 0.0117982 0.00024403 -0.0117978 0.99993 0.154336 0.189987 0.312495
FixedParameters: 0 0 0

#Transform 2
Transform: AffineTransform_float_3_3
Parameters: 0.999998 -0.00162568 -0.000430315 0.00163218 0.999863 0.0164937 0.000403477 -0.0164947 0.999864 0.135708 0.330963 0.35988
FixedParameters: 0 0 0

#Transform 3
Transform: AffineTransform_float_3_3
Parameters: 0.999995 -0.00115488 0.00299806 0.00109869 0.999828 0.0185113 -0.00301914 -0.0185082 0.999824 0.202906 0.554296 -0.0814405
FixedParameters: 0 0 0

#Transform 4
Transform: AffineTransform_float_3_3
Parameters: 0.999999 -0.000668119 -0.00126812 0.000693564 0.999784 0.0207446 0.00125371 -0.0207453 0.999784 0.232427 -0.0901365 0.423438
FixedParameters: 0 0 0

#Transform 5
Transform: AffineTransform_float_3_3
Parameters: 0.999989 -0.00232107 -0.00392779 0.00237511 0.999903 0.0137479 0.00389468 -0.0137575 0.999898 0.017627 -0.0175374 0.247708
FixedParameters: 0 0 0

#Transform 6
Transform: AffineTransform_float_3_3
Parameters: 0.999996 -0.00164802 -0.0023644 0.00167777 0.999916 0.0128357 0.00234248 -0.0128395 0.999914 -0.0160774 0.0733409 0.411501
FixedParameters: 0 0 0

#Transform 7
Transform: AffineTransform_float_3_3
Parameters: 0.999979 -0.003886 -0.00512763 0.00394716 0.999921 0.0118922 0.00508107 -0.0119126 0.999916 0.0303086 0.147507 0.194357
FixedParameters: 0 0 0

#Transform 8
Transform: AffineTransform_float_3_3
Parameters: 0.999997 -0.00173193 -0.00155699 0.00174838 0.999938 0.0110153 0.00153736 -0.0110178 0.999938 0.100852 0.0961568 0.263122
FixedParameters: 0 0 0

#Transform 9
Transform: AffineTransform_float_3_3
Parameters: 0.999998 -0.00102552 -0.00184941 0.00103735 0.999979 0.00642169 0.00184356 -0.00642382 0.999978 0.0814189 0.134621 0.20777
FixedParameters: 0 0 0

#Transform 10
Transform: AffineTransform_float_3_3
Parameters: 0.999995 -0.00301006 -0.000919912 0.00301778 0.999961 0.00832597 0.000894869 -0.00832887 0.999965 0.0990354 0.106144 0.166978
FixedParameters: 0 0 0

#Transform 11
Transform: AffineTransform_float_3_3
Parameters: 0.999987 -0.00351152 -0.00354071 0.00357638 0.99982 0.0186204 0.00347422 -0.0186325 0.999821 0.0473521 0.172518 0.0471747
FixedParameters: 0 0 0

#Transform 12
Transform: AffineTransform_float_3_3
Parameters: 0.999999 -0.00140682 -0.000256943 0.00140862 0.999974 0.00709069 0.000246915 -0.00709177 0.999975 -0.0467338 -0.0478964 -0.112899
FixedParameters: 0 0 0

#Transform 13
Transform: AffineTransform_float_3_3
Parameters: 0.999988 -0.0013696 0.00450916 0.00135783 0.999996 0.00256223 -0.0045126 -0.00255641 0.999986 0.0366126 -0.125427 -0.0482189
FixedParameters: 0 0 0

#Transform 14
Transform: AffineTransform_float_3_3
Parameters: 0.999967 0.00158975 0.00787591 -0.00160011 0.999998 0.00132039 -0.00787363 -0.00133343 0.999968 0.142387 -0.0600875 0.0879283
FixedParameters: 0 0 0

#Transform 15
Transform: AffineTransform_float_3_3
Parameters: 0.999978 -0.00281162 -0.00605503 0.00285367 0.999971 0.0069869 0.006036 -0.00700438 0.999957 -0.0785394 -0.000205563 -0.108116
FixedParameters: 0 0 0

#Transform 16
Transform: AffineTransform_float_3_3
Parameters: 0.999992 -0.000823728 -0.0041212 0.000840367 0.999991 0.00414899 0.00411832 -0.00415259 0.999982 -0.06615 -0.012623 -0.114832
FixedParameters: 0 0 0

#Transform 17
Transform: AffineTransform_float_3_3
Parameters: 0.999983 -0.00445952 -0.00375267 0.0044784 0.999978 0.00504582 0.00373016 -0.00506225 0.99998 0.00422003 -0.06219 0.0790736
FixedParameters: 0 0 0

#Transform 18
Transform: AffineTransform_float_3_3
Parameters: 0.999999 -0.00125232 -0.00122883 0.00126094 0.999977 0.00670286 0.00122014 -0.00670468 0.999977 -0.0351388 0.147251 -0.0435678
FixedParameters: 0 0 0

#Transform 19
Transform: AffineTransform_float_3_3
Parameters: 0.999999 -0.000599591 -0.000575695 0.000601544 0.999996 0.00279385 0.000574044 -0.00279454 0.999996 0.00864828 0.0880672 -0.0617347
FixedParameters: 0 0 0

#Transform 20
Transform: AffineTransform_float_3_3
Parameters: 1 0.000556786 -0.000321576 -0.000556751 1 5.50204e-05 0.000321637 -5.46623e-05 1 -0.00400081 -0.0270911 -0.0529084
FixedParameters: 0 0 0

#Transform 21
Transform: AffineTransform_float_3_3
Parameters: 0.999999 6.77704e-05 0.00139547 -6.28081e-05 0.999993 -0.00375256 -0.00139526 0.00375279 0.999992 -0.0271871 -0.011632 -0.0349489
FixedParameters: 0 0 0

#Transform 22
Transform: AffineTransform_float_3_3
Parameters: 0.999991 -0.00137039 0.00398298 0.00135979 0.999995 0.00263632 -0.00398609 -0.0026312 0.999988 0.0737419 0.0770511 0.118707
FixedParameters: 0 0 0

#Transform 23
Transform: AffineTransform_float_3_3
Parameters: 0.999996 -0.00227614 0.0014857 0.00228168 0.999991 -0.00361626 -0.00147689 0.00361992 0.999992 -0.0392783 -0.102295 -0.0316332
FixedParameters: 0 0 0

#Transform 24
Transform: AffineTransform_float_3_3
Parameters: 0.999993 -0.00342384 -0.0015132 0.00341488 0.999977 -0.00583691 0.00153261 0.00583139 0.999981 -0.0698575 -0.0997011 0.0500708
FixedParameters: 0 0 0

#Transform 25
Transform: AffineTransform_float_3_3
Parameters: 0.999996 0.00275353 8.3361e-05 -0.00275348 0.999996 -0.000115004 -8.37506e-05 0.000113813 1 0.0375028 0.237061 0.409949
FixedParameters: 0 0 0

#Transform 26
Transform: AffineTransform_float_3_3
Parameters: 0.999982 0.000979452 0.00606613 -0.000961296 0.999995 -0.00295041 -0.00606847 0.00294407 0.999977 0.130885 0.170321 0.250059
FixedParameters: 0 0 0

#Transform 27
Transform: AffineTransform_float_3_3
Parameters: 0.999999 -0.000614303 -0.00134892 0.000616155 0.999999 0.00131563 0.00134836 -0.00131639 0.999998 0.0187097 0.157939 0.153033
FixedParameters: 0 0 0

#Transform 28
Transform: AffineTransform_float_3_3
Parameters: 0.999989 0.00435315 -0.00176276 -0.00435032 0.999989 0.00120535 0.00176782 -0.00119793 0.999998 0.136047 0.876915 -1.00621
FixedParameters: 0 0 0

#Transform 29
Transform: AffineTransform_float_3_3
Parameters: 0.999966 0.00482 -0.0066828 -0.00481948 0.999988 6.03662e-05 0.00668349 -2.83207e-05 0.999978 0.0358659 0.624442 -1.07562
FixedParameters: 0 0 0

#Transform 30
Transform: AffineTransform_float_3_3
Parameters: 0.99999 0.00261146 -0.0034392 -0.00265203 0.999925 -0.0119337 0.0034084 0.0119422 0.999923 0.0624073 0.806912 -0.59779
FixedParameters: 0 0 0

#Transform 31
Transform: AffineTransform_float_3_3
Parameters: 0.999984 0.000442871 0.0056663 -0.000447132 0.999999 0.00076745 -0.00566707 -0.00077021 0.999983 0.197641 0.402723 -0.851733
FixedParameters: 0 0 0

#Transform 32
Transform: AffineTransform_float_3_3
Parameters: 0.999954 0.000379077 0.00953871 -0.000408557 0.999995 0.00310933 -0.0095376 -0.00311314 0.99995 0.251233 -0.0265863 -0.360087
FixedParameters: 0 0 0

#Transform 33
Transform: AffineTransform_float_3_3
Parameters: 0.999933 0.00266193 0.0112675 -0.00273287 0.999976 0.00631224 -0.01125 -0.00634199 0.999916 0.352527 0.17315 -0.260973
FixedParameters: 0 0 0

#Transform 34
Transform: AffineTransform_float_3_3
Parameters: 0.999954 0.00205107 0.00928744 -0.00205926 0.999998 0.000896474 -0.00928542 -0.000916342 0.999956 0.246052 0.0480325 -0.347705
FixedParameters: 0 0 0

#Transform 35
Transform: AffineTransform_float_3_3
Parameters: 0.999867 0.00349548 0.0159393 -0.00334494 0.99995 -0.0094256 -0.0159715 0.009371 0.999829 0.271294 0.117609 -0.221903
FixedParameters: 0 0 0

#Transform 36
Transform: AffineTransform_float_3_3
Parameters: 0.999858 0.00372542 0.0164664 -0.00365993 0.999986 -0.00399448 -0.0164821 0.00393334 0.999856 0.309619 0.196216 -0.25981
FixedParameters: 0 0 0

#Transform 37
Transform: AffineTransform_float_3_3
Parameters: 0.999926 0.00222426 0.0119734 -0.00222465 0.999997 5.74369e-05 -0.011973 -8.48748e-05 0.999928 0.256406 0.111791 -0.319246
FixedParameters: 0 0 0

#Transform 38
Transform: AffineTransform_float_3_3
Parameters: 0.99999 0.000938405 0.00442635 -0.000954636 0.999992 0.00368635 -0.00442237 -0.00369079 0.999983 0.205816 0.036739 -0.117239
FixedParameters: 0 0 0

#Transform 39
Transform: AffineTransform_float_3_3
Parameters: 0.999966 0.00242989 0.00780783 -0.00242167 0.999996 -0.00113386 -0.00781042 0.00111499 0.999968 0.196938 0.0712587 -0.231092
FixedParameters: 0 0 0

#Transform 40
Transform: AffineTransform_float_3_3
Parameters: 0.999978 0.00265435 0.00610569 -0.00262994 0.999989 -0.00395604 -0.00611588 0.00393919 0.999973 0.0766717 0.0872197 -0.444073
FixedParameters: 0 0 0

#Transform 41
Transform: AffineTransform_float_3_3
Parameters: 0.999986 0.00208291 0.00489652 -0.00206839 0.999994 -0.00278513 -0.00490223 0.00277565 0.999984 0.119559 0.0880562 -0.236105
FixedParameters: 0 0 0

#Transform 42
Transform: AffineTransform_float_3_3
Parameters: 0.999985 0.00301784 0.00472579 -0.00299456 0.999984 -0.00478844 -0.00474066 0.00477445 0.999977 0.0886804 0.0461867 -0.168438
FixedParameters: 0 0 0

#Transform 43
Transform: AffineTransform_float_3_3
Parameters: 0.999945 0.00351901 0.00988657 -0.00347712 0.999985 -0.00426042 -0.00990161 0.00422541 0.999942 0.224047 0.150017 -0.0421256
FixedParameters: 0 0 0

#Transform 44
Transform: AffineTransform_float_3_3
Parameters: 0.999969 0.000942188 0.00782738 -0.000939372 1 -0.000350265 -0.00782815 0.000342793 0.99997 0.216497 0.152909 -0.00802787
FixedParameters: 0 0 0

#Transform 45
Transform: AffineTransform_float_3_3
Parameters: 0.99998 0.00129166 0.00608644 -0.00129082 1 -3.38503e-05 -0.00608666 2.62633e-05 0.999982 0.121151 0.140441 0.0387517
FixedParameters: 0 0 0

#Transform 46
Transform: AffineTransform_float_3_3
Parameters: 0.999978 0.00160854 0.0065389 -0.00161004 0.999999 0.000279347 -0.00653922 -0.000290199 0.999979 0.11311 0.0929827 0.239339
FixedParameters: 0 0 0

#Transform 47
Transform: AffineTransform_float_3_3
Parameters: 0.99996 0.00124866 0.00885494 -0.00125052 0.999999 0.000171932 -0.00885467 -0.000183746 0.999961 0.10086 0.085727 0.16179
FixedParameters: 0 0 0

#Transform 48
Transform: AffineTransform_float_3_3
Parameters: 0.999976 0.000117427 0.0069108 -0.000113948 1 -0.00054664 -0.00691118 0.000546325 0.999976 0.0541873 0.197659 0.103615
FixedParameters: 0 0 0

#Transform 49
Transform: AffineTransform_float_3_3
Parameters: 0.999958 0.00167489 0.00906183 -0.00162934 0.999986 -0.00508013 -0.00907072 0.00506463 0.999946 0.0923365 0.129253 0.136529
FixedParameters: 0 0 0

#Transform 50
Transform: AffineTransform_float_3_3
Parameters: 0.999955 5.5821e-05 0.00955515 -5.64144e-05 1 1.0612e-05 -0.00955487 -1.07215e-05 0.999955 0.119788 0.17088 0.398515
FixedParameters: 0 0 0

#Transform 51
Transform: AffineTransform_float_3_3
Parameters: 0.999928 0.0017689 0.0118429 -0.00168705 0.999976 -0.00684112 -0.0118545 0.00682087 0.999906 0.147543 0.278913 0.318642
FixedParameters: 0 0 0

#Transform 52
Transform: AffineTransform_float_3_3
Parameters: 0.999962 0.000562469 0.00873723 -0.00057907 0.999998 0.00186659 -0.00873673 -0.00187122 0.99996 0.147073 0.241549 0.256795
FixedParameters: 0 0 0

#Transform 53
Transform: AffineTransform_float_3_3
Parameters: 0.999964 2.83589e-05 0.0084117 -2.96295e-05 1 0.00020962 -0.00841226 -0.000210351 0.999964 0.151464 0.116968 0.42546
FixedParameters: 0 0 0

#Transform 54
Transform: AffineTransform_float_3_3
Parameters: 0.999955 0.000487628 0.00954865 -0.000487214 1 -5.13728e-05 -0.00954849 4.74819e-05 0.999954 0.152037 0.161059 0.38996
FixedParameters: 0 0 0

#Transform 55
Transform: AffineTransform_float_3_3
Parameters: 0.999966 -0.000316042 0.00814896 0.000315853 1 9.73566e-05 -0.00814899 -9.44985e-05 0.999967 0.193263 0.19197 0.351003
FixedParameters: 0 0 0

#Transform 56
Transform: AffineTransform_float_3_3
Parameters: 0.999953 -0.000125356 0.0097522 0.000125271 0.999999 3.63041e-05 -0.00975243 -3.49291e-05 0.999952 0.178606 0.17411 0.358039
FixedParameters: 0 0 0

#Transform 57
Transform: AffineTransform_float_3_3
Parameters: 0.999957 -0.00131582 0.00920805 0.0013168 0.999999 -8.54118e-05 -0.00920807 9.81579e-05 0.999958 0.247545 0.148833 0.475202
FixedParameters: 0 0 0

#Transform 58
Transform: AffineTransform_float_3_3
Parameters: 0.999969 0.000689003 0.00786005 -0.000700503 0.999999 0.00139514 -0.00785863 -0.0014001 0.999968 0.149677 0.210341 0.476692
FixedParameters: 0 0 0

#Transform 59
Transform: AffineTransform_float_3_3
Parameters: 0.999819 0.0042005 0.0185665 -0.00409986 0.999977 -0.00548005 -0.0185894 0.005403 0.999812 0.386338 0.21285 0.571338
FixedParameters: 0 0 0

#Transform 60
Transform: AffineTransform_float_3_3
Parameters: 0.999661 0.00672306 0.0251784 -0.0065618 0.999957 -0.006481 -0.0252208 0.0063137 0.999662 0.464389 0.212247 0.555503
FixedParameters: 0 0 0

#Transform 61
Transform: AffineTransform_float_3_3
Parameters: 0.999688 0.00619533 0.0241721 -0.00603842 0.99996 -0.00654382 -0.024211 0.00639527 0.999686 0.450036 0.268963 0.624781
FixedParameters: 0 0 0

#Transform 62
Transform: AffineTransform_float_3_3
Parameters: 0.999713 0.00628003 0.0231143 -0.00613302 0.999961 -0.00643824 -0.0231533 0.00629492 0.999712 0.406992 0.309481 0.570106
FixedParameters: 0 0 0

#Transform 63
Transform: AffineTransform_float_3_3
Parameters: 0.999885 0.00255124 0.0149259 -0.00246299 0.99998 -0.00591174 -0.0149408 0.0058749 0.999871 0.257394 0.18716 0.52702
FixedParameters: 0 0 0

#Transform 64
Transform: AffineTransform_float_3_3
Parameters: 0.999914 0.000498323 0.013068 -0.000394727 0.999968 -0.00790371 -0.0130716 0.00789846 0.999884 0.291063 0.194157 0.413569
FixedParameters: 0 0 0

#Transform 65
Transform: AffineTransform_float_3_3
Parameters: 0.999918 0.00064808 0.0127486 -0.00052967 0.999958 -0.00924249 -0.0127536 0.00923485 0.999876 0.180999 0.111952 0.6337
FixedParameters: 0 0 0

#Transform 66
Transform: AffineTransform_float_3_3
Parameters: 0.999885 0.00125021 0.0151418 -0.00109313 0.999945 -0.0103962 -0.0151539 0.0103786 0.999831 0.26565 0.230075 0.438827
FixedParameters: 0 0 0

#Transform 67
Transform: AffineTransform_float_3_3
Parameters: 0.999897 0.00289849 0.0140509 -0.00276571 0.999951 -0.0094751 -0.0140775 0.00943485 0.999856 0.207937 0.174379 0.327016
FixedParameters: 0 0 0

#Transform 68
Transform: AffineTransform_float_3_3
Parameters: 0.999907 0.00236469 0.013425 -0.00223571 0.999951 -0.00961206 -0.0134465 0.00958063 0.999864 0.274116 0.191753 0.380729
FixedParameters: 0 0 0

#Transform 69
Transform: AffineTransform_float_3_3
Parameters: 0.999886 0.00506667 0.0142039 -0.00503975 0.999986 -0.00190298 -0.0142132 0.00183134 0.999898 0.332979 0.405114 0.298135
FixedParameters: 0 0 0

#Transform 70
Transform: AffineTransform_float_3_3
Parameters: 0.99994 0.00243105 0.0107204 -0.00238223 0.999987 -0.00460147 -0.010731 0.00457574 0.999932 0.254619 0.353734 0.12294
FixedParameters: 0 0 0

#Transform 71
Transform: AffineTransform_float_3_3
Parameters: 0.999918 0.00166952 0.0127182 -0.00159687 0.999983 -0.00573112 -0.0127276 0.00571037 0.999902 0.316312 0.228704 0.302232
FixedParameters: 0 0 0

#Transform 72
Transform: AffineTransform_float_3_3
Parameters: 0.999937 0.000357007 0.0112234 -0.000313661 0.999992 -0.00387783 -0.0112246 0.00387311 0.99993 0.24821 0.252604 0.51519
FixedParameters: 0 0 0

#Transform 73
Transform: AffineTransform_float_3_3
Parameters: 0.999894 0.00234534 0.0143691 -0.00230306 0.999993 -0.00293699 -0.0143763 0.00290349 0.999892 0.354316 0.237437 0.421112
FixedParameters: 0 0 0

#Transform 74
Transform: AffineTransform_float_3_3
Parameters: 0.99991 0.00204669 0.0132229 -0.00198222 0.999986 -0.00492359 -0.0132332 0.00489725 0.9999 0.271582 0.27599 0.535318
FixedParameters: 0 0 0

#Transform 75
Transform: AffineTransform_float_3_3
Parameters: 0.999928 0.0012483 0.0119553 -0.00111856 0.999941 -0.0107714 -0.0119683 0.0107575 0.99987 0.172092 0.22185 0.644765
FixedParameters: 0 0 0

#Transform 76
Transform: AffineTransform_float_3_3
Parameters: 0.999876 0.00261117 0.0154929 -0.00247601 0.999959 -0.00871907 -0.0155155 0.00868032 0.999842 0.263735 0.219903 0.518429
FixedParameters: 0 0 0

#Transform 77
Transform: AffineTransform_float_3_3
Parameters: 0.99984 0.00237968 0.0177477 -0.00220153 0.999947 -0.0100225 -0.017771 0.00998214 0.999792 0.28042 0.261195 -0.432165
FixedParameters: 0 0 0

#Transform 78
Transform: AffineTransform_float_3_3
Parameters: 0.999856 0.00193203 0.0168533 -0.00180798 0.999972 -0.00735229 -0.0168672 0.00732107 0.999831 0.298784 0.0642929 -0.0504907
FixedParameters: 0 0 0

#Transform 79
Transform: AffineTransform_float_3_3
Parameters: 0.999867 0.000862319 0.0163146 -0.000653346 0.999918 -0.012784 -0.0163244 0.0127717 0.999785 0.283929 0.148129 0.436391
FixedParameters: 0 0 0

#Transform 80
Transform: AffineTransform_float_3_3
Parameters: 0.999893 0.0012538 0.0145885 -0.000950349 0.999784 -0.0207316 -0.0146115 0.0207157 0.999679 -0.000442535 0.335553 0.950928
FixedParameters: 0 0 0

#Transform 81
Transform: AffineTransform_float_3_3
Parameters: 0.999845 0.00233175 0.0174475 -0.00192612 0.999728 -0.0232197 -0.0174967 0.0231821 0.999578 0.0470834 0.225638 1.32039
FixedParameters: 0 0 0

#Transform 82
Transform: AffineTransform_float_3_3
Parameters: 0.999814 0.00533413 0.0185457 -0.00506376 0.99988 -0.0145877 -0.0186214 0.0144908 0.999721 0.12511 0.211383 0.895276
FixedParameters: 0 0 0

#Transform 83
Transform: AffineTransform_float_3_3
Parameters: 0.999595 0.00856828 0.0271347 -0.00819733 0.999872 -0.0137451 -0.0272489 0.0135178 0.999537 0.520699 0.244483 0.831903
FixedParameters: 0 0 0

#Transform 84
Transform: AffineTransform_float_3_3
Parameters: 0.999865 0.00241873 0.0162359 -0.00233872 0.999986 -0.00495726 -0.0162475 0.00491849 0.999856 0.233245 0.445452 0.558054
FixedParameters: 0 0 0

#Transform 85
Transform: AffineTransform_float_3_3
Parameters: 0.999882 0.00120739 0.01531 -0.00126303 0.999993 0.00363073 -0.0153053 -0.00364949 0.999876 0.232009 0.373013 0.751799
FixedParameters: 0 0 0

#Transform 86
Transform: AffineTransform_float_3_3
Parameters: 0.999812 0.00303012 0.019162 -0.0029633 0.999989 -0.00353207 -0.0191725 0.00347445 0.99981 0.289988 0.372183 0.732148
FixedParameters: 0 0 0

#Transform 87
Transform: AffineTransform_float_3_3
Parameters: 0.999641 0.00328288 0.0265926 -0.00340117 0.999985 0.00438994 -0.0265775 -0.00447841 0.999637 0.410961 0.475434 0.840989
FixedParameters: 0 0 0

#Transform 88
Transform: AffineTransform_float_3_3
Parameters: 0.99968 9.99622e-05 0.0253202 -0.000545282 0.999845 0.0175597 -0.0253137 -0.0175685 0.999525 0.418897 0.436556 1.01371
FixedParameters: 0 0 0

#Transform 89
Transform: AffineTransform_float_3_3
Parameters: 0.999736 0.00168024 0.0229234 -0.00194363 0.999932 0.0114808 -0.0229027 -0.0115219 0.999672 0.29808 0.436779 1.02781
FixedParameters: 0 0 0

#Transform 90
Transform: AffineTransform_float_3_3
Parameters: 0.999836 0.00080625 0.0181201 -0.00108088 0.999884 0.0151386 -0.0181062 -0.0151556 0.999721 0.158706 0.391414 1.15899
FixedParameters: 0 0 0

#Transform 91
Transform: AffineTransform_float_3_3
Parameters: 0.999797 0.00196095 0.0200429 -0.0022167 0.999916 0.0127623 -0.0200159 -0.0128048 0.999718 0.204869 0.509229 1.06034
FixedParameters: 0 0 0

#Transform 92
Transform: AffineTransform_float_3_3
Parameters: 0.999791 0.00161005 0.0203792 -0.00189689 0.999899 0.0140944 -0.0203544 -0.0141302 0.999693 0.209452 0.434976 1.10447
FixedParameters: 0 0 0

#Transform 93
Transform: AffineTransform_float_3_3
Parameters: 0.999779 0.00214105 0.0209412 -0.0024343 0.999899 0.0139874 -0.0209088 -0.0140346 0.999683 0.21277 0.446747 1.13171
FixedParameters: 0 0 0

#Transform 94
Transform: AffineTransform_float_3_3
Parameters: 0.999766 0.00176697 0.0215552 -0.00207041 0.9999 0.0140358 -0.0215278 -0.0140773 0.99967 0.200956 0.45836 1.2598
FixedParameters: 0 0 0

#Transform 95
Transform: AffineTransform_float_3_3
Parameters: 0.999777 0.00193439 0.0210406 -0.00220745 0.999914 0.0129458 -0.021014 -0.01299 0.999695 0.18357 0.484979 1.25599
FixedParameters: 0 0 0

#Transform 96
Transform: AffineTransform_float_3_3
Parameters: 0.999796 0.00335933 0.0199022 -0.00362855 0.999902 0.0135171 -0.0198543 -0.0135866 0.999711 0.143323 0.488105 1.22146
FixedParameters: 0 0 0

#Transform 97
Transform: AffineTransform_float_3_3
Parameters: 0.999737 0.00322143 0.0226964 -0.00347047 0.999934 0.0109115 -0.0226594 -0.010987 0.999683 0.217466 0.480599 1.20208
FixedParameters: 0 0 0

#Transform 98
Transform: AffineTransform_float_3_3
Parameters: 0.999774 0.000831625 0.0212665 -0.00101025 0.999964 0.0083668 -0.0212585 -0.00838643 0.999738 0.256511 0.465793 1.20518
FixedParameters: 0 0 0

#Transform 99
Transform: AffineTransform_float_3_3
Parameters: 0.999835 -0.000685568 0.0181408 0.00057274 0.999981 0.00620293 -0.0181447 -0.00619111 0.999816 0.29743 0.499093 1.15228
FixedParameters: 0 0 0

#Transform 100
Transform: AffineTransform_float_3_3
Parameters: 0.999712 0.0016847 0.0239523 -0.00187028 0.999968 0.0077352 -0.0239389 -0.00777747 0.999683 0.290155 0.431549 1.25059
FixedParameters: 0 0 0

#Transform 101
Transform: AffineTransform_float_3_3
Parameters: 0.999691 0.00337561 0.0246491 -0.00357547 0.999961 0.0080571 -0.0246209 -0.00814213 0.999664 0.222202 0.488839 1.31097
FixedParameters: 0 0 0

#Transform 102
Transform: AffineTransform_float_3_3
Parameters: 0.999514 0.00675743 0.0304241 -0.00685042 0.999972 0.00295398 -0.0304038 -0.00316003 0.999533 0.259396 0.441689 1.33692
FixedParameters: 0 0 0

#Transform 103
Transform: AffineTransform_float_3_3
Parameters: 0.99958 0.00509784 0.0285423 -0.0051307 0.999986 0.00106924 -0.0285368 -0.00121467 0.999592 0.314644 0.427113 1.27127
FixedParameters: 0 0 0

#Transform 104
Transform: AffineTransform_float_3_3
Parameters: 0.99972 0.00355552 0.023389 -0.00356674 0.999993 0.000429647 -0.0233872 -0.000513012 0.999726 0.231294 0.489669 1.06314
FixedParameters: 0 0 0

#Transform 105
Transform: AffineTransform_float_3_3
Parameters: 0.999809 0.00461388 0.018982 -0.00468931 0.999982 0.00391296 -0.0189641 -0.00400122 0.999812 0.0834313 0.498627 0.938787
FixedParameters: 0 0 0

#Transform 106
Transform: AffineTransform_float_3_3
Parameters: 0.999743 0.004621 0.0222013 -0.00460438 0.999989 -0.000825496 -0.0222054 0.000723458 0.999753 0.186486 0.452951 0.922673
FixedParameters: 0 0 0

#Transform 107
Transform: AffineTransform_float_3_3
Parameters: 0.999719 0.00459955 0.0232592 -0.0046164 0.999989 0.000683128 -0.0232557 -0.000790854 0.99973 0.26832 0.432156 1.03337
FixedParameters: 0 0 0

#Transform 108
Transform: AffineTransform_float_3_3
Parameters: 0.999692 0.0044681 0.0243947 -0.00456492 0.999982 0.00391058 -0.024377 -0.00402077 0.999695 0.279138 0.349227 1.06124
FixedParameters: 0 0 0

#Transform 109
Transform: AffineTransform_float_3_3
Parameters: 0.999687 0.00480038 0.0245646 -0.00491774 0.999978 0.00470917 -0.024542 -0.00482848 0.999687 0.31363 0.461661 0.926593
FixedParameters: 0 0 0

#Transform 110
Transform: AffineTransform_float_3_3
Parameters: 0.999677 0.00357129 0.0251573 -0.00372147 0.999975 0.00593834 -0.0251355 -0.00603059 0.999666 0.350432 0.498012 1.01264
FixedParameters: 0 0 0

#Transform 111
Transform: AffineTransform_float_3_3
Parameters: 0.999681 0.00340512 0.0250475 -0.00355603 0.999976 0.00599253 -0.0250265 -0.00607898 0.999668 0.379663 0.428607 1.15108
FixedParameters: 0 0 0

#Transform 112
Transform: AffineTransform_float_3_3
Parameters: 0.999683 0.00449397 0.0247943 -0.00470324 0.999954 0.00837082 -0.0247558 -0.00848419 0.999658 0.345772 0.472198 1.14111
FixedParameters: 0 0 0

#Transform 113
Transform: AffineTransform_float_3_3
Parameters: 0.999686 0.00384063 0.0247708 -0.00412436 0.999926 0.0114127 -0.0247256 -0.0115112 0.999628 0.32517 0.500469 1.25285
FixedParameters: 0 0 0

#Transform 114
Transform: AffineTransform_float_3_3
Parameters: 0.999666 0.00507818 0.025355 -0.00532898 0.999938 0.00982888 -0.0253038 -0.00996123 0.99963 0.294371 0.53715 1.28433
FixedParameters: 0 0 0

#Transform 115
Transform: AffineTransform_float_3_3
Parameters: 0.999691 0.00446869 0.0244931 -0.00470866 0.999941 0.00975706 -0.0244479 -0.00986905 0.999653 0.285371 0.557363 1.26784
FixedParameters: 0 0 0

#Transform 116
Transform: AffineTransform_float_3_3
Parameters: 0.999669 0.00401118 0.0254203 -0.00423245 0.999953 0.0086768 -0.0253841 -0.00878058 0.999639 0.31093 0.523804 1.33408
FixedParameters: 0 0 0

#Transform 117
Transform: AffineTransform_float_3_3
Parameters: 0.999615 0.00403826 0.0274507 -0.00427332 0.999954 0.00849531 -0.027415 -0.00860895 0.999587 0.333787 0.544165 1.35029
FixedParameters: 0 0 0

#Transform 118
Transform: AffineTransform_float_3_3
Parameters: 0.999552 0.00541215 0.0294324 -0.00557774 0.999969 0.00557664 -0.029401 -0.00573789 0.999551 0.339517 0.534177 1.24122
FixedParameters: 0 0 0

#Transform 119
Transform: AffineTransform_float_3_3
Parameters: 0.999593 0.00495647 0.0281047 -0.00512353 0.999969 0.005863 -0.0280755 -0.00600445 0.999588 0.324342 0.528962 1.27095
FixedParameters: 0 0 0
