#Insight Transform File V1.0
#Transform 0
Transform: AffineTransform_float_3_3
Parameters: 0.999998 -0.0016011 -0.00159566 0.00160692 0.999991 0.00404253 0.00158895 -0.00404447 0.999991 0.0823514 -0.0703262 0.178778
FixedParameters: 0 0 0

#Transform 1
Transform: AffineTransform_float_3_3
Parameters: 0.999997 -0.0017833 -0.0020562 0.00178698 0.999996 0.00197258 0.00205294 -0.00197642 0.999996 0.15197 -0.0651792 0.0411472
FixedParameters: 0 0 0

#Transform 2
Transform: AffineTransform_float_3_3
Parameters: 0.999998 -0.0020466 -0.00113759 0.00204797 0.999998 0.000529452 0.0011364 -0.000532547 0.999999 0.139524 -0.0397707 -0.0836884
FixedParameters: 0 0 0

#Transform 3
Transform: AffineTransform_float_3_3
Parameters: 0.999996 -0.00242511 -0.00181687 0.00242469 0.999997 -7.15169e-05 0.00181621 6.64845e-05 0.999998 0.160758 -0.0157333 -0.129156
FixedParameters: 0 0 0

#Transform 4
Transform: AffineTransform_float_3_3
Parameters: 0.999994 -0.00359546 -0.000522698 0.00359362 0.999992 -0.00173982 0.000529117 0.00173817 0.999998 0.161653 -0.00668397 -0.161709
FixedParameters: 0 0 0

#Transform 5
Transform: AffineTransform_float_3_3
Parameters: 0.999993 -0.00348514 -0.000901514 0.00348268 0.99999 -0.00271093 0.000910849 0.00270707 0.999996 0.132081 -0.0250774 -0.206971
FixedParameters: 0 0 0

#Transform 6
Transform: AffineTransform_float_3_3
Parameters: 0.999994 -0.00356095 -0.000749141 0.00355838 0.999989 -0.00310265 0.000759709 0.00310036 0.999995 0.143917 -0.0158458 -0.186266
FixedParameters: 0 0 0

#Transform 7
Transform: AffineTransform_float_3_3
Parameters: 0.999991 -0.00431692 -0.000842999 0.00431337 0.999986 -0.00313301 0.000856539 0.00312999 0.999995 0.148485 -0.00784605 -0.229106
FixedParameters: 0 0 0

#Transform 8
Transform: AffineTransform_float_3_3
Parameters: 0.999989 0.00418897 -0.00176899 -0.00418804 0.999991 0.000314071 0.0017706 -0.000306927 0.999999 -0.0876328 0.0345367 -0.152406
FixedParameters: 0 0 0

#Transform 9
Transform: AffineTransform_float_3_3
Parameters: 0.999994 0.00325162 -0.000605001 -0.00325191 0.999995 -0.000379994 0.000603512 0.000381006 1 -0.0719668 -0.000195159 -0.177155
FixedParameters: 0 0 0

#Transform 10
Transform: AffineTransform_float_3_3
Parameters: 0.999997 0.00241023 -0.000112494 -0.00241107 0.999996 -0.000821224 0.000110674 0.000820775 0.999999 -0.0168091 -0.0075358 -0.177474
FixedParameters: 0 0 0

#Transform 11
Transform: AffineTransform_float_3_3
Parameters: 0.999999 0.00120078 -0.000257801 -0.00120117 0.999999 -0.000763855 0.000255965 0.000764143 0.999999 0.00115247 -0.00258276 -0.134206
FixedParameters: 0 0 0

#Transform 12
Transform: AffineTransform_float_3_3
Parameters: 1 0.00108736 -0.000238758 -0.00108765 0.999999 -0.000968905 0.000237637 0.000969094 0.999999 0.0154926 0.0145051 -0.127432
FixedParameters: 0 0 0

#Transform 13
Transform: AffineTransform_float_3_3
Parameters: 1 0.000415411 0.000497303 -0.000414239 0.999999 -0.00117721 -0.000498279 0.00117679 0.999999 0.0262999 -0.0176156 -0.169079
FixedParameters: 0 0 0

#Transform 14
Transform: AffineTransform_float_3_3
Parameters: 1 0.000253015 0.000376796 -0.000251859 0.999999 -0.00153209 -0.00037757 0.0015319 0.999999 0.0172751 0.015197 -0.184172
FixedParameters: 0 0 0

#Transform 15
Transform: AffineTransform_float_3_3
Parameters: 1 -0.000184792 3.4709e-05 0.000184776 0.999997 -0.00215599 -3.48982e-05 0.00215601 0.999997 0.0227994 0.00462052 -0.186607
FixedParameters: 0 0 0

#Transform 16
Transform: AffineTransform_float_3_3
Parameters: 1 -5.04336e-05 -0.000117186 5.00847e-05 0.999999 -0.00148801 0.000117335 0.00148799 0.999999 0.0236695 -0.00408153 -0.180942
FixedParameters: 0 0 0

#Transform 17
Transform: AffineTransform_float_3_3
Parameters: 1 0.000471037 -0.000134546 -0.000471479 0.999998 -0.00227494 0.000133388 0.00227506 0.999998 -0.0119503 0.0301492 -0.161551
FixedParameters: 0 0 0

#Transform 18
Transform: AffineTransform_float_3_3
Parameters: 1 0.000437735 -0.000128086 -0.0004379 0.999999 -0.000644944 0.000127522 0.000645056 1 -0.0124317 0.0167746 -0.0976798
FixedParameters: 0 0 0

#Transform 19
Transform: AffineTransform_float_3_3
Parameters: 1 0.000591411 0.000263885 -0.000592219 1 -0.000337184 -0.000264117 0.000337816 1 -0.00768965 0.00384347 -0.0970683
FixedParameters: 0 0 0

#Transform 20
Transform: AffineTransform_float_3_3
Parameters: 1 7.58845e-05 -6.66825e-05 -7.60293e-05 1 -0.001087 6.65173e-05 0.00108701 1 0.00738136 0.0228448 0.000106623
FixedParameters: 0 0 0

#Transform 21
Transform: AffineTransform_float_3_3
Parameters: 0.999999 -0.000883055 3.79662e-05 0.000882903 0.999999 -0.000191994 -3.86122e-05 0.000193006 1 0.0287219 -0.0190549 -0.0550327
FixedParameters: 0 0 0

#Transform 22
Transform: AffineTransform_float_3_3
Parameters: 0.999999 -0.000845737 0.000198598 0.000845634 0.999999 0.000260168 -0.000199038 -0.000259832 1 0.0115554 -0.0192831 0.0554636
FixedParameters: 0 0 0

#Transform 23
Transform: AffineTransform_float_3_3
Parameters: 0.999999 -0.000504953 0.000718565 0.000504458 0.999999 0.00114636 -0.000718903 -0.00114564 0.999999 -0.0278058 -0.139749 0.10462
FixedParameters: 0 0 0

#Transform 24
Transform: AffineTransform_float_3_3
Parameters: 0.999999 -0.00039009 0.000712849 0.000388857 0.999997 0.00236328 -0.000714037 -0.00236272 0.999997 -0.0369827 -0.130508 0.161325
FixedParameters: 0 0 0

#Transform 25
Transform: AffineTransform_float_3_3
Parameters: 0.999998 0.000450787 0.00194934 -0.000453898 0.999998 0.00180961 -0.00194837 -0.00181039 0.999997 -0.0809121 -0.0720038 0.164578
FixedParameters: 0 0 0

#Transform 26
Transform: AffineTransform_float_3_3
Parameters: 0.999999 -0.000125159 0.00132603 0.000122958 0.999999 0.00120136 -0.00132649 -0.00120164 0.999999 -0.0510767 -0.0817666 0.0916304
FixedParameters: 0 0 0

#Transform 27
Transform: AffineTransform_float_3_3
Parameters: 0.999999 -0.000102261 0.000813691 0.00010015 0.999995 0.00321708 -0.000813857 -0.00321692 0.999994 -0.0223035 -0.098951 0.163552
FixedParameters: 0 0 0

#Transform 28
Transform: AffineTransform_float_3_3
Parameters: 1 0.000129807 0.000237224 -0.000131907 0.999981 0.00615797 -0.000236765 -0.00615803 0.999981 0.0105872 -0.117688 0.303974
FixedParameters: 0 0 0

#Transform 29
Transform: AffineTransform_float_3_3
Parameters: 0.999999 -2.65681e-05 0.000965929 2.09047e-05 0.999984 0.00556921 -0.000966041 -0.00556978 0.999984 -0.00825132 -0.0974118 0.239917
FixedParameters: 0 0 0

#Transform 30
Transform: AffineTransform_float_3_3
Parameters: 0.999999 -0.00095393 0.00115964 0.000948178 0.999987 0.00502813 -0.00116412 -0.00502687 0.999987 -0.00479212 -0.105308 0.359228
FixedParameters: 0 0 0

#Transform 31
Transform: AffineTransform_float_3_3
Parameters: 0.999999 -0.000512916 0.00139158 0.000504766 0.999982 0.00605674 -0.00139415 -0.00605627 0.999981 -0.0265548 -0.0921325 0.363059
FixedParameters: 0 0 0

#Transform 32
Transform: AffineTransform_float_3_3
Parameters: 0.999998 -0.00126771 0.00194604 0.00125631 0.99998 0.00613354 -0.0019535 -0.00613145 0.999979 -0.0126439 -0.0896975 0.333495
FixedParameters: 0 0 0

#Transform 33
Transform: AffineTransform_float_3_3
Parameters: 0.999996 -0.000805417 0.00251273 0.000791148 0.999984 0.00561826 -0.00251696 -0.00561674 0.999981 -0.0504083 -0.0784338 0.294309
FixedParameters: 0 0 0

#Transform 34
Transform: AffineTransform_float_3_3
Parameters: 0.999997 -0.000133058 0.0022036 0.000122344 0.999987 0.0049668 -0.00220473 -0.0049662 0.999986 -0.0796387 -0.080218 0.262906
FixedParameters: 0 0 0

#Transform 35
Transform: AffineTransform_float_3_3
Parameters: 0.999998 -0.000575026 0.00188327 0.000566384 0.99999 0.00456327 -0.00188587 -0.00456173 0.999988 -0.095804 -0.0536944 0.275448
FixedParameters: 0 0 0

#Transform 36
Transform: AffineTransform_float_3_3
Parameters: 0.999998 -0.000173994 0.00169989 0.000166518 0.999991 0.00427645 -0.00170153 -0.00427554 0.999989 -0.0969642 -0.0662223 0.232345
FixedParameters: 0 0 0

#Transform 37
Transform: AffineTransform_float_3_3
Parameters: 0.999998 -0.000277571 0.00159335 0.000270438 0.999991 0.00419763 -0.00159468 -0.00419737 0.99999 -0.109335 -0.0472292 0.220286
FixedParameters: 0 0 0

#Transform 38
Transform: AffineTransform_float_3_3
Parameters: 0.999998 -0.000174075 0.00169988 0.000166438 0.99999 0.00432365 -0.00170154 -0.00432335 0.99999 -0.112701 -0.0824033 0.190013
FixedParameters: 0 0 0

#Transform 39
Transform: AffineTransform_float_3_3
Parameters: 0.999998 -0.000182105 0.00164765 0.000176087 0.999992 0.00396949 -0.00164925 -0.00396951 0.999991 -0.0962336 -0.0381802 0.20734
FixedParameters: 0 0 0

#Transform 40
Transform: AffineTransform_float_3_3
Parameters: 0.999998 0.000330029 0.00197867 -0.000340034 0.999986 0.00527067 -0.00197698 -0.00527134 0.999984 -0.129563 -0.0856453 0.286579
FixedParameters: 0 0 0

#Transform 41
Transform: AffineTransform_float_3_3
Parameters: 0.999998 -1.12243e-05 0.00203162 1.19922e-06 0.999988 0.00493434 -0.00203236 -0.00493366 0.999985 -0.125373 -0.0677523 0.250639
FixedParameters: 0 0 0

#Transform 42
Transform: AffineTransform_float_3_3
Parameters: 0.999998 -0.000436364 0.00184123 0.000425284 0.999983 0.00591002 -0.00184306 -0.00590999 0.999981 -0.116183 -0.13623 0.325316
FixedParameters: 0 0 0

#Transform 43
Transform: AffineTransform_float_3_3
Parameters: 0.999996 -9.01542e-05 0.0026476 7.71415e-05 0.999989 0.00478674 -0.00264745 -0.00478626 0.999985 -0.13286 -0.0485337 0.250691
FixedParameters: 0 0 0

#Transform 44
Transform: AffineTransform_float_3_3
Parameters: 0.999997 -0.000401565 0.00269826 0.000387242 0.999986 0.00536562 -0.00269989 -0.00536439 0.999982 -0.113871 -0.0761947 0.241969
FixedParameters: 0 0 0

#Transform 45
Transform: AffineTransform_float_3_3
Parameters: 0.999996 -0.000683232 0.00274458 0.000668742 0.999987 0.00515541 -0.0027478 -0.0051526 0.999983 -0.0996301 -0.0534504 0.253907
FixedParameters: 0 0 0

#Transform 46
Transform: AffineTransform_float_3_3
Parameters: 0.999997 -0.000746927 0.00235483 0.000734828 0.999987 0.00508099 -0.00235828 -0.00508001 0.999984 -0.0837406 -0.0708506 0.283498
FixedParameters: 0 0 0

#Transform 47
Transform: AffineTransform_float_3_3
Parameters: 0.999996 -0.00183596 0.0022181 0.00182028 0.999974 0.00697104 -0.00223096 -0.00696796 0.999973 -0.0798159 -0.0287756 0.137341
FixedParameters: 0 0 0

#Transform 48
Transform: AffineTransform_float_3_3
Parameters: 0.999996 -0.00183949 0.00221517 0.00182037 0.999962 0.00856401 -0.00223044 -0.00855998 0.99996 -0.0932929 -0.107122 0.217329
FixedParameters: 0 0 0

#Transform 49
Transform: AffineTransform_float_3_3
Parameters: 0.999994 -0.00138817 0.0029654 0.0013611 0.999959 0.00898555 -0.00297832 -0.00898145 0.999955 -0.126842 -0.0858901 0.205816
FixedParameters: 0 0 0

#Transform 50
Transform: AffineTransform_float_3_3
Parameters: 0.999994 -0.00167883 0.00323908 0.00164665 0.999951 0.0097479 -0.00325545 -0.00974211 0.999947 -0.131222 -0.0573401 0.106673
FixedParameters: 0 0 0

#Transform 51
Transform: AffineTransform_float_3_3
Parameters: 0.999994 -0.00107359 0.00322522 0.00104052 0.999948 0.0101112 -0.00323582 -0.0101078 0.999944 -0.137691 -0.129152 0.158834
FixedParameters: 0 0 0

#Transform 52
Transform: AffineTransform_float_3_3
Parameters: 0.999995 -0.00118857 0.00316288 0.00116059 0.999962 0.00867635 -0.00317362 -0.00867265 0.999957 -0.123777 -0.0638789 -0.0258819
FixedParameters: 0 0 0

#Transform 53
Transform: AffineTransform_float_3_3
Parameters: 0.999993 -0.00113207 0.00353693 0.00109759 0.999952 0.00969874 -0.00354812 -0.00969424 0.999946 -0.154031 -0.0917872 0.152794
FixedParameters: 0 0 0

#Transform 54
Transform: AffineTransform_float_3_3
Parameters: 0.999992 -0.00157278 0.00373243 0.00153531 0.999946 0.0102697 -0.00374766 -0.0102633 0.999941 -0.177869 -0.0825168 0.147252
FixedParameters: 0 0 0

#Transform 55
Transform: AffineTransform_float_3_3
Parameters: 0.999987 -0.00191348 0.00484082 0.00186266 0.999943 0.0105195 -0.00485977 -0.0105105 0.999933 -0.191196 -0.0923905 0.183765
FixedParameters: 0 0 0

#Transform 56
Transform: AffineTransform_float_3_3
Parameters: 0.999982 -0.00212034 0.00569929 0.00205739 0.999937 0.011006 -0.00572238 -0.010994 0.999924 -0.183077 -0.0809875 0.213113
FixedParameters: 0 0 0

#Transform 57
Transform: AffineTransform_float_3_3
Parameters: 0.999982 -0.00195804 0.00554426 0.0018951 0.999935 0.0112976 -0.0055659 -0.0112874 0.999921 -0.212552 -0.0762595 0.239504
FixedParameters: 0 0 0

#Transform 58
Transform: AffineTransform_float_3_3
Parameters: 0.999983 -0.00175473 0.00545162 0.00169411 0.999936 0.0112473 -0.00547049 -0.0112387 0.999922 -0.208873 -0.0739324 0.24727
FixedParameters: 0 0 0

#Transform 59
Transform: AffineTransform_float_3_3
Parameters: 0.999986 -0.00227834 0.00492886 0.00222251 0.999935 0.0112163 -0.00495414 -0.0112047 0.999925 -0.187819 -0.0769214 0.36846
FixedParameters: 0 0 0

#Transform 60
Transform: AffineTransform_float_3_3
Parameters: 0.999986 -0.00229468 0.00481236 0.00224275 0.99994 0.01076 -0.00483646 -0.01075 0.99993 -0.204394 -0.0931843 0.353539
FixedParameters: 0 0 0

#Transform 61
Transform: AffineTransform_float_3_3
Parameters: 0.999985 -0.00212721 0.00517533 0.00207393 0.999946 0.0101874 -0.00519653 -0.0101766 0.999935 -0.210591 -0.0606802 0.362075
FixedParameters: 0 0 0

#Transform 62
Transform: AffineTransform_float_3_3
Parameters: 0.999985 -0.00244864 0.00488902 0.00239732 0.999942 0.0105459 -0.00491442 -0.0105341 0.999932 -0.227069 -0.0965444 0.361551
FixedParameters: 0 0 0

#Transform 63
Transform: AffineTransform_float_3_3
Parameters: 0.999982 -0.00251168 0.0053149 0.00245684 0.999944 0.0103107 -0.00534092 -0.0102983 0.999933 -0.242851 -0.0764196 0.322725
FixedParameters: 0 0 0

#Transform 64
Transform: AffineTransform_float_3_3
Parameters: 0.999981 -0.00261361 0.005464 0.00255574 0.999941 0.0105178 -0.00549151 -0.0105032 0.99993 -0.245769 -0.0839047 0.313079
FixedParameters: 0 0 0

#Transform 65
Transform: AffineTransform_float_3_3
Parameters: 0.999984 -0.00266745 0.00510656 0.00261477 0.999943 0.0103586 -0.00513376 -0.0103454 0.999933 -0.230725 -0.064265 0.319914
FixedParameters: 0 0 0

#Transform 66
Transform: AffineTransform_float_3_3
Parameters: 0.99998 -0.00288192 0.00550604 0.00282251 0.999939 0.0106352 -0.0055359 -0.0106188 0.999928 -0.220304 -0.0792261 0.349528
FixedParameters: 0 0 0

#Transform 67
Transform: AffineTransform_float_3_3
Parameters: 0.999981 -0.00301606 0.00525924 0.002959 0.999937 0.0108289 -0.00529198 -0.0108131 0.999928 -0.21873 -0.0890858 0.33678
FixedParameters: 0 0 0

#Transform 68
Transform: AffineTransform_float_3_3
Parameters: 0.999983 -0.00265772 0.00519685 0.00259856 0.999933 0.01132 -0.0052267 -0.011306 0.999922 -0.216769 -0.0821386 0.328652
FixedParameters: 0 0 0

#Transform 69
Transform: AffineTransform_float_3_3
Parameters: 0.999983 -0.00297605 0.00487335 0.00292064 0.999931 0.0113464 -0.00490599 -0.0113316 0.999924 -0.202992 -0.122061 0.359613
FixedParameters: 0 0 0

#Transform 70
Transform: AffineTransform_float_3_3
Parameters: 0.999984 -0.003253 0.00450292 0.00321298 0.999956 0.00879402 -0.0045309 -0.00877897 0.999951 -0.181719 -0.00784403 0.27139
FixedParameters: 0 0 0

#Transform 71
Transform: AffineTransform_float_3_3
Parameters: 0.999981 -0.00312804 0.00533404 0.00307141 0.99994 0.0104708 -0.00536566 -0.0104542 0.999931 -0.214694 -0.069111 0.310453
FixedParameters: 0 0 0

#Transform 72
Transform: AffineTransform_float_3_3
Parameters: 0.99998 -0.00311965 0.00539721 0.00306106 0.999937 0.0108009 -0.00543118 -0.0107841 0.999927 -0.213404 -0.0800205 0.291751
FixedParameters: 0 0 0

#Transform 73
Transform: AffineTransform_float_3_3
Parameters: 0.999981 -0.00313891 0.00527031 0.00308187 0.999939 0.0106344 -0.00530318 -0.0106176 0.999929 -0.207223 -0.0786856 0.289496
FixedParameters: 0 0 0

#Transform 74
Transform: AffineTransform_float_3_3
Parameters: 0.999979 -0.00306175 0.00575189 0.00300136 0.99994 0.0104521 -0.00578379 -0.0104349 0.999929 -0.228736 -0.0609235 0.306779
FixedParameters: 0 0 0

#Transform 75
Transform: AffineTransform_float_3_3
Parameters: 0.99998 -0.00270677 0.00569591 0.00264772 0.999942 0.0103809 -0.00572398 -0.0103651 0.99993 -0.229274 -0.0752309 0.317256
FixedParameters: 0 0 0

#Transform 76
Transform: AffineTransform_float_3_3
Parameters: 0.999978 -0.00210102 0.00619605 0.00202812 0.999929 0.0117613 -0.00622044 -0.0117477 0.999912 -0.262962 -0.105633 0.32361
FixedParameters: 0 0 0

#Transform 77
Transform: AffineTransform_float_3_3
Parameters: 0.999979 -0.00232784 0.00608381 0.00225886 0.999935 0.0111692 -0.00610986 -0.0111558 0.999919 -0.274413 -0.102707 0.293079
FixedParameters: 0 0 0

#Transform 78
Transform: AffineTransform_float_3_3
Parameters: 0.999978 -0.00206637 0.00640136 0.00199356 0.999933 0.0113656 -0.00642431 -0.0113523 0.999914 -0.292762 -0.0854342 0.317636
FixedParameters: 0 0 0

#Transform 79
Transform: AffineTransform_float_3_3
Parameters: 0.999977 -0.0020606 0.00643042 0.00198869 0.999936 0.0111687 -0.00645228 -0.0111563 0.999917 -0.286284 -0.0867662 0.33724
FixedParameters: 0 0 0

#Transform 80
Transform: AffineTransform_float_3_3
Parameters: 0.999977 -0.00171739 0.00662644 0.00164557 0.999941 0.0107723 -0.00664424 -0.0107607 0.99992 -0.282831 -0.0823735 0.340097
FixedParameters: 0 0 0

#Transform 81
Transform: AffineTransform_float_3_3
Parameters: 0.999977 -0.00158857 0.00660624 0.0015177 0.999942 0.0107074 -0.00662305 -0.0106976 0.999921 -0.297868 -0.0716548 0.368289
FixedParameters: 0 0 0

#Transform 82
Transform: AffineTransform_float_3_3
Parameters: 0.999977 -0.00152643 0.00659484 0.00145183 0.999934 0.0113201 -0.00661179 -0.0113109 0.999915 -0.29633 -0.073419 0.343944
FixedParameters: 0 0 0

#Transform 83
Transform: AffineTransform_float_3_3
Parameters: 0.999975 -0.00154697 0.00690479 0.00147138 0.999939 0.0109439 -0.00692221 -0.0109331 0.999916 -0.312152 -0.061311 0.322962
FixedParameters: 0 0 0

#Transform 84
Transform: AffineTransform_float_3_3
Parameters: 0.999973 -0.00162475 0.00725884 0.00154365 0.999937 0.0110963 -0.00727609 -0.0110847 0.999912 -0.315975 -0.0650957 0.341626
FixedParameters: 0 0 0

#Transform 85
Transform: AffineTransform_float_3_3
Parameters: 0.999975 -0.00200475 0.00678596 0.0019284 0.999935 0.0112025 -0.00680733 -0.0111894 0.999914 -0.314202 -0.0759879 0.343943
FixedParameters: 0 0 0

#Transform 86
Transform: AffineTransform_float_3_3
Parameters: 0.999977 -0.00187866 0.0065276 0.00180419 0.999933 0.0114 -0.0065487 -0.011388 0.999914 -0.324662 -0.101626 0.365991
FixedParameters: 0 0 0

#Transform 87
Transform: AffineTransform_float_3_3
Parameters: 0.999974 -0.00200164 0.0068255 0.00192194 0.99993 0.0116816 -0.00684832 -0.0116684 0.999909 -0.317506 -0.101755 0.378969
FixedParameters: 0 0 0

#Transform 88
Transform: AffineTransform_float_3_3
Parameters: 0.999977 -0.00193414 0.00658511 0.00185677 0.99993 0.0116803 -0.00660785 -0.0116687 0.99991 -0.325857 -0.101091 0.369685
FixedParameters: 0 0 0

#Transform 89
Transform: AffineTransform_float_3_3
Parameters: 0.999976 -0.00201535 0.00672349 0.00193881 0.999934 0.0113193 -0.00674556 -0.0113057 0.999913 -0.313045 -0.0906131 0.359995
FixedParameters: 0 0 0

#Transform 90
Transform: AffineTransform_float_3_3
Parameters: 0.999974 -0.00196414 0.00704282 0.00188524 0.999936 0.0111861 -0.00706369 -0.0111719 0.999913 -0.319189 -0.0827366 0.36562
FixedParameters: 0 0 0

#Transform 91
Transform: AffineTransform_float_3_3
Parameters: 0.999975 -0.00186539 0.00691792 0.00178797 0.999936 0.011185 -0.0069384 -0.011172 0.999914 -0.318933 -0.0968801 0.351535
FixedParameters: 0 0 0

#Transform 92
Transform: AffineTransform_float_3_3
Parameters: 0.99997 -0.00215388 0.00734201 0.00207152 0.999935 0.0111881 -0.00736561 -0.0111729 0.99991 -0.280029 -0.0895074 0.296053
FixedParameters: 0 0 0

#Transform 93
Transform: AffineTransform_float_3_3
Parameters: 0.999975 -0.0019944 0.00688229 0.0019118 0.999927 0.0119377 -0.00690624 -0.0119243 0.999905 -0.298306 -0.0882267 0.364072
FixedParameters: 0 0 0

#Transform 94
Transform: AffineTransform_float_3_3
Parameters: 0.999972 -0.00194492 0.00719933 0.00185833 0.999926 0.0119764 -0.00722189 -0.0119626 0.999903 -0.30584 -0.106118 0.384813
FixedParameters: 0 0 0

#Transform 95
Transform: AffineTransform_float_3_3
Parameters: 0.99997 -0.00182791 0.0074947 0.00173769 0.999926 0.0119994 -0.00751614 -0.0119865 0.9999 -0.302305 -0.0847179 0.387769
FixedParameters: 0 0 0

#Transform 96
Transform: AffineTransform_float_3_3
Parameters: 0.999969 -0.00186433 0.00767599 0.00177799 0.999936 0.0111872 -0.0076967 -0.0111728 0.999908 -0.278192 -0.0483543 0.357674
FixedParameters: 0 0 0

#Transform 97
Transform: AffineTransform_float_3_3
Parameters: 0.999971 -0.00175389 0.00742291 0.001671 0.999937 0.0111146 -0.00744242 -0.0111024 0.99991 -0.305069 -0.0473241 0.364074
FixedParameters: 0 0 0

#Transform 98
Transform: AffineTransform_float_3_3
Parameters: 0.999978 -0.00092334 0.0065819 0.000856687 0.999947 0.0102552 -0.00659144 -0.0102498 0.999926 -0.327502 -0.0977144 0.360841
FixedParameters: 0 0 0

#Transform 99
Transform: AffineTransform_float_3_3
Parameters: 0.999976 -0.00125847 0.00688651 0.00118262 0.999939 0.01097 -0.00689965 -0.010961 0.999916 -0.299471 -0.0693441 0.354635
FixedParameters: 0 0 0

#Transform 100
Transform: AffineTransform_float_3_3
Parameters: 0.999973 -0.00115256 0.00715487 0.00107301 0.999938 0.0111498 -0.00716787 -0.0111412 0.999912 -0.313278 -0.0891187 0.333726
FixedParameters: 0 0 0

#Transform 101
Transform: AffineTransform_float_3_3
Parameters: 0.999974 -0.000848384 0.00708792 0.000770553 0.999939 0.0110186 -0.00709772 -0.0110124 0.999914 -0.335272 -0.0733871 0.32403
FixedParameters: 0 0 0

#Transform 102
Transform: AffineTransform_float_3_3
Parameters: 0.999975 -0.000862742 0.00701351 0.000783351 0.999935 0.0113986 -0.00702359 -0.0113924 0.99991 -0.327183 -0.0754816 0.343256
FixedParameters: 0 0 0

#Transform 103
Transform: AffineTransform_float_3_3
Parameters: 0.999975 -0.000858906 0.00702658 0.000780891 0.999938 0.0111396 -0.00703582 -0.0111344 0.999913 -0.331917 -0.0710838 0.346799
FixedParameters: 0 0 0

#Transform 104
Transform: AffineTransform_float_3_3
Parameters: 0.999974 -0.000833046 0.00719055 0.000753354 0.999938 0.0111397 -0.00719953 -0.0111343 0.999912 -0.332178 -0.0843817 0.369139
FixedParameters: 0 0 0

#Transform 105
Transform: AffineTransform_float_3_3
Parameters: 0.999973 -0.000640072 0.00729388 0.000559828 0.999939 0.0110655 -0.00730061 -0.0110615 0.999912 -0.34722 -0.0605314 0.444507
FixedParameters: 0 0 0

#Transform 106
Transform: AffineTransform_float_3_3
Parameters: 0.999975 -0.000648253 0.00694617 0.000568768 0.999934 0.011493 -0.00695344 -0.011489 0.99991 -0.347182 -0.0794891 0.431349
FixedParameters: 0 0 0

#Transform 107
Transform: AffineTransform_float_3_3
Parameters: 0.999973 -0.000241945 0.00727646 0.000155289 0.999929 0.0119067 -0.0072786 -0.0119053 0.999902 -0.34874 -0.0808612 0.39743
FixedParameters: 0 0 0

#Transform 108
Transform: AffineTransform_float_3_3
Parameters: 0.999972 7.18007e-05 0.00749915 -0.00016349 0.999925 0.0122518 -0.00749764 -0.0122522 0.999897 -0.362499 -0.097328 0.428298
FixedParameters: 0 0 0

#Transform 109
Transform: AffineTransform_float_3_3
Parameters: 0.999972 6.95283e-05 0.00749916 -0.000163795 0.999921 0.0125548 -0.00749794 -0.0125552 0.999893 -0.358102 -0.101772 0.427073
FixedParameters: 0 0 0

#Transform 110
Transform: AffineTransform_float_3_3
Parameters: 0.999979 -0.000441848 0.00646818 0.000362201 0.999925 0.012254 -0.00647313 -0.012251 0.999904 -0.326343 -0.0848001 0.42115
FixedParameters: 0 0 0

#Transform 111
Transform: AffineTransform_float_3_3
Parameters: 0.999978 -0.000976863 0.00655421 0.000904558 0.999938 0.0111295 -0.00656529 -0.0111235 0.999917 -0.330053 -0.0625376 0.366788
FixedParameters: 0 0 0

#Transform 112
Transform: AffineTransform_float_3_3
Parameters: 0.999977 -0.00145555 0.00662948 0.00138034 0.999936 0.0112207 -0.00664535 -0.0112113 0.999915 -0.304576 -0.0881752 0.391333
FixedParameters: 0 0 0

#Transform 113
Transform: AffineTransform_float_3_3
Parameters: 0.999975 -0.00102297 0.0070692 0.000939651 0.999929 0.0118298 -0.00708127 -0.0118232 0.999905 -0.301259 -0.0916244 0.469234
FixedParameters: 0 0 0

#Transform 114
Transform: AffineTransform_float_3_3
Parameters: 0.999972 -0.00192618 0.00721172 0.00184266 0.999931 0.0115971 -0.00723308 -0.0115829 0.999906 -0.263432 -0.112691 0.471626
FixedParameters: 0 0 0

#Transform 115
Transform: AffineTransform_float_3_3
Parameters: 0.999975 -0.00160368 0.00699243 0.00152177 0.999929 0.0117986 -0.00701091 -0.0117874 0.999906 -0.290856 -0.108149 0.461002
FixedParameters: 0 0 0

#Transform 116
Transform: AffineTransform_float_3_3
Parameters: 0.999974 -0.00148448 0.00703658 0.00140418 0.999935 0.0113658 -0.00705348 -0.0113552 0.999911 -0.310753 -0.0931652 0.425062
FixedParameters: 0 0 0

#Transform 117
Transform: AffineTransform_float_3_3
Parameters: 0.999974 -0.000974621 0.00713353 0.00089663 0.999941 0.0108447 -0.00714348 -0.0108383 0.999916 -0.317067 -0.0838559 0.432584
FixedParameters: 0 0 0

#Transform 118
Transform: AffineTransform_float_3_3
Parameters: 0.999976 -0.00108982 0.00683226 0.00101073 0.999932 0.0115687 -0.00684458 -0.0115623 0.999909 -0.304611 -0.109257 0.429141
FixedParameters: 0 0 0

#Transform 119
Transform: AffineTransform_float_3_3
Parameters: 0.999977 -0.00131292 0.00675955 0.00124205 0.999944 0.0105031 -0.00677306 -0.010495 0.999922 -0.312 -0.0791517 0.403534
FixedParameters: 0 0 0
