#Insight Transform File V1.0
#Transform 0
Transform: AffineTransform_float_3_3
Parameters: 0.999995 0.00107944 -0.00276003 -0.00107904 0.999999 0.000308627 0.00276012 -0.000306374 0.999996 -0.0621357 -0.103787 0.193867
FixedParameters: 0 0 0

#Transform 1
Transform: AffineTransform_float_3_3
Parameters: 0.999996 0.000941548 -0.00237479 -0.000942294 1 -0.000352375 0.00237376 0.000354625 0.999997 -0.0567119 -0.0713714 0.129695
FixedParameters: 0 0 0

#Transform 2
Transform: AffineTransform_float_3_3
Parameters: 0.999998 0.000877331 -0.00186346 -0.000878678 0.999999 -0.000457104 0.00186359 0.000458895 0.999998 -0.0676714 -0.0706339 0.108924
FixedParameters: 0 0 0

#Transform 3
Transform: AffineTransform_float_3_3
Parameters: 0.999998 0.000804209 -0.00180535 -0.000805896 0.999999 -0.000566287 0.00180537 0.000567712 0.999998 -0.0541405 -0.060637 0.119778
FixedParameters: 0 0 0

#Transform 4
Transform: AffineTransform_float_3_3
Parameters: 0.999998 0.000715615 -0.0015221 -0.000716694 1 -0.00035378 0.00152159 0.000355219 0.999999 -0.0568276 -0.0661494 0.129196
FixedParameters: 0 0 0

#Transform 5
Transform: AffineTransform_float_3_3
Parameters: 0.999999 0.000809975 -0.00163186 -0.000810559 1 0.000107582 0.00163239 -0.000106419 0.999999 -0.053626 -0.0739327 0.141185
FixedParameters: 0 0 0

#Transform 6
Transform: AffineTransform_float_3_3
Parameters: 0.999999 0.000661284 -0.0012848 -0.000662342 1 -0.00055102 0.001285 0.00055198 0.999999 -0.059844 -0.0662977 0.115461
FixedParameters: 0 0 0

#Transform 7
Transform: AffineTransform_float_3_3
Parameters: 0.999999 0.000597659 -0.00141735 -0.000597737 1 -0.000154024 0.0014181 0.000154977 0.999999 -0.053151 -0.0726638 0.127129
FixedParameters: 0 0 0

#Transform 8
Transform: AffineTransform_float_3_3
Parameters: 0.999999 0.000601166 -0.00122169 -0.000600761 1 -0.000363137 0.00122183 0.000363865 1 -0.0544635 -0.0527639 0.123687
FixedParameters: 0 0 0

#Transform 9
Transform: AffineTransform_float_3_3
Parameters: 0.999999 0.000587258 -0.00125491 -0.000587816 1 -0.000365133 0.00125542 0.000365868 1 -0.0440234 -0.0470677 0.125227
FixedParameters: 0 0 0

#Transform 10
Transform: AffineTransform_float_3_3
Parameters: 0.999999 0.000269261 -0.000870601 -0.000269821 1 -0.000527765 0.00087125 0.000528234 0.999999 -0.0339499 -0.039625 0.102832
FixedParameters: 0 0 0

#Transform 11
Transform: AffineTransform_float_3_3
Parameters: 1 0.000346895 -0.00109453 -0.000347352 1 -0.00037262 0.00109521 0.00037338 0.999999 -0.0410252 -0.0418134 0.0984901
FixedParameters: 0 0 0

#Transform 12
Transform: AffineTransform_float_3_3
Parameters: 0.999999 0.0004663 -0.000812802 -0.000466924 0.999999 -0.00060462 0.00081317 0.000605379 0.999999 -0.047672 -0.0314243 0.108662
FixedParameters: 0 0 0

#Transform 13
Transform: AffineTransform_float_3_3
Parameters: 1 0.000440112 -0.000880075 -0.000441633 1 -0.000864483 0.000879313 0.000864518 1 -0.0408611 -0.00796606 0.115226
FixedParameters: 0 0 0

#Transform 14
Transform: AffineTransform_float_3_3
Parameters: 1 0.000403828 -0.00112111 -0.000405093 1 -0.000724417 0.00112146 0.000724584 1 -0.0425315 -0.00324442 0.119072
FixedParameters: 0 0 0

#Transform 15
Transform: AffineTransform_float_3_3
Parameters: 0.999999 0.000441923 -0.000876157 -0.0004427 0.999999 -0.000443482 0.000875764 0.000443517 0.999999 -0.0351878 -0.0256511 0.127244
FixedParameters: 0 0 0

#Transform 16
Transform: AffineTransform_float_3_3
Parameters: 0.999999 0.000441972 -0.000876132 -0.000442652 1 -0.000387612 0.000875789 0.000388387 0.999999 -0.0443211 -0.0298705 0.0980834
FixedParameters: 0 0 0

#Transform 17
Transform: AffineTransform_float_3_3
Parameters: 0.999999 0.000240692 -0.000798232 -0.000240896 1 -0.000127808 0.00079817 0.000128192 0.999999 -0.0337889 -0.0556607 0.0728664
FixedParameters: 0 0 0

#Transform 18
Transform: AffineTransform_float_3_3
Parameters: 0.999999 0.000223751 -0.000791792 -0.000223318 1 -0.000315694 0.000791291 0.000315307 1 -0.0314591 -0.0334807 0.0831987
FixedParameters: 0 0 0

#Transform 19
Transform: AffineTransform_float_3_3
Parameters: 0.999999 4.56392e-05 -0.000722973 -4.59747e-05 1 -0.000231967 0.000722951 0.000232033 0.999999 -0.0320443 -0.0422484 0.0858993
FixedParameters: 0 0 0

#Transform 20
Transform: AffineTransform_float_3_3
Parameters: 1 5.37687e-05 -0.000656602 -5.34978e-05 0.999999 -0.000777964 0.000657092 0.000778035 0.999999 0.0157493 0.0218883 0.00687487
FixedParameters: 0 0 0

#Transform 21
Transform: AffineTransform_float_3_3
Parameters: 0.999999 -0.000513222 0.000633356 0.000508691 0.999976 0.00689932 -0.000637754 -0.00689868 0.999976 -0.0219425 -0.136168 0.191187
FixedParameters: 0 0 0

#Transform 22
Transform: AffineTransform_float_3_3
Parameters: 0.999999 -0.000867739 0.000914782 0.000864708 0.999994 0.00345759 -0.00091776 -0.00345741 0.999994 0.00625159 -0.0707085 0.116932
FixedParameters: 0 0 0

#Transform 23
Transform: AffineTransform_float_3_3
Parameters: 0.999999 -0.0010975 0.00107674 0.00109538 0.999996 0.00251397 -0.00107924 -0.00251302 0.999996 0.0245003 -0.0526464 0.0119051
FixedParameters: 0 0 0

#Transform 24
Transform: AffineTransform_float_3_3
Parameters: 0.999999 -0.00109632 0.00107794 0.00109491 0.999998 0.00141798 -0.00107954 -0.00141702 0.999998 0.0270384 -0.0276273 -0.0580469
FixedParameters: 0 0 0

#Transform 25
Transform: AffineTransform_float_3_3
Parameters: 0.999999 -0.000908806 0.00100695 0.000907946 0.999999 0.000605708 -0.00100711 -0.000605291 0.999999 0.0186313 0.0103496 -0.0906363
FixedParameters: 0 0 0

#Transform 26
Transform: AffineTransform_float_3_3
Parameters: 1 -0.00096905 0.000733987 0.000968984 0.999999 0.000924842 -0.000735206 -0.000924159 1 0.0245925 0.000705221 -0.0583759
FixedParameters: 0 0 0

#Transform 27
Transform: AffineTransform_float_3_3
Parameters: 1 -0.000809116 0.000668017 0.000808425 0.999999 0.00105654 -0.000667859 -0.00105546 0.999999 0.0182025 -0.000690992 -0.0565062
FixedParameters: 0 0 0

#Transform 28
Transform: AffineTransform_float_3_3
Parameters: 0.999999 -0.000554269 0.000734127 0.000554381 1 0.000804071 -0.000734445 -0.000803929 0.999999 0.00274327 0.00860015 -0.0561969
FixedParameters: 0 0 0

#Transform 29
Transform: AffineTransform_float_3_3
Parameters: 1 -0.000237456 0.000569999 0.000236876 0.999998 0.00164226 -0.000570206 -0.00164273 0.999998 -0.0165907 -0.01451 -0.0477925
FixedParameters: 0 0 0

#Transform 30
Transform: AffineTransform_float_3_3
Parameters: 1 -0.000259907 0.000438525 0.000259299 1 0.00110411 -0.000438166 -0.00110389 1 -0.0129477 0.00256268 -0.0477461
FixedParameters: 0 0 0

#Transform 31
Transform: AffineTransform_float_3_3
Parameters: 1 -0.000259944 0.000438503 0.000259262 1 0.00118911 -0.000438188 -0.00118889 0.999999 -0.012939 0.00868047 -0.0401286
FixedParameters: 0 0 0

#Transform 32
Transform: AffineTransform_float_3_3
Parameters: 1 -0.000390698 0.000488683 0.000389734 0.999999 0.00135419 -0.000488807 -0.00135381 0.999999 -0.0140016 0.000733779 -0.038377
FixedParameters: 0 0 0

#Transform 33
Transform: AffineTransform_float_3_3
Parameters: 1 -0.000380287 0.000484849 0.00037962 1 0.00105918 -0.000484721 -0.00105882 1 -0.0139305 0.00071819 -0.0672819
FixedParameters: 0 0 0

#Transform 34
Transform: AffineTransform_float_3_3
Parameters: 1 -0.00027193 0.000209521 0.000272687 0.999999 0.00127906 -0.000209644 -0.00127894 0.999999 -0.00691274 0.00615478 -0.060864
FixedParameters: 0 0 0

#Transform 35
Transform: AffineTransform_float_3_3
Parameters: 1 -0.000224357 4.34593e-05 0.000224271 0.999999 0.000989009 -4.39029e-05 -0.000988989 0.999999 0.0042675 0.021347 -0.0646167
FixedParameters: 0 0 0

#Transform 36
Transform: AffineTransform_float_3_3
Parameters: 1 0.000112668 -0.000483805 -0.000112003 1 0.000687054 0.00048396 -0.000686945 0.999999 -0.00177637 0.0298559 -0.0660533
FixedParameters: 0 0 0

#Transform 37
Transform: AffineTransform_float_3_3
Parameters: 1 6.9133e-05 -3.19628e-05 -6.90758e-05 0.999999 0.000893001 3.20862e-05 -0.000892997 0.999999 -0.0156425 0.0243534 -0.0649444
FixedParameters: 0 0 0

#Transform 38
Transform: AffineTransform_float_3_3
Parameters: 1 -5.6859e-05 1.65243e-05 5.68294e-05 0.999999 0.000893 -1.66258e-05 -0.000892998 0.999999 -0.0186987 0.0311979 -0.0872649
FixedParameters: 0 0 0

#Transform 39
Transform: AffineTransform_float_3_3
Parameters: 1 0.000228777 -0.000182335 -0.000228812 0.999999 0.000893041 0.00018181 -0.000892958 0.999999 -0.0130694 0.0307886 -0.0894104
FixedParameters: 0 0 0

#Transform 40
Transform: AffineTransform_float_3_3
Parameters: 1 0.000120619 -0.000463263 -0.000119891 0.999999 0.000786055 0.000463452 -0.000785944 0.999999 -0.0152588 -0.014974 -0.104476
FixedParameters: 0 0 0

#Transform 41
Transform: AffineTransform_float_3_3
Parameters: 1 0.000849318 0.000341827 -0.000849903 0.999999 -0.00050829 -0.00034233 0.000507709 1 -0.10173 0.14008 -0.253773
FixedParameters: 0 0 0

#Transform 42
Transform: AffineTransform_float_3_3
Parameters: 1 0.000241377 0.000216488 -0.000240989 1 -0.000895518 -0.00021692 0.000895482 0.999999 -0.0675426 0.077438 -0.225719
FixedParameters: 0 0 0

#Transform 43
Transform: AffineTransform_float_3_3
Parameters: 1 0.000438281 0.000360258 -0.000437983 1 -0.000414158 -0.000360621 0.000413842 1 -0.0744616 0.0899362 -0.137645
FixedParameters: 0 0 0

#Transform 44
Transform: AffineTransform_float_3_3
Parameters: 1 0.000144105 -9.61187e-05 -0.000143874 1 0.00120101 9.64646e-05 -0.00120099 1 -0.0452146 0.0435983 -0.0622761
FixedParameters: 0 0 0

#Transform 45
Transform: AffineTransform_float_3_3
Parameters: 1 0.000194429 -0.00011563 -0.000194308 1 0.000521022 0.000115833 -0.000520977 1 -0.0432051 0.0648277 -0.10481
FixedParameters: 0 0 0

#Transform 46
Transform: AffineTransform_float_3_3
Parameters: 1 0.000100545 0.000155228 -0.000100679 1 0.000430984 -0.000155141 -0.000431016 1 -0.0608375 0.0639272 -0.122509
FixedParameters: 0 0 0

#Transform 47
Transform: AffineTransform_float_3_3
Parameters: 1 -0.000203399 0.000353789 0.000203055 1 0.000486072 -0.000353987 -0.000485928 1 -0.0739556 0.0587117 -0.120827
FixedParameters: 0 0 0

#Transform 48
Transform: AffineTransform_float_3_3
Parameters: 1 -8.5257e-05 0.000659882 8.50392e-05 1 0.000165056 -0.000659911 -0.000164944 1 -0.0739128 0.0664806 -0.123341
FixedParameters: 0 0 0

#Transform 49
Transform: AffineTransform_float_3_3
Parameters: 1 -0.00051596 0.000269245 0.000514657 0.99999 0.00441214 -0.000270993 -0.00441186 0.99999 -0.0664532 -0.0508421 0.0608104
FixedParameters: 0 0 0

#Transform 50
Transform: AffineTransform_float_3_3
Parameters: 1 0.000357496 -0.000564998 -0.000353699 0.999989 0.0048152 0.000566916 -0.0048148 0.999988 -0.0506228 -0.0482824 0.104203
FixedParameters: 0 0 0

#Transform 51
Transform: AffineTransform_float_3_3
Parameters: 1 0.000341898 0.000587935 -0.000345895 0.999985 0.0054808 -0.000586178 -0.0054812 0.999985 -0.0700923 -0.06883 0.0979973
FixedParameters: 0 0 0

#Transform 52
Transform: AffineTransform_float_3_3
Parameters: 1 0.000181916 0.000166215 -0.000182662 0.999987 0.00507297 -0.000164726 -0.00507303 0.999987 -0.051765 -0.0452873 0.0480466
FixedParameters: 0 0 0

#Transform 53
Transform: AffineTransform_float_3_3
Parameters: 1 -0.000154021 0.000599802 0.000150945 0.999987 0.0051901 -0.000601532 -0.00518991 0.999987 -0.0515723 -0.0673615 0.0561112
FixedParameters: 0 0 0

#Transform 54
Transform: AffineTransform_float_3_3
Parameters: 0.999999 0.000287517 -0.000683245 -0.000283204 0.999982 0.00598732 0.000684944 -0.00598767 0.999982 -0.0506268 -0.0842461 0.0937391
FixedParameters: 0 0 0

#Transform 55
Transform: AffineTransform_float_3_3
Parameters: 1 0.000300919 8.25114e-05 -0.00030156 0.999987 0.00520398 -8.1602e-05 -0.00520403 0.999987 -0.0565604 -0.0206501 -0.00265323
FixedParameters: 0 0 0

#Transform 56
Transform: AffineTransform_float_3_3
Parameters: 1 0.000468273 1.83645e-05 -0.0004682 0.999992 0.00397099 -1.68716e-05 -0.00397101 0.999992 -0.0552259 -0.011511 -0.0327442
FixedParameters: 0 0 0

#Transform 57
Transform: AffineTransform_float_3_3
Parameters: 1 0.000179943 -0.000193594 -0.000178398 0.999988 0.00490803 0.00019442 -0.00490796 0.999988 -0.0489767 -0.0321002 0.0147064
FixedParameters: 0 0 0

#Transform 58
Transform: AffineTransform_float_3_3
Parameters: 1 3.45917e-05 0.000183707 -3.63115e-05 0.999989 0.00468499 -0.000183375 -0.00468501 0.999989 -0.0586079 -0.0173986 -0.00805507
FixedParameters: 0 0 0

#Transform 59
Transform: AffineTransform_float_3_3
Parameters: 1 -8.91232e-05 0.000184768 8.77402e-05 0.999989 0.00471801 -0.000184669 -0.00471798 0.999989 -0.0515187 -0.0230799 -0.0261705
FixedParameters: 0 0 0

#Transform 60
Transform: AffineTransform_float_3_3
Parameters: 1 -0.000172114 0.000242097 0.000170327 0.99999 0.00442704 -0.00024268 -0.00442696 0.99999 -0.0569524 -0.0254293 -0.0145315
FixedParameters: 0 0 0

#Transform 61
Transform: AffineTransform_float_3_3
Parameters: 1 -0.000216819 0.000127504 0.000216046 0.99999 0.00442903 -0.000128488 -0.00442897 0.99999 -0.052565 -0.0186266 0.018125
FixedParameters: 0 0 0

#Transform 62
Transform: AffineTransform_float_3_3
Parameters: 1 -0.000317317 0.000394734 0.000315419 0.99999 0.00449012 -0.000396069 -0.00448987 0.99999 -0.0490345 -0.0202359 0.0187315
FixedParameters: 0 0 0

#Transform 63
Transform: AffineTransform_float_3_3
Parameters: 1 -0.000343325 0.000326475 0.00034197 0.99999 0.00459512 -0.000328118 -0.00459489 0.99999 -0.05507 -0.0183183 0.0312903
FixedParameters: 0 0 0

#Transform 64
Transform: AffineTransform_float_3_3
Parameters: 1 -0.000271965 0.000148485 0.000270987 0.99999 0.00448304 -0.000149986 -0.00448296 0.99999 -0.0430119 -0.0156901 0.0296605
FixedParameters: 0 0 0

#Transform 65
Transform: AffineTransform_float_3_3
Parameters: 1 -0.000339027 0.00033772 0.000337628 0.99999 0.00450811 -0.000339264 -0.00450788 0.99999 -0.047833 -0.0125214 0.0398279
FixedParameters: 0 0 0

#Transform 66
Transform: AffineTransform_float_3_3
Parameters: 1 -0.000274967 0.000505952 0.000272091 0.99999 0.00447114 -0.000506892 -0.00447086 0.99999 -0.0473836 -0.00931091 0.0456495
FixedParameters: 0 0 0

#Transform 67
Transform: AffineTransform_float_3_3
Parameters: 0.999999 -0.000673456 -0.000554481 0.000678948 0.999939 0.0109686 0.000547551 -0.0109694 0.999939 -0.061066 -0.111554 0.216893
FixedParameters: 0 0 0

#Transform 68
Transform: AffineTransform_float_3_3
Parameters: 0.999999 -0.000176528 -0.000891322 0.000181809 0.999984 0.00578484 0.000890116 -0.00578516 0.999983 -0.0505397 0.0429881 -0.00810199
FixedParameters: 0 0 0

#Transform 69
Transform: AffineTransform_float_3_3
Parameters: 1 -0.000422478 -4.49154e-05 0.000422727 0.999986 0.00526998 4.2687e-05 -0.00527002 0.999986 -0.038909 -0.00847771 -0.0898059
FixedParameters: 0 0 0

#Transform 70
Transform: AffineTransform_float_3_3
Parameters: 1 -0.000620995 -0.000317456 0.000622195 0.999993 0.0037078 0.000315432 -0.0037082 0.999993 -0.0364363 0.0374807 -0.196096
FixedParameters: 0 0 0

#Transform 71
Transform: AffineTransform_float_3_3
Parameters: 1 -0.000329233 -0.000301342 0.000330654 0.999995 0.0033139 0.000300448 -0.0033141 0.999995 -0.0467553 0.0565382 -0.181844
FixedParameters: 0 0 0

#Transform 72
Transform: AffineTransform_float_3_3
Parameters: 1 -0.000600568 0.000148624 0.000600176 0.999996 0.00251409 -0.00015071 -0.00251391 0.999997 -0.046512 0.0782658 -0.215045
FixedParameters: 0 0 0

#Transform 73
Transform: AffineTransform_float_3_3
Parameters: 1 -0.000667093 -2.50329e-05 0.000666638 0.999997 0.00245398 2.30528e-05 -0.00245402 0.999997 -0.0417737 0.077307 -0.208922
FixedParameters: 0 0 0

#Transform 74
Transform: AffineTransform_float_3_3
Parameters: 1 -0.000667089 -2.51347e-05 0.000666642 0.999997 0.00260665 2.29506e-05 -0.00260735 0.999996 -0.0417628 0.0669975 -0.208411
FixedParameters: 0 0 0

#Transform 75
Transform: AffineTransform_float_3_3
Parameters: 1 -0.000641347 4.20787e-05 0.000640908 0.999997 0.00264803 -4.32483e-05 -0.00264797 0.999997 -0.0435853 0.0497034 -0.227165
FixedParameters: 0 0 0

#Transform 76
Transform: AffineTransform_float_3_3
Parameters: 0.999997 -0.00195767 -0.00101274 0.00196114 0.999993 0.00313663 0.00100691 -0.00313837 0.999994 0.0956829 0.0199307 -0.000851858
FixedParameters: 0 0 0

#Transform 77
Transform: AffineTransform_float_3_3
Parameters: 0.999999 -0.00127499 -0.000259262 0.00127648 0.999996 0.00261654 0.000255745 -0.00261646 0.999997 0.0407209 0.0884783 -0.0501655
FixedParameters: 0 0 0

#Transform 78
Transform: AffineTransform_float_3_3
Parameters: 0.999998 -0.00157784 0.000248663 0.00157791 0.999998 0.00129693 -0.000250888 -0.00129607 0.999999 0.033004 0.0921894 -0.175791
FixedParameters: 0 0 0

#Transform 79
Transform: AffineTransform_float_3_3
Parameters: 0.999999 -0.00119135 0.00131941 0.00119183 0.999999 -0.000671299 -0.00131838 0.000673701 0.999999 -0.00585451 0.124698 -1.03507
FixedParameters: 0 0 0

#Transform 80
Transform: AffineTransform_float_3_3
Parameters: 0.999999 -0.00163243 -0.00074937 0.00163219 0.999999 -0.000163353 0.000749901 0.000161647 1 0.177969 0.180354 -0.73179
FixedParameters: 0 0 0

#Transform 81
Transform: AffineTransform_float_3_3
Parameters: 0.999999 -0.00170433 -0.00042466 0.00170418 0.999999 -0.000180983 0.000425277 0.000181016 1 0.184201 0.217839 -0.625718
FixedParameters: 0 0 0

#Transform 82
Transform: AffineTransform_float_3_3
Parameters: 0.999998 -0.00219563 0.000704537 0.00219581 0.999998 -0.000381462 -0.000703792 0.000382539 1 0.193037 0.22767 -0.64656
FixedParameters: 0 0 0

#Transform 83
Transform: AffineTransform_float_3_3
Parameters: 0.999997 -0.00243891 0.000660357 0.00244005 0.999996 -0.000430397 -0.000659547 0.000431602 1 0.212469 0.227536 -0.623004
FixedParameters: 0 0 0

#Transform 84
Transform: AffineTransform_float_3_3
Parameters: 0.999996 -0.00266211 0.000779217 0.0026623 0.999996 -0.000586401 -0.000777955 0.0005886 0.999999 0.22232 0.236474 -0.626931
FixedParameters: 0 0 0

#Transform 85
Transform: AffineTransform_float_3_3
Parameters: 0.999996 -0.0026536 0.000864851 0.00265396 0.999996 -0.000206049 -0.000863752 0.000207949 1 0.22132 0.225004 -0.606626
FixedParameters: 0 0 0

#Transform 86
Transform: AffineTransform_float_3_3
Parameters: 0.999996 -0.00278386 0.00126595 0.00278424 0.999996 -0.000289026 -0.00126526 0.000291974 0.999999 0.22223 0.223275 -0.643533
FixedParameters: 0 0 0

#Transform 87
Transform: AffineTransform_float_3_3
Parameters: 0.999995 -0.00292684 0.00163437 0.00292698 0.999995 -3.97661e-05 -0.00163413 4.52334e-05 0.999998 0.223087 0.21932 -0.653088
FixedParameters: 0 0 0

#Transform 88
Transform: AffineTransform_float_3_3
Parameters: 0.999994 -0.00295254 0.00185589 0.00295386 0.999996 -0.000450277 -0.00185414 0.000455721 0.999998 0.225583 0.225855 -0.644693
FixedParameters: 0 0 0

#Transform 89
Transform: AffineTransform_float_3_3
Parameters: 0.999994 -0.00276202 0.00172203 0.00276301 0.999996 -0.000390664 -0.00172079 0.000395335 0.999998 0.216431 0.225344 -0.622136
FixedParameters: 0 0 0

#Transform 90
Transform: AffineTransform_float_3_3
Parameters: 0.999995 -0.00286375 0.00150932 0.00286334 0.999996 0.000255773 -0.00150984 -0.000251227 0.999999 0.217771 0.218867 -0.598134
FixedParameters: 0 0 0

#Transform 91
Transform: AffineTransform_float_3_3
Parameters: 0.999994 -0.00282954 0.00165334 0.00282939 0.999996 4.52581e-05 -0.00165358 -4.07414e-05 0.999999 0.213601 0.238306 -0.621461
FixedParameters: 0 0 0

#Transform 92
Transform: AffineTransform_float_3_3
Parameters: 0.999995 -0.00264136 0.00167203 0.00264068 0.999997 0.000314997 -0.00167275 -0.000311003 0.999998 0.204834 0.213168 -0.645349
FixedParameters: 0 0 0

#Transform 93
Transform: AffineTransform_float_3_3
Parameters: 0.999995 -0.00272474 0.00145647 0.00272383 0.999996 0.00100576 -0.0014595 -0.00100124 0.999999 0.210628 0.20816 -0.627317
FixedParameters: 0 0 0

#Transform 94
Transform: AffineTransform_float_3_3
Parameters: 0.999997 -0.00258877 0.000797232 0.00258935 0.999996 -0.00104741 -0.000794601 0.00104959 0.999998 0.21673 0.280572 -0.719455
FixedParameters: 0 0 0

#Transform 95
Transform: AffineTransform_float_3_3
Parameters: 0.999995 -0.00288403 0.000490668 0.00288383 0.999995 -0.00053206 -0.000489463 0.000532941 1 0.237506 0.248501 -0.69548
FixedParameters: 0 0 0

#Transform 96
Transform: AffineTransform_float_3_3
Parameters: 0.999994 -0.00325315 8.76338e-05 0.00325345 0.999995 -0.00053345 -8.63885e-05 0.000533552 1 0.270777 0.248859 -0.680499
FixedParameters: 0 0 0

#Transform 97
Transform: AffineTransform_float_3_3
Parameters: 0.999995 -0.00297166 0.000162909 0.00297132 0.999996 -7.02485e-05 -0.000163423 7.07537e-05 0.999999 0.267965 0.305659 -0.706483
FixedParameters: 0 0 0

#Transform 98
Transform: AffineTransform_float_3_3
Parameters: 0.999995 -0.00313971 0.00012986 0.0031397 0.999995 4.50116e-05 -0.000130139 -4.3988e-05 1 0.269356 0.260776 -0.652388
FixedParameters: 0 0 0

#Transform 99
Transform: AffineTransform_float_3_3
Parameters: 0.999995 -0.00320007 -0.000159207 0.00320095 0.999995 -0.000155036 0.000159839 0.000154963 1 0.270773 0.311422 -0.663637
FixedParameters: 0 0 0

#Transform 100
Transform: AffineTransform_float_3_3
Parameters: 0.999997 -0.00271254 -5.57738e-05 0.00271212 0.999996 -0.000581214 5.79952e-05 0.000581784 1 0.270267 0.253148 -0.639274
FixedParameters: 0 0 0

#Transform 101
Transform: AffineTransform_float_3_3
Parameters: 0.999995 -0.002972 5.37967e-05 0.00297201 0.999996 -0.000100237 -5.31993e-05 0.000100762 1 0.270916 0.269805 -0.647468
FixedParameters: 0 0 0

#Transform 102
Transform: AffineTransform_float_3_3
Parameters: 0.999995 -0.00319534 0.000248474 0.00319582 0.999995 0.000488065 -0.000249724 -0.000486937 1 0.266341 0.246692 -0.661872
FixedParameters: 0 0 0

#Transform 103
Transform: AffineTransform_float_3_3
Parameters: 0.999996 -0.00306162 0.000189448 0.00306179 0.999995 0.000488186 -0.0001915 -0.000486812 1 0.284542 0.254501 -0.633495
FixedParameters: 0 0 0

#Transform 104
Transform: AffineTransform_float_3_3
Parameters: 0.999996 -0.00275575 0.000699587 0.00275578 0.999996 0.000489457 -0.000700413 -0.000487545 0.999999 0.245358 0.255387 -0.674814
FixedParameters: 0 0 0

#Transform 105
Transform: AffineTransform_float_3_3
Parameters: 0.999995 -0.00291059 0.000492406 0.0029099 0.999995 0.000488832 -0.000493021 -0.000487169 0.999999 0.278385 0.241445 -0.665034
FixedParameters: 0 0 0

#Transform 106
Transform: AffineTransform_float_3_3
Parameters: 0.999994 -0.00321876 0.000434921 0.00321894 0.999995 0.000628335 -0.000437095 -0.000626664 0.999999 0.278195 0.251821 -0.698182
FixedParameters: 0 0 0

#Transform 107
Transform: AffineTransform_float_3_3
Parameters: 0.999995 -0.00321228 0.000869314 0.00321191 0.999995 0.00041865 -0.000871063 -0.000416349 1 0.272282 0.258912 -0.702312
FixedParameters: 0 0 0

#Transform 108
Transform: AffineTransform_float_3_3
Parameters: 0.999994 -0.00337373 0.0010207 0.00337357 0.999994 7.84287e-05 -0.00102122 -7.55703e-05 1 0.277709 0.266728 -0.713545
FixedParameters: 0 0 0

#Transform 109
Transform: AffineTransform_float_3_3
Parameters: 0.999992 -0.00375993 0.000617097 0.00375919 0.999992 0.00129859 -0.000621828 -0.00129641 0.999999 0.312556 0.149275 -0.638051
FixedParameters: 0 0 0

#Transform 110
Transform: AffineTransform_float_3_3
Parameters: 0.999993 -0.00349583 0.000704107 0.00349713 0.999992 -0.00153782 -0.000698369 0.00154018 0.999998 0.294935 0.31555 -0.723338
FixedParameters: 0 0 0

#Transform 111
Transform: AffineTransform_float_3_3
Parameters: 0.999993 -0.00343608 0.000968275 0.00344051 0.999987 -0.00376284 -0.000955237 0.00376616 0.999992 0.287868 0.351617 -0.760974
FixedParameters: 0 0 0

#Transform 112
Transform: AffineTransform_float_3_3
Parameters: 0.999995 -0.00305201 0.000968161 0.00305665 0.999984 -0.00454674 -0.0009538 0.00454925 0.999989 0.229515 0.388231 -0.885714
FixedParameters: 0 0 0

#Transform 113
Transform: AffineTransform_float_3_3
Parameters: 0.999994 -0.0031563 0.00147222 0.00316522 0.999978 -0.00582426 -0.00145368 0.00582874 0.999982 0.225781 0.417818 -0.919514
FixedParameters: 0 0 0

#Transform 114
Transform: AffineTransform_float_3_3
Parameters: 0.999994 -0.00319417 0.00146948 0.00320087 0.999985 -0.00457555 -0.00145478 0.00457945 0.999988 0.233614 0.367253 -0.835828
FixedParameters: 0 0 0

#Transform 115
Transform: AffineTransform_float_3_3
Parameters: 0.999993 -0.00351896 0.00140509 0.00352468 0.999986 -0.00397443 -0.00139107 0.00397957 0.999991 0.252055 0.348068 -0.842771
FixedParameters: 0 0 0

#Transform 116
Transform: AffineTransform_float_3_3
Parameters: 0.999995 -0.0031773 0.00116383 0.0031815 0.999987 -0.00383433 -0.00115156 0.00383766 0.999992 0.238847 0.355881 -0.844399
FixedParameters: 0 0 0

#Transform 117
Transform: AffineTransform_float_3_3
Parameters: 0.999996 -0.00295299 0.000724771 0.00295481 0.999993 -0.00235647 -0.000717731 0.00235953 0.999997 0.230112 0.320281 -0.767903
FixedParameters: 0 0 0

#Transform 118
Transform: AffineTransform_float_3_3
Parameters: 0.999995 -0.00297532 0.00116429 0.00297762 0.999994 -0.00222623 -0.00115849 0.00222978 0.999997 0.235621 0.312942 -0.798993
FixedParameters: 0 0 0

#Transform 119
Transform: AffineTransform_float_3_3
Parameters: 0.999994 -0.00305907 0.00133552 0.00306149 0.999994 -0.00171481 -0.00133061 0.00171819 0.999997 0.231099 0.293921 -0.807113
FixedParameters: 0 0 0
