# transform file /out/sourcedata/freesurfer/sub-v1s18x0051215_ses-1/mri/transforms/cc_up.lta
# created by oesteban on Mon Mar  9 05:20:18 2026

type      = 0 # LINEAR_VOX_TO_VOX
nxforms   = 1
mean      = 128.0000 124.0000 131.0000
sigma     = 10000.0000
1 4 4
9.999623298645020e-01 7.923437282443047e-03 -3.542738268151879e-03 -3.905435800552368e-01 
-7.923386991024017e-03 9.999686479568481e-01 2.807154305628501e-05 2.501405715942383e+01 
3.542849328368902e-03 0.000000000000000e+00 9.999936819076538e-01 6.547278881072998e+00 
0.000000000000000e+00 0.000000000000000e+00 0.000000000000000e+00 1.000000000000000e+00 
src volume info
valid = 1  # volume info valid
filename = /out/sourcedata/freesurfer/sub-v1s18x0051215_ses-1/mri/norm.mgz
volume = 256 256 256
voxelsize = 1.000000000000000e+00 1.000000000000000e+00 1.000000000000000e+00
xras   = -1.000000119209290e+00 0.000000000000000e+00 0.000000000000000e+00
yras   = 9.313225746154785e-10 0.000000000000000e+00 -1.000000119209290e+00
zras   = 0.000000000000000e+00 1.000000000000000e+00 0.000000000000000e+00
cras   = 4.824890136718750e+00 3.416000366210938e+00 -2.502177429199219e+01
dst volume info
valid = 1  # volume info valid
filename = /out/sourcedata/freesurfer/sub-v1s18x0051215_ses-1/mri/norm.mgz
volume = 256 256 256
voxelsize = 1.000000000000000e+00 1.000000000000000e+00 1.000000000000000e+00
xras   = -1.000000119209290e+00 0.000000000000000e+00 0.000000000000000e+00
yras   = 9.313225746154785e-10 0.000000000000000e+00 -1.000000119209290e+00
zras   = 0.000000000000000e+00 1.000000000000000e+00 0.000000000000000e+00
cras   = 4.824890136718750e+00 3.416000366210938e+00 -2.502177429199219e+01
