#Insight Transform File V1.0
#Transform 0
Transform: AffineTransform_float_3_3
Parameters: 0.999964 0.00414395 -0.00744885 -0.00413692 0.999991 0.0010377 0.0074529 -0.00100728 0.999972 -0.155191 -0.0390601 0.0206401
FixedParameters: 0 0 0

#Transform 1
Transform: AffineTransform_float_3_3
Parameters: 0.999958 0.00410562 -0.00811429 -0.00413673 0.999984 -0.00377194 0.00809841 0.00380577 0.99996 -0.10533 0.00969006 -0.186833
FixedParameters: 0 0 0

#Transform 2
Transform: AffineTransform_float_3_3
Parameters: 0.999968 0.00408675 -0.00685387 -0.00411654 0.999981 -0.00443001 0.00683532 0.00445774 0.999966 -0.122328 0.0439039 -0.20002
FixedParameters: 0 0 0

#Transform 3
Transform: AffineTransform_float_3_3
Parameters: 0.999973 0.00386847 -0.00630446 -0.00388878 0.999988 -0.00315287 0.00629207 0.00317694 0.999975 -0.145822 0.0095144 -0.128589
FixedParameters: 0 0 0

#Transform 4
Transform: AffineTransform_float_3_3
Parameters: 0.999969 0.00417191 -0.00670685 -0.00419163 0.999987 -0.00293354 0.00669459 0.00296129 0.999973 -0.14264 0.0378073 -0.146319
FixedParameters: 0 0 0

#Transform 5
Transform: AffineTransform_float_3_3
Parameters: 0.999975 0.00376535 -0.00598046 -0.00378365 0.999989 -0.00303552 0.00596909 0.00305853 0.999978 -0.127503 0.0280571 -0.13645
FixedParameters: 0 0 0

#Transform 6
Transform: AffineTransform_float_3_3
Parameters: 0.999981 0.00282538 -0.00542603 -0.00282021 0.999996 0.00104495 0.00542885 -0.00102963 0.999985 -0.12141 0.0174472 -0.00889347
FixedParameters: 0 0 0

#Transform 7
Transform: AffineTransform_float_3_3
Parameters: 0.999987 0.0030687 -0.00406975 -0.00306218 0.999994 0.00168965 0.00407518 -0.00167684 0.99999 -0.117782 0.00768451 0.0532561
FixedParameters: 0 0 0

#Transform 8
Transform: AffineTransform_float_3_3
Parameters: 0.999988 0.00288119 -0.00401818 -0.00287605 0.999995 0.00132557 0.0040223 -0.00131451 0.999991 -0.0958783 -0.016449 0.0257463
FixedParameters: 0 0 0

#Transform 9
Transform: AffineTransform_float_3_3
Parameters: 0.999992 0.00187524 -0.00357955 -0.00187607 0.999998 -0.000349236 0.00357896 0.000356542 0.999993 -0.043017 0.00333667 -0.0175521
FixedParameters: 0 0 0

#Transform 10
Transform: AffineTransform_float_3_3
Parameters: 0.999993 0.00207915 -0.00300074 -0.00207729 0.999998 0.000546094 0.00300176 -0.000539943 0.999995 -0.0826698 -0.0265739 0.00336327
FixedParameters: 0 0 0

#Transform 11
Transform: AffineTransform_float_3_3
Parameters: 0.999993 0.0020362 -0.00331396 -0.00203602 0.999998 -3.28213e-05 0.00331411 3.94034e-05 0.999994 -0.0635482 0.00890592 -0.0325939
FixedParameters: 0 0 0

#Transform 12
Transform: AffineTransform_float_3_3
Parameters: 0.999993 0.00212141 -0.00306853 -0.00212075 0.999997 0.000261909 0.00306935 -0.000255856 0.999996 -0.0860787 -0.0107226 -0.0345079
FixedParameters: 0 0 0

#Transform 13
Transform: AffineTransform_float_3_3
Parameters: 0.999994 0.00199221 -0.00284005 -0.00199126 0.999998 0.000118764 0.0028407 -0.000112282 0.999996 -0.0810073 0.00285321 -0.0146127
FixedParameters: 0 0 0

#Transform 14
Transform: AffineTransform_float_3_3
Parameters: 0.999995 0.00188435 -0.00278889 -0.00188372 0.999998 0.000137742 0.00278868 -0.000132093 0.999996 -0.078554 0.00584114 -0.0354943
FixedParameters: 0 0 0

#Transform 15
Transform: AffineTransform_float_3_3
Parameters: 0.999995 0.00187831 -0.00246945 -0.00187675 0.999998 0.000349695 0.00247005 -0.000345351 0.999997 -0.0711652 -0.0138478 -0.0294688
FixedParameters: 0 0 0

#Transform 16
Transform: AffineTransform_float_3_3
Parameters: 0.999995 0.00181005 -0.00229768 -0.00181152 0.999999 -0.000645767 0.002296 0.000649904 0.999997 -0.0647522 0.0015586 -0.0514151
FixedParameters: 0 0 0

#Transform 17
Transform: AffineTransform_float_3_3
Parameters: 0.999997 0.0015087 -0.00216377 -0.00151086 0.999999 -0.000634211 0.00216292 0.000637279 0.999997 -0.0612235 -0.0185113 -0.0403689
FixedParameters: 0 0 0

#Transform 18
Transform: AffineTransform_float_3_3
Parameters: 0.999999 0.000698191 -0.0015907 -0.000698358 1 -7.18545e-05 0.00159065 7.34061e-05 0.999999 -0.0260704 0.0043222 -0.0072942
FixedParameters: 0 0 0

#Transform 19
Transform: AffineTransform_float_3_3
Parameters: 0.999999 2.96011e-05 -0.000952863 -2.97671e-05 1 -0.000105047 0.000952842 0.000104433 0.999999 6.18061e-05 0.0284357 -0.025865
FixedParameters: 0 0 0

#Transform 20
Transform: AffineTransform_float_3_3
Parameters: 1 7.71718e-06 -0.000321751 -7.69274e-06 1 3.79836e-05 0.000321752 -3.79786e-05 1 0.00250611 0.00286122 0.00651263
FixedParameters: 0 0 0

#Transform 21
Transform: AffineTransform_float_3_3
Parameters: 1 0.000105136 0.000677596 -0.000104855 1 -0.000207653 -0.00067764 0.000207511 0.999999 0.015084 -0.00415404 -0.019154
FixedParameters: 0 0 0

#Transform 22
Transform: AffineTransform_float_3_3
Parameters: 0.999999 0.000130307 0.000736449 -0.000129966 1 -0.000231661 -0.00073651 0.00023147 0.999999 0.0148447 0.0343944 -0.0365772
FixedParameters: 0 0 0

#Transform 23
Transform: AffineTransform_float_3_3
Parameters: 1 0.000118599 0.000294179 -0.000118569 1 -5.06703e-05 -0.000294191 5.06006e-05 1 0.00615011 0.00764363 -0.0406122
FixedParameters: 0 0 0

#Transform 24
Transform: AffineTransform_float_3_3
Parameters: 0.999999 0.000594641 -0.000745618 -0.000595149 1 -0.000611371 0.000745803 0.000611544 0.999999 -0.0125699 0.034267 -0.0687918
FixedParameters: 0 0 0

#Transform 25
Transform: AffineTransform_float_3_3
Parameters: 1 0.00060433 -0.000847931 -0.000604592 1 -0.000171488 0.00084779 0.000172514 0.999999 -0.0247896 0.037397 -0.0529822
FixedParameters: 0 0 0

#Transform 26
Transform: AffineTransform_float_3_3
Parameters: 0.999999 0.000452069 -0.00117316 -0.000452522 1 -0.000205227 0.00117304 0.000206289 0.999999 -0.026011 0.0213985 -0.0479751
FixedParameters: 0 0 0

#Transform 27
Transform: AffineTransform_float_3_3
Parameters: 0.999999 0.000642134 -0.00126414 -0.000641847 1 -0.000272897 0.00126344 0.000273133 0.999999 -0.0215671 0.0195936 -0.0666552
FixedParameters: 0 0 0

#Transform 28
Transform: AffineTransform_float_3_3
Parameters: 1 0.000618122 -0.000853889 -0.00061811 1 -9.91235e-06 0.000853944 1.0969e-05 0.999999 -0.0118566 0.0142145 -0.0775511
FixedParameters: 0 0 0

#Transform 29
Transform: AffineTransform_float_3_3
Parameters: 0.999999 0.000644287 -0.000529564 -0.00064414 1 0.000138949 0.000529743 -0.000138266 1 -0.00991499 0.00948008 -0.0731529
FixedParameters: 0 0 0

#Transform 30
Transform: AffineTransform_float_3_3
Parameters: 1 0.000393511 -0.000114333 -0.0003935 1 4.91789e-05 0.000114371 -4.90889e-05 1 -0.0136541 0.0340273 -0.085681
FixedParameters: 0 0 0

#Transform 31
Transform: AffineTransform_float_3_3
Parameters: 1 0.000107484 -0.000391028 -0.000107517 1 0.000475933 0.000390219 -0.000475876 1 -0.0127385 0.000369554 -0.0360455
FixedParameters: 0 0 0

#Transform 32
Transform: AffineTransform_float_3_3
Parameters: 1 1.49407e-05 -7.66294e-05 -1.47223e-05 0.999999 0.00181459 7.65492e-05 -0.00181459 0.999999 -0.00338256 -0.00723998 0.01188
FixedParameters: 0 0 0

#Transform 33
Transform: AffineTransform_float_3_3
Parameters: 1 0.000299329 0.000602378 -0.000300163 0.999999 0.0014267 -0.000601995 -0.00142703 0.999999 -0.0227196 0.0266529 -0.0120773
FixedParameters: 0 0 0

#Transform 34
Transform: AffineTransform_float_3_3
Parameters: 1 0.000260217 0.000651445 -0.000260064 1 -0.000117283 -0.000651506 0.000116944 1 2.49353e-05 0.0219114 -0.024417
FixedParameters: 0 0 0

#Transform 35
Transform: AffineTransform_float_3_3
Parameters: 0.999999 0.000395867 -0.000678144 -0.000396329 0.999999 -0.000663375 0.000678516 0.000663268 1 -0.00949001 0.0273532 -0.0546182
FixedParameters: 0 0 0

#Transform 36
Transform: AffineTransform_float_3_3
Parameters: 1 0.00035537 -0.000124953 -0.000355471 1 -0.000402004 0.000124667 0.000402092 1 0.00449443 0.0537569 -0.012801
FixedParameters: 0 0 0

#Transform 37
Transform: AffineTransform_float_3_3
Parameters: 1 -0.000231042 -0.000444519 0.000231545 1 0.000565425 0.000444258 -0.000565631 0.999999 0.0234978 0.0259486 0.126595
FixedParameters: 0 0 0

#Transform 38
Transform: AffineTransform_float_3_3
Parameters: 1 0.000141592 -0.00022883 -0.000141087 1 0.00116867 0.000229093 -0.00116861 1 0.0153127 0.108321 0.105895
FixedParameters: 0 0 0

#Transform 39
Transform: AffineTransform_float_3_3
Parameters: 1 -0.000372093 0.000495295 0.000373283 0.999992 -0.0041378 -0.000493827 0.00413806 0.999992 0.015621 0.102381 -0.072405
FixedParameters: 0 0 0

#Transform 40
Transform: AffineTransform_float_3_3
Parameters: 0.999999 -0.00021826 0.000792647 0.000220524 0.999998 -0.00231627 -0.000792339 0.00231656 0.999997 0.00768931 0.0819031 -0.128848
FixedParameters: 0 0 0

#Transform 41
Transform: AffineTransform_float_3_3
Parameters: 1 0.000356602 0.00017279 -0.000356549 0.999999 -0.00171097 -0.00017276 0.00171011 0.999998 0.00100439 0.111588 -0.137392
FixedParameters: 0 0 0

#Transform 42
Transform: AffineTransform_float_3_3
Parameters: 0.999999 0.000814398 -0.000424883 -0.000815637 0.999997 -0.00230982 0.00042274 0.00231057 0.999998 -0.0226442 0.0897186 -0.104921
FixedParameters: 0 0 0

#Transform 43
Transform: AffineTransform_float_3_3
Parameters: 0.999998 0.000939647 -0.00123753 -0.000942528 0.999997 -0.00238354 0.00123482 0.00238458 0.999996 -0.026064 0.179984 -0.136863
FixedParameters: 0 0 0

#Transform 44
Transform: AffineTransform_float_3_3
Parameters: 1 0.000907818 -0.000539398 -0.000908689 0.999998 -0.00190523 0.000538604 0.00190629 0.999998 -0.0222992 0.119611 -0.0285946
FixedParameters: 0 0 0

#Transform 45
Transform: AffineTransform_float_3_3
Parameters: 1 0.000513754 -0.000339158 -0.000514176 0.999999 -0.00117589 0.000338794 0.00117626 1 -0.00691216 0.0835309 0.0138045
FixedParameters: 0 0 0

#Transform 46
Transform: AffineTransform_float_3_3
Parameters: 0.999999 0.000447628 -0.000566304 -0.00044758 1 -0.000314386 0.000566934 0.00031492 1 -0.0150866 0.0532987 0.02837
FixedParameters: 0 0 0

#Transform 47
Transform: AffineTransform_float_3_3
Parameters: 0.999999 0.000383461 -0.000737829 -0.000383492 1 -2.0568e-05 0.000737813 2.11339e-05 0.999999 0.00369751 0.00220773 -0.0395578
FixedParameters: 0 0 0

#Transform 48
Transform: AffineTransform_float_3_3
Parameters: 0.999999 0.000418558 -0.0005833 -0.00041914 1 -0.000845408 0.000583504 0.000845183 0.999999 -0.00500854 0.102973 -0.028734
FixedParameters: 0 0 0

#Transform 49
Transform: AffineTransform_float_3_3
Parameters: 1 0.000223884 -0.00050435 -0.000224568 0.999999 -0.000678364 0.000504046 0.00067859 0.999999 0.00287594 0.0835341 0.0245155
FixedParameters: 0 0 0

#Transform 50
Transform: AffineTransform_float_3_3
Parameters: 0.999999 5.37053e-05 -0.00140167 -5.47981e-05 1 -0.000871993 0.00140207 0.000871526 0.999999 -0.00496716 0.0445822 0.0131253
FixedParameters: 0 0 0

#Transform 51
Transform: AffineTransform_float_3_3
Parameters: 0.999999 -0.000640728 -0.00142352 0.000641623 0.999999 0.000978632 0.00142302 -0.000978354 0.999998 0.0417316 0.0539064 -0.00316721
FixedParameters: 0 0 0

#Transform 52
Transform: AffineTransform_float_3_3
Parameters: 0.999999 -0.000239495 -0.000776449 0.000241461 0.999997 0.00250099 0.000775855 -0.00250142 0.999996 0.021452 0.0904054 0.0303929
FixedParameters: 0 0 0

#Transform 53
Transform: AffineTransform_float_3_3
Parameters: 0.999999 -5.63791e-05 -0.00101212 5.9406e-05 0.999995 0.00312288 0.00101172 -0.0031231 0.999994 0.00431844 0.122511 0.148919
FixedParameters: 0 0 0

#Transform 54
Transform: AffineTransform_float_3_3
Parameters: 0.999999 -0.00012031 -0.000948836 0.000124067 0.999988 0.00477254 0.000947965 -0.00477287 0.999989 0.0117098 0.0263627 0.068585
FixedParameters: 0 0 0

#Transform 55
Transform: AffineTransform_float_3_3
Parameters: 0.999999 -0.000952693 -0.00154926 0.000955716 0.999999 0.00174985 0.001548 -0.00175144 0.999997 0.0346359 4.24366e-05 0.0868936
FixedParameters: 0 0 0

#Transform 56
Transform: AffineTransform_float_3_3
Parameters: 0.999999 -0.000240075 -0.000776228 0.000242926 0.999993 0.00373785 0.000775169 -0.00373831 0.999992 0.0383675 0.0247548 0.068892
FixedParameters: 0 0 0

#Transform 57
Transform: AffineTransform_float_3_3
Parameters: 0.999994 -0.00200102 0.00267881 0.00199241 0.999992 0.00324531 -0.00268474 -0.00323978 0.999991 0.11174 0.0839741 0.0630579
FixedParameters: 0 0 0

#Transform 58
Transform: AffineTransform_float_3_3
Parameters: 0.999992 -0.00182983 0.00354563 0.00182494 0.999997 0.00154727 -0.00354819 -0.00154092 0.999992 0.0806854 0.0696787 0.0700784
FixedParameters: 0 0 0

#Transform 59
Transform: AffineTransform_float_3_3
Parameters: 0.999985 -0.00293514 0.00453411 0.00292368 0.999992 0.00254107 -0.00454144 -0.00252784 0.999986 0.163325 0.0102811 -0.0248636
FixedParameters: 0 0 0

#Transform 60
Transform: AffineTransform_float_3_3
Parameters: 0.999979 -0.00422318 0.00495803 0.00421391 0.999989 0.00196037 -0.0049656 -0.00193985 0.999985 0.20926 0.0276282 -0.00223827
FixedParameters: 0 0 0

#Transform 61
Transform: AffineTransform_float_3_3
Parameters: 0.999978 -0.0042111 0.00510449 0.00420451 0.99999 0.00130758 -0.00510935 -0.00128536 0.999986 0.195517 0.0489487 0.045031
FixedParameters: 0 0 0

#Transform 62
Transform: AffineTransform_float_3_3
Parameters: 0.999976 -0.00428532 0.00545942 0.00427951 0.99999 0.0012107 -0.00546493 -0.00118669 0.999984 0.209343 0.0449612 0.0264938
FixedParameters: 0 0 0

#Transform 63
Transform: AffineTransform_float_3_3
Parameters: 0.999972 -0.0045802 0.00594214 0.00457232 0.999989 0.0013442 -0.00594844 -0.00131744 0.999982 0.215884 0.0650567 0.039696
FixedParameters: 0 0 0

#Transform 64
Transform: AffineTransform_float_3_3
Parameters: 0.999972 -0.00455725 0.00596313 0.0045469 0.999988 0.00172235 -0.00597054 -0.00169482 0.999981 0.20401 0.0504375 0.0486799
FixedParameters: 0 0 0

#Transform 65
Transform: AffineTransform_float_3_3
Parameters: 0.999971 -0.004489 0.00613572 0.00448 0.999989 0.001501 -0.00614276 -0.00147346 0.99998 0.202826 0.0458874 0.0386981
FixedParameters: 0 0 0

#Transform 66
Transform: AffineTransform_float_3_3
Parameters: 0.999969 -0.00450303 0.00644375 0.00448895 0.999988 0.00223039 -0.00645314 -0.00220103 0.999976 0.199874 0.0238934 0.0571695
FixedParameters: 0 0 0

#Transform 67
Transform: AffineTransform_float_3_3
Parameters: 0.99997 -0.00464808 0.00620253 0.00463559 0.999988 0.00197574 -0.00621114 -0.00194693 0.999979 0.210505 0.0836245 0.0469416
FixedParameters: 0 0 0

#Transform 68
Transform: AffineTransform_float_3_3
Parameters: 0.999967 -0.00476329 0.0065573 0.00474711 0.999986 0.00239108 -0.00656842 -0.00235935 0.999976 0.208199 0.0263736 0.05495
FixedParameters: 0 0 0

#Transform 69
Transform: AffineTransform_float_3_3
Parameters: 0.999967 -0.00476939 0.00656175 0.00475483 0.999987 0.00216571 -0.00657118 -0.00213398 0.999976 0.206273 0.0406247 0.02736
FixedParameters: 0 0 0

#Transform 70
Transform: AffineTransform_float_3_3
Parameters: 0.999968 -0.00459649 0.00658012 0.00458364 0.999987 0.00193988 -0.00658948 -0.00190951 0.999976 0.199288 0.0484663 0.0186688
FixedParameters: 0 0 0

#Transform 71
Transform: AffineTransform_float_3_3
Parameters: 0.999971 -0.00429964 0.00635907 0.00429098 0.99999 0.00152872 -0.00636529 -0.00150073 0.999978 0.201349 0.0398861 0.0295462
FixedParameters: 0 0 0

#Transform 72
Transform: AffineTransform_float_3_3
Parameters: 0.999991 -0.00181001 0.0038724 0.00180824 0.999998 0.000342641 -0.00387252 -0.000335376 0.999992 0.11513 0.0896982 -0.0311958
FixedParameters: 0 0 0

#Transform 73
Transform: AffineTransform_float_3_3
Parameters: 0.999995 -0.00188665 0.00273028 0.00189023 0.999998 -0.000990915 -0.00272867 0.000995544 0.999996 0.0907458 0.0657714 -0.0157322
FixedParameters: 0 0 0

#Transform 74
Transform: AffineTransform_float_3_3
Parameters: 0.999994 -0.0018602 0.00276464 0.00186221 0.999998 -0.000698752 -0.00276423 0.000704102 0.999996 0.0795146 0.0348017 -0.0410008
FixedParameters: 0 0 0

#Transform 75
Transform: AffineTransform_float_3_3
Parameters: 0.999991 -0.00193347 0.00362634 0.00193187 0.999998 0.00033759 -0.0036265 -0.000330389 0.999993 0.0933586 0.0868935 0.00261443
FixedParameters: 0 0 0

#Transform 76
Transform: AffineTransform_float_3_3
Parameters: 0.999992 -0.00175812 0.00338047 0.00175689 0.999999 0.000241916 -0.00338116 -0.000236877 0.999995 0.081743 0.0695017 -0.00563862
FixedParameters: 0 0 0

#Transform 77
Transform: AffineTransform_float_3_3
Parameters: 0.999988 -0.00264495 0.0039392 0.00264146 0.999996 0.00090352 -0.0039417 -0.000892224 0.999992 0.128969 0.0870869 0.0244874
FixedParameters: 0 0 0

#Transform 78
Transform: AffineTransform_float_3_3
Parameters: 0.999983 -0.00319992 0.00481147 0.00319487 0.999994 0.00111596 -0.00481463 -0.00110021 0.999987 0.140508 0.0733895 0.0968975
FixedParameters: 0 0 0

#Transform 79
Transform: AffineTransform_float_3_3
Parameters: 0.999987 -0.00312625 0.0041501 0.00311974 0.999994 0.00133885 -0.00415418 -0.00132596 0.999991 0.13291 0.0503062 0.0562801
FixedParameters: 0 0 0

#Transform 80
Transform: AffineTransform_float_3_3
Parameters: 0.999987 -0.00335956 0.00396671 0.00335636 0.999994 0.000928363 -0.00396948 -0.000914183 0.999992 0.149485 0.0837842 0.0370787
FixedParameters: 0 0 0

#Transform 81
Transform: AffineTransform_float_3_3
Parameters: 0.999985 -0.00339826 0.00427103 0.00339348 0.999993 0.0012089 -0.00427529 -0.00119364 0.99999 0.147313 0.0614601 0.0282452
FixedParameters: 0 0 0

#Transform 82
Transform: AffineTransform_float_3_3
Parameters: 0.999985 -0.00307267 0.00435032 0.00306677 0.999994 0.00116446 -0.00435412 -0.00115149 0.99999 0.146862 0.0674325 0.0241998
FixedParameters: 0 0 0

#Transform 83
Transform: AffineTransform_float_3_3
Parameters: 0.999984 -0.00308549 0.00457754 0.00308124 0.999994 0.00103052 -0.00458096 -0.00101593 0.999989 0.140322 0.0579964 0.00921252
FixedParameters: 0 0 0

#Transform 84
Transform: AffineTransform_float_3_3
Parameters: 0.999983 -0.0033008 0.00463664 0.00329469 0.999993 0.00145454 -0.00464091 -0.00143963 0.999988 0.144318 0.0607625 0.0209052
FixedParameters: 0 0 0

#Transform 85
Transform: AffineTransform_float_3_3
Parameters: 0.999983 -0.00358524 0.00461536 0.00357887 0.999992 0.00135417 -0.0046201 -0.00133831 0.999988 0.144122 0.0685756 0.0246429
FixedParameters: 0 0 0

#Transform 86
Transform: AffineTransform_float_3_3
Parameters: 0.999981 -0.00343554 0.00495365 0.00342911 0.999993 0.00136057 -0.00495851 -0.00134294 0.999987 0.14184 0.0411827 0.0190844
FixedParameters: 0 0 0

#Transform 87
Transform: AffineTransform_float_3_3
Parameters: 0.999982 -0.00339098 0.00493473 0.00338556 0.999994 0.00122242 -0.00493945 -0.00120538 0.999988 0.158293 0.069094 0.0282011
FixedParameters: 0 0 0

#Transform 88
Transform: AffineTransform_float_3_3
Parameters: 0.999981 -0.00343041 0.00495038 0.00342267 0.999992 0.00153859 -0.00495555 -0.00152168 0.999987 0.157734 0.0481247 0.0533934
FixedParameters: 0 0 0

#Transform 89
Transform: AffineTransform_float_3_3
Parameters: 0.999981 -0.00346477 0.0049724 0.00346286 0.999993 0.000337446 -0.00497315 -0.00032029 0.999988 0.153688 0.0818188 0.0345481
FixedParameters: 0 0 0

#Transform 90
Transform: AffineTransform_float_3_3
Parameters: 0.999981 -0.00343953 0.00495624 0.0034332 0.999993 0.00122027 -0.00496059 -0.00120338 0.999986 0.158614 0.0365328 0.0300597
FixedParameters: 0 0 0

#Transform 91
Transform: AffineTransform_float_3_3
Parameters: 0.999982 -0.00351502 0.00483205 0.00351135 0.999994 0.000661491 -0.00483459 -0.000644842 0.999989 0.13781 0.0731017 0.0278857
FixedParameters: 0 0 0

#Transform 92
Transform: AffineTransform_float_3_3
Parameters: 0.999982 -0.00340095 0.00494166 0.00339731 0.999994 0.000777594 -0.00494433 -0.000760509 0.999987 0.140539 0.0735921 0.0102938
FixedParameters: 0 0 0

#Transform 93
Transform: AffineTransform_float_3_3
Parameters: 0.999981 -0.00344016 0.00495664 0.00343404 0.999993 0.00119829 -0.00496084 -0.00118139 0.999987 0.143401 0.0432522 0.0235736
FixedParameters: 0 0 0

#Transform 94
Transform: AffineTransform_float_3_3
Parameters: 0.999981 -0.00343696 0.00495456 0.00343016 0.999993 0.00130974 -0.00495869 -0.00129279 0.999988 0.150511 0.0457534 0.0188767
FixedParameters: 0 0 0

#Transform 95
Transform: AffineTransform_float_3_3
Parameters: 0.999981 -0.00344353 0.0049588 0.00343818 0.999994 0.00108039 -0.00496311 -0.00106346 0.999987 0.138882 0.0643259 0.0253406
FixedParameters: 0 0 0

#Transform 96
Transform: AffineTransform_float_3_3
Parameters: 0.999981 -0.00343677 0.00495443 0.00342985 0.999993 0.00131757 -0.0049586 -0.00129995 0.999987 0.140195 0.049039 0.0179882
FixedParameters: 0 0 0

#Transform 97
Transform: AffineTransform_float_3_3
Parameters: 0.999982 -0.00350687 0.0048069 0.00350125 0.999993 0.00118411 -0.00481117 -0.00116759 0.999988 0.140918 0.0506882 0.0190157
FixedParameters: 0 0 0

#Transform 98
Transform: AffineTransform_float_3_3
Parameters: 0.999983 -0.00359334 0.00457359 0.00358618 0.999992 0.00163413 -0.00457899 -0.00161701 0.999988 0.144705 0.0405577 0.0554295
FixedParameters: 0 0 0

#Transform 99
Transform: AffineTransform_float_3_3
Parameters: 0.999982 -0.00349303 0.00480628 0.00348541 0.999993 0.00156731 -0.00481175 -0.00155092 0.999987 0.159254 0.0619646 0.0356761
FixedParameters: 0 0 0

#Transform 100
Transform: AffineTransform_float_3_3
Parameters: 0.999984 -0.00311041 0.00484446 0.00310743 0.999995 0.000622753 -0.00484538 -0.000607761 0.999988 0.139266 0.0809147 0.0595043
FixedParameters: 0 0 0

#Transform 101
Transform: AffineTransform_float_3_3
Parameters: 0.999983 -0.00318922 0.00471622 0.0031838 0.999994 0.00127195 -0.00472083 -0.00125688 0.999988 0.141009 0.0464488 0.0271825
FixedParameters: 0 0 0

#Transform 102
Transform: AffineTransform_float_3_3
Parameters: 0.999985 -0.00311774 0.0045325 0.00311371 0.999994 0.000874435 -0.00453545 -0.00086062 0.999989 0.139783 0.048407 0.0317107
FixedParameters: 0 0 0

#Transform 103
Transform: AffineTransform_float_3_3
Parameters: 0.999984 -0.0031937 0.00465099 0.00318852 0.999994 0.00116169 -0.00465449 -0.00114635 0.999988 0.147777 0.0970706 0.0390369
FixedParameters: 0 0 0

#Transform 104
Transform: AffineTransform_float_3_3
Parameters: 0.999984 -0.00315326 0.00467176 0.00314871 0.999995 0.00108947 -0.00467471 -0.00107438 0.999988 0.135483 0.0459892 0.0483248
FixedParameters: 0 0 0

#Transform 105
Transform: AffineTransform_float_3_3
Parameters: 0.999984 -0.00303464 0.00477377 0.00302843 0.999995 0.00124301 -0.00477741 -0.00122908 0.999987 0.140998 0.0457751 0.0513722
FixedParameters: 0 0 0

#Transform 106
Transform: AffineTransform_float_3_3
Parameters: 0.999984 -0.00309707 0.00485493 0.00309066 0.999994 0.00124739 -0.00485876 -0.0012323 0.999988 0.138935 0.0908428 0.0227012
FixedParameters: 0 0 0

#Transform 107
Transform: AffineTransform_float_3_3
Parameters: 0.999981 -0.00341215 0.00499149 0.00340424 0.999993 0.00154163 -0.00499662 -0.00152462 0.999986 0.138642 0.0498817 0.0489275
FixedParameters: 0 0 0

#Transform 108
Transform: AffineTransform_float_3_3
Parameters: 0.999982 -0.00337999 0.00506247 0.00337168 0.999993 0.0015637 -0.00506759 -0.00154653 0.999986 0.14802 0.0669419 0.04539
FixedParameters: 0 0 0

#Transform 109
Transform: AffineTransform_float_3_3
Parameters: 0.999982 -0.00344804 0.00492293 0.00344182 0.999993 0.00138952 -0.00492712 -0.00137195 0.999987 0.157352 0.0465742 0.0778212
FixedParameters: 0 0 0

#Transform 110
Transform: AffineTransform_float_3_3
Parameters: 0.999982 -0.00342899 0.00492485 0.0034196 0.999992 0.00188478 -0.00493095 -0.00186805 0.999986 0.156771 0.0456464 0.0945389
FixedParameters: 0 0 0

#Transform 111
Transform: AffineTransform_float_3_3
Parameters: 0.99998 -0.00321857 0.00545902 0.00321244 0.999994 0.00118309 -0.00546305 -0.00116565 0.999984 0.151831 0.0859868 0.0864413
FixedParameters: 0 0 0

#Transform 112
Transform: AffineTransform_float_3_3
Parameters: 0.999981 -0.00325429 0.0052112 0.00324617 0.999993 0.00158911 -0.00521658 -0.00157216 0.999985 0.146967 0.0511994 0.086638
FixedParameters: 0 0 0

#Transform 113
Transform: AffineTransform_float_3_3
Parameters: 0.999983 -0.00331617 0.00466242 0.00331549 0.999994 0.000168484 -0.00466289 -0.000152872 0.999989 0.140947 0.0338953 0.0439924
FixedParameters: 0 0 0

#Transform 114
Transform: AffineTransform_float_3_3
Parameters: 0.999982 -0.00292975 0.00519981 0.00292532 0.999996 0.000812337 -0.00520211 -0.000796853 0.999986 0.129995 0.0859891 0.0711877
FixedParameters: 0 0 0

#Transform 115
Transform: AffineTransform_float_3_3
Parameters: 0.999982 -0.00376475 0.00459873 0.00375359 0.99999 0.00243296 -0.00460785 -0.00241541 0.999986 0.148745 0.0506917 0.140641
FixedParameters: 0 0 0

#Transform 116
Transform: AffineTransform_float_3_3
Parameters: 0.999985 -0.00384451 0.00399827 0.00383265 0.999988 0.00312744 -0.00401088 -0.00311238 0.999987 0.189024 0.0946314 0.0997111
FixedParameters: 0 0 0

#Transform 117
Transform: AffineTransform_float_3_3
Parameters: 0.999977 -0.00458972 0.0051406 0.00457124 0.999983 0.00353423 -0.00515657 -0.00351093 0.99998 0.192931 0.0695705 0.113203
FixedParameters: 0 0 0

#Transform 118
Transform: AffineTransform_float_3_3
Parameters: 0.999974 -0.00464336 0.00555219 0.00462806 0.999986 0.00274225 -0.00556519 -0.00271675 0.999981 0.193803 0.0718979 0.10886
FixedParameters: 0 0 0

#Transform 119
Transform: AffineTransform_float_3_3
Parameters: 0.999976 -0.0044706 0.00524145 0.00445439 0.999986 0.00301272 -0.00525519 -0.0029898 0.999982 0.189033 0.0944546 0.132284
FixedParameters: 0 0 0
