#Insight Transform File V1.0
#Transform 0
Transform: AffineTransform_float_3_3
Parameters: 1 0.00014465 0.000374002 -0.000144067 0.999999 -0.000779053 -0.000374227 0.000778945 0.999999 -0.0181989 0.00334603 0.105542
FixedParameters: 0 0 0

#Transform 1
Transform: AffineTransform_float_3_3
Parameters: 1 4.18534e-05 0.000108186 -4.16658e-05 0.999999 -0.000867004 -0.000108259 0.000866995 0.999999 -0.00993123 0.0206151 0.0759728
FixedParameters: 0 0 0

#Transform 2
Transform: AffineTransform_float_3_3
Parameters: 1 0 0 0 0.999999 -0.000719 0 0.000719 0.999999 -8e-06 0.0165434 0.0754536
FixedParameters: 0 0 0

#Transform 3
Transform: AffineTransform_float_3_3
Parameters: 1 0 0 0 0.999999 -0.000955999 0 0.000955999 0.999999 0.002004 0.0198773 0.0570751
FixedParameters: 0 0 0

#Transform 4
Transform: AffineTransform_float_3_3
Parameters: 1 6.06685e-05 0.000156663 -6.02904e-05 1 -0.00120601 -0.000156809 0.00120599 1 -0.0041324 0.0256288 0.0247942
FixedParameters: 0 0 0

#Transform 5
Transform: AffineTransform_float_3_3
Parameters: 1 0.000162267 0.000418653 -0.000161943 0.999999 -0.00150107 -0.00041878 0.00150093 0.999999 -0.0135996 0.0320565 0.00978872
FixedParameters: 0 0 0

#Transform 6
Transform: AffineTransform_float_3_3
Parameters: 1 7.00123e-05 0.000180926 -6.96663e-05 0.999999 -0.000956012 -0.00018106 0.000955986 0.999999 -0.0047829 0.0161313 0.028047
FixedParameters: 0 0 0

#Transform 7
Transform: AffineTransform_float_3_3
Parameters: 1 -0.000293421 -6.55234e-05 0.000292936 1 -0.000956355 6.5151e-05 0.000955645 0.999999 0.00372353 0.0236308 0.0254495
FixedParameters: 0 0 0

#Transform 8
Transform: AffineTransform_float_3_3
Parameters: 1 7.84e-05 0.000202342 -7.78384e-05 0.999999 -0.00138702 -0.000202559 0.00138698 0.999999 -0.00531279 0.0305868 0.0203072
FixedParameters: 0 0 0

#Transform 9
Transform: AffineTransform_float_3_3
Parameters: 1 7.84318e-05 0.00020233 -7.78066e-05 0.999999 -0.00154402 -0.000202571 0.00154398 0.999999 -0.00531218 0.0353703 0.0214734
FixedParameters: 0 0 0

#Transform 10
Transform: AffineTransform_float_3_3
Parameters: 1 -0.000184496 -0.000172018 0.000184192 0.999999 -0.000884031 0.000172344 0.000883968 0.999999 0.00541437 0.0561923 -0.0229052
FixedParameters: 0 0 0

#Transform 11
Transform: AffineTransform_float_3_3
Parameters: 1 7.81827e-05 0.000202426 -7.80559e-05 1 -0.000313016 -0.000202475 0.000312984 1 -0.00864252 -0.0309343 0.0602099
FixedParameters: 0 0 0

#Transform 12
Transform: AffineTransform_float_3_3
Parameters: 1 -8.5373e-05 -0.000221089 8.52655e-05 1 -0.000243019 0.000221131 0.000242981 1 0.00584526 0.0456878 0.0102037
FixedParameters: 0 0 0

#Transform 13
Transform: AffineTransform_float_3_3
Parameters: 1 7.81827e-05 0.000202426 -7.80559e-05 1 -0.000313016 -0.000202475 0.000312984 1 -0.00531374 -0.0126371 0.0322994
FixedParameters: 0 0 0

#Transform 14
Transform: AffineTransform_float_3_3
Parameters: 1 -8.82708e-05 -0.000228546 8.81277e-05 1 -0.00031302 0.000228601 0.00031298 1 0.00605079 -0.0111841 -0.0373472
FixedParameters: 0 0 0

#Transform 15
Transform: AffineTransform_float_3_3
Parameters: 1 4.53964e-05 0.000117538 -4.53228e-05 1 -0.000313005 -0.000117566 0.000312995 1 -0.00312265 -0.00198427 -0.0483339
FixedParameters: 0 0 0

#Transform 16
Transform: AffineTransform_float_3_3
Parameters: 1 7.81128e-05 0.000202453 -7.81258e-05 1 3.19842e-05 -0.000202448 -3.20158e-05 1 -0.00533009 -0.0332126 -0.0404999
FixedParameters: 0 0 0

#Transform 17
Transform: AffineTransform_float_3_3
Parameters: 1 -7.78224e-05 -0.000201494 7.76962e-05 1 -0.000313016 0.000201542 0.000312984 1 0.00532133 -0.0213759 -0.0333846
FixedParameters: 0 0 0

#Transform 18
Transform: AffineTransform_float_3_3
Parameters: 1 -2.52202e-05 -6.52989e-05 2.51793e-05 1 -0.000313002 6.53146e-05 0.000312998 1 0.0186318 0.00180713 -0.0294361
FixedParameters: 0 0 0

#Transform 19
Transform: AffineTransform_float_3_3
Parameters: 1 0.000115289 8.19534e-05 -0.000115211 1 -0.000480009 -8.20641e-05 0.00047999 1 0.0141347 0.0299053 -0.0170426
FixedParameters: 0 0 0

#Transform 20
Transform: AffineTransform_float_3_3
Parameters: 1 4.24716e-05 0.000110092 -4.24877e-05 1 7.29953e-05 -0.000110085 -7.30047e-05 1 -0.00255656 0.00830535 0.0283457
FixedParameters: 0 0 0

#Transform 21
Transform: AffineTransform_float_3_3
Parameters: 1 -9.10182e-05 -0.000923286 9.08442e-05 0.999999 -0.000599619 0.000923035 0.000599382 1 0.0134056 0.0479627 -0.0270678
FixedParameters: 0 0 0

#Transform 22
Transform: AffineTransform_float_3_3
Parameters: 1 2.93537e-05 3.15334e-05 -2.93005e-05 0.999999 -0.000843 -3.15829e-05 0.000842998 0.999999 -0.0100113 0.029133 0.0281114
FixedParameters: 0 0 0

#Transform 23
Transform: AffineTransform_float_3_3
Parameters: 1 -2.22007e-05 -0.000101844 2.21041e-05 1 -0.000474002 0.000101865 0.000473998 1 0.00142608 0.0252689 -0.0567287
FixedParameters: 0 0 0

#Transform 24
Transform: AffineTransform_float_3_3
Parameters: 1 -9.96421e-06 -7.01264e-05 9.86083e-06 0.999999 -0.000737 7.0141e-05 0.000736999 0.999999 -0.00411751 0.0184792 -0.0986579
FixedParameters: 0 0 0

#Transform 25
Transform: AffineTransform_float_3_3
Parameters: 1 -7.59504e-05 -0.000240814 7.56334e-05 1 -0.000658018 0.000240914 0.000657981 1 0.000372134 0.00872513 -0.0949223
FixedParameters: 0 0 0

#Transform 26
Transform: AffineTransform_float_3_3
Parameters: 1 -7.59128e-05 -0.000240826 7.5671e-05 1 -0.000502018 0.000240902 0.000501982 1 0.00037378 0.00784518 -0.0807182
FixedParameters: 0 0 0

#Transform 27
Transform: AffineTransform_float_3_3
Parameters: 1 0.00015633 -0.00033059 -0.000155763 1 -0.000553948 0.000330057 0.000554051 1 0.000658193 0.0132974 -0.0783983
FixedParameters: 0 0 0

#Transform 28
Transform: AffineTransform_float_3_3
Parameters: 1 0.000132132 -0.000321195 -0.000132381 1 -0.000387957 0.000321092 0.000388042 1 0.00671964 0.0129659 -0.0860516
FixedParameters: 0 0 0

#Transform 29
Transform: AffineTransform_float_3_3
Parameters: 1 0.000162659 -0.000122858 -0.000162739 1 -0.00032898 0.000122751 0.00032902 1 0.0125193 0.0221107 -0.0927412
FixedParameters: 0 0 0

#Transform 30
Transform: AffineTransform_float_3_3
Parameters: 1 0.000357012 -0.000407978 -0.000357184 1 -0.000210854 0.000407827 0.000211146 1 0.000965945 0.017059 -0.087958
FixedParameters: 0 0 0

#Transform 31
Transform: AffineTransform_float_3_3
Parameters: 1 5.89763e-05 -0.000166442 -5.91238e-05 1 -0.00044299 0.000166389 0.00044301 1 0.00352103 0.0266169 -0.103898
FixedParameters: 0 0 0

#Transform 32
Transform: AffineTransform_float_3_3
Parameters: 1 2.30233e-05 -0.00027903 -2.3179e-05 1 -0.000278994 0.000279017 0.000279006 1 0.0112559 0.00700815 -0.100603
FixedParameters: 0 0 0

#Transform 33
Transform: AffineTransform_float_3_3
Parameters: 1 2.3969e-05 -0.000279389 -2.40992e-05 1 -0.000232993 0.000279378 0.000233007 1 0.0121855 0.0151866 -0.0871229
FixedParameters: 0 0 0

#Transform 34
Transform: AffineTransform_float_3_3
Parameters: 1 2.20723e-05 -0.000278671 -2.2264e-05 1 -0.000343994 0.000278656 0.000344006 1 0.0168809 0.028525 -0.0920755
FixedParameters: 0 0 0

#Transform 35
Transform: AffineTransform_float_3_3
Parameters: 1 5.54767e-05 -5.89605e-05 -5.55348e-05 1 -0.000492997 5.89058e-05 0.000493003 1 0.0115171 0.0319823 -0.0934872
FixedParameters: 0 0 0

#Transform 36
Transform: AffineTransform_float_3_3
Parameters: 1 -2.27202e-05 -0.000261375 2.25069e-05 1 -0.000408006 0.000261393 0.000407994 1 0.0168506 0.0344235 -0.0813604
FixedParameters: 0 0 0

#Transform 37
Transform: AffineTransform_float_3_3
Parameters: 1 0.000116338 -0.000315045 -0.000116455 1 -0.000186963 0.000315002 0.000187037 1 0.0170666 0.0390546 -0.0666469
FixedParameters: 0 0 0

#Transform 38
Transform: AffineTransform_float_3_3
Parameters: 1 5.75429e-05 -0.000292359 -5.76979e-05 1 -0.000264983 0.000292328 0.000265017 1 0.0169747 0.026624 -0.091521
FixedParameters: 0 0 0

#Transform 39
Transform: AffineTransform_float_3_3
Parameters: 1 5.75166e-05 -0.000292364 -5.77242e-05 1 -0.000354983 0.000292323 0.000355017 1 0.016969 0.0287385 -0.0921991
FixedParameters: 0 0 0

#Transform 40
Transform: AffineTransform_float_3_3
Parameters: 1 5.75821e-05 -0.000292351 -5.76587e-05 1 -0.000130983 0.000292336 0.000131017 1 0.0169642 0.0235308 -0.0904678
FixedParameters: 0 0 0

#Transform 41
Transform: AffineTransform_float_3_3
Parameters: 1 5.75011e-05 -0.000292367 -5.77397e-05 1 -0.000407983 0.00029232 0.000408017 1 0.0169652 0.0300011 -0.0925849
FixedParameters: 0 0 0

#Transform 42
Transform: AffineTransform_float_3_3
Parameters: 1 5.75956e-05 -0.000292349 -5.76453e-05 1 -8.49831e-05 0.000292339 8.50168e-05 1 0.016965 0.0278528 -0.09224
FixedParameters: 0 0 0

#Transform 43
Transform: AffineTransform_float_3_3
Parameters: 1 5.75748e-05 -0.000292353 -5.7666e-05 1 -0.000155983 0.000292335 0.000156017 1 0.0125338 0.0306407 -0.0842958
FixedParameters: 0 0 0

#Transform 44
Transform: AffineTransform_float_3_3
Parameters: 1 5.75011e-05 -0.000292367 -5.77397e-05 1 -0.000407983 0.00029232 0.000408017 1 0.0169632 0.0588544 -0.0799047
FixedParameters: 0 0 0

#Transform 45
Transform: AffineTransform_float_3_3
Parameters: 1 5.75909e-05 -0.00029235 -5.76499e-05 1 -0.000100983 0.000292338 0.000101017 1 0.00719321 0.0233155 -0.0904526
FixedParameters: 0 0 0

#Transform 46
Transform: AffineTransform_float_3_3
Parameters: 1 0.000163938 -0.000177939 -0.000163924 1 3.90292e-05 0.000177952 -3.89708e-05 1 0.0134594 0.0316697 -0.0738295
FixedParameters: 0 0 0

#Transform 47
Transform: AffineTransform_float_3_3
Parameters: 1 0.000114117 -0.000145888 -0.000114163 1 -0.000157983 0.000145852 0.000158017 1 0.00765054 0.0301494 -0.0932134
FixedParameters: 0 0 0

#Transform 48
Transform: AffineTransform_float_3_3
Parameters: 1 5.75584e-05 -0.000292356 -5.76824e-05 1 -0.000211983 0.000292332 0.000212017 1 0.0169615 0.045935 -0.0766276
FixedParameters: 0 0 0

#Transform 49
Transform: AffineTransform_float_3_3
Parameters: 1 5.76341e-05 -0.000292341 -5.76067e-05 1 4.70168e-05 0.000292346 -4.69832e-05 1 0.0169633 0.045745 -0.0828261
FixedParameters: 0 0 0

#Transform 50
Transform: AffineTransform_float_3_3
Parameters: 1 5.75684e-05 -0.000292354 -5.76724e-05 1 -0.000177983 0.000292333 0.000178017 1 0.0169675 0.0430035 -0.0979713
FixedParameters: 0 0 0

#Transform 51
Transform: AffineTransform_float_3_3
Parameters: 1 5.75912e-05 -0.00029235 -5.76496e-05 1 -9.99831e-05 0.000292338 0.000100017 1 0.0169655 0.0310767 -0.0934226
FixedParameters: 0 0 0

#Transform 52
Transform: AffineTransform_float_3_3
Parameters: 1 3.8231e-05 -0.000342718 -3.81302e-05 1 0.000147013 0.000342729 -0.000146987 1 0.0183232 0.0265757 -0.092087
FixedParameters: 0 0 0

#Transform 53
Transform: AffineTransform_float_3_3
Parameters: 1 0.000122904 -0.000317553 -0.000122951 1 -7.3961e-05 0.000317534 7.4039e-05 1 0.0170378 0.0225525 -0.111583
FixedParameters: 0 0 0

#Transform 54
Transform: AffineTransform_float_3_3
Parameters: 1 -3.62735e-05 -0.000310769 3.63438e-05 1 0.000112989 0.000310761 -0.000113011 1 0.0126119 0.0307772 -0.104211
FixedParameters: 0 0 0

#Transform 55
Transform: AffineTransform_float_3_3
Parameters: 1 5.76797e-05 -0.000292332 -5.75613e-05 1 0.000202146 0.000292356 -0.000202854 1 0.0101879 -0.00317136 -0.0981115
FixedParameters: 0 0 0

#Transform 56
Transform: AffineTransform_float_3_3
Parameters: 1 7.80563e-05 -0.000239193 -7.82242e-05 1 -0.000350981 0.000239138 0.000351019 1 0.0155725 0.0512054 -0.118462
FixedParameters: 0 0 0

#Transform 57
Transform: AffineTransform_float_3_3
Parameters: 1 5.75804e-05 -0.000292352 -5.76605e-05 1 -0.000136983 0.000292336 0.000137017 1 0.0169631 0.0343835 -0.0844547
FixedParameters: 0 0 0

#Transform 58
Transform: AffineTransform_float_3_3
Parameters: 1 5.7564e-05 -0.000292355 -5.76768e-05 1 -0.000192983 0.000292333 0.000193017 1 0.0169749 0.0387513 -0.113773
FixedParameters: 0 0 0

#Transform 59
Transform: AffineTransform_float_3_3
Parameters: 1 0.000126615 -0.000319001 -0.000126703 1 -0.00013696 0.000318966 0.00013704 1 0.017039 0.0425106 -0.115324
FixedParameters: 0 0 0

#Transform 60
Transform: AffineTransform_float_3_3
Parameters: 1 5.75804e-05 -0.000292352 -5.76605e-05 1 -0.000136983 0.000292336 0.000137017 1 0.0217001 0.0260274 -0.127166
FixedParameters: 0 0 0

#Transform 61
Transform: AffineTransform_float_3_3
Parameters: 1 5.7633e-05 -0.000292341 -5.76078e-05 1 4.30168e-05 0.000292346 -4.29832e-05 1 0.023453 0.0442729 -0.116278
FixedParameters: 0 0 0

#Transform 62
Transform: AffineTransform_float_3_3
Parameters: 1 5.76128e-05 -0.000292345 -5.7628e-05 1 -2.59832e-05 0.000292342 2.60168e-05 1 0.0190027 0.0371448 -0.113431
FixedParameters: 0 0 0

#Transform 63
Transform: AffineTransform_float_3_3
Parameters: 1 9.66615e-05 -0.0005303 -9.68217e-05 1 0.000188181 0.000529403 -0.000188819 1 0.0409907 0.0319163 -0.11152
FixedParameters: 0 0 0

#Transform 64
Transform: AffineTransform_float_3_3
Parameters: 1 -7.6627e-05 -0.000687506 7.6649e-05 1 1.59473e-05 0.000687504 -1.60527e-05 1 0.0394014 0.0494459 -0.117794
FixedParameters: 0 0 0

#Transform 65
Transform: AffineTransform_float_3_3
Parameters: 0.999999 0.000109102 -0.000769921 -0.000109201 1 -6.39159e-05 0.000769907 6.4084e-05 0.999999 0.0277314 0.0537277 -0.11937
FixedParameters: 0 0 0

#Transform 66
Transform: AffineTransform_float_3_3
Parameters: 1 0.000191559 -0.000615907 -0.00019142 0.999999 0.000869247 0.0006166 -0.000869752 0.999999 0.00803872 -0.00594076 -0.0978364
FixedParameters: 0 0 0

#Transform 67
Transform: AffineTransform_float_3_3
Parameters: 1 0.000181933 -0.000432168 -0.00018149 0.999999 0.000930078 0.000431573 -0.000929921 0.999999 0.0168252 0.0549495 -0.083274
FixedParameters: 0 0 0

#Transform 68
Transform: AffineTransform_float_3_3
Parameters: 1 0.000429593 -0.000545787 -0.000430048 0.999999 0.000767364 0.000545874 -0.000767635 0.999999 0.0200806 0.0242293 -0.13175
FixedParameters: 0 0 0

#Transform 69
Transform: AffineTransform_float_3_3
Parameters: 1 -1.36152e-05 -0.000641992 1.44928e-05 0.999999 0.00068312 0.000641973 -0.000683879 0.999999 0.0328067 0.024075 -0.152434
FixedParameters: 0 0 0

#Transform 70
Transform: AffineTransform_float_3_3
Parameters: 0.999999 5.22038e-05 -0.000861199 -5.15284e-05 0.999999 0.00093351 0.000861656 -0.00093349 1 0.030284 0.0172463 -0.134927
FixedParameters: 0 0 0

#Transform 71
Transform: AffineTransform_float_3_3
Parameters: 1 0.00010879 -0.000658053 -0.00010789 0.999999 0.0006832 0.000658201 -0.000683798 0.999999 0.0139608 0.0300583 -0.139721
FixedParameters: 0 0 0

#Transform 72
Transform: AffineTransform_float_3_3
Parameters: 0.999999 0.00041877 -0.00057516 -0.000418193 0.999998 0.00193924 0.000575277 -0.00193876 0.999998 0.0136607 0.0045911 0.1681
FixedParameters: 0 0 0

#Transform 73
Transform: AffineTransform_float_3_3
Parameters: 1 0.000467702 -0.000448517 -0.000466459 0.999994 0.00322321 0.000450022 -0.00322279 0.999994 0.0173532 -0.0245334 0.279874
FixedParameters: 0 0 0

#Transform 74
Transform: AffineTransform_float_3_3
Parameters: 1 0.00022974 -0.00106896 -0.000226918 0.999997 0.00236037 0.00106983 -0.00236063 0.999997 0.033755 0.0191407 0.302774
FixedParameters: 0 0 0

#Transform 75
Transform: AffineTransform_float_3_3
Parameters: 0.999999 -3.74366e-05 -0.00177217 4.39689e-05 0.999994 0.00362539 0.00177216 -0.00362561 0.999992 0.0673226 -0.0372254 0.428972
FixedParameters: 0 0 0

#Transform 76
Transform: AffineTransform_float_3_3
Parameters: 0.999999 -3.15661e-05 -0.00134202 3.28895e-05 0.999999 0.00132242 0.00134172 -0.00132258 0.999999 0.0425334 0.123629 -0.00354207
FixedParameters: 0 0 0

#Transform 77
Transform: AffineTransform_float_3_3
Parameters: 0.999999 2.43724e-05 -0.00088905 -2.35856e-05 1 0.000967022 0.000889457 -0.000966979 0.999999 0.0366905 0.100596 -0.160429
FixedParameters: 0 0 0

#Transform 78
Transform: AffineTransform_float_3_3
Parameters: 0.999999 7.78205e-05 -0.00088613 -7.64735e-05 1 0.000760404 0.000886247 -0.000759596 1 0.04704 0.07407 -0.157963
FixedParameters: 0 0 0

#Transform 79
Transform: AffineTransform_float_3_3
Parameters: 0.999999 0.000338136 -0.000782914 -0.000338628 0.999999 0.000511395 0.000782687 -0.000511606 0.999999 0.0392517 0.0726228 -0.174233
FixedParameters: 0 0 0

#Transform 80
Transform: AffineTransform_float_3_3
Parameters: 1 0.000129534 -0.000846106 -0.000128522 1 0.000598109 0.00084626 -0.00059789 0.999999 0.0377517 0.0609336 -0.16976
FixedParameters: 0 0 0

#Transform 81
Transform: AffineTransform_float_3_3
Parameters: 1 0.000262123 -0.000980685 -0.000261641 0.999999 0.000721722 0.000981423 -0.000721278 1 0.0321049 0.0731765 -0.174464
FixedParameters: 0 0 0

#Transform 82
Transform: AffineTransform_float_3_3
Parameters: 0.999999 0.000290194 -0.00090788 -0.000289729 0.999999 0.000769729 0.000908686 -0.000769271 1 0.0301148 0.0646741 -0.171366
FixedParameters: 0 0 0

#Transform 83
Transform: AffineTransform_float_3_3
Parameters: 0.999999 0.00011817 -0.000841815 -0.000118427 1 0.0004011 0.00084227 -0.0004009 0.999999 0.0327807 0.0629299 -0.170268
FixedParameters: 0 0 0

#Transform 84
Transform: AffineTransform_float_3_3
Parameters: 0.999999 2.65299e-06 -0.00127524 -1.81727e-06 1 0.000469339 0.00127431 -0.000468661 0.999999 0.0430983 0.076884 -0.177546
FixedParameters: 0 0 0

#Transform 85
Transform: AffineTransform_float_3_3
Parameters: 0.999999 4.71466e-05 -0.00153875 -4.64211e-05 1 0.000656408 0.00153824 -0.000655592 0.999998 0.0642746 0.0663908 -0.191615
FixedParameters: 0 0 0

#Transform 86
Transform: AffineTransform_float_3_3
Parameters: 0.999999 0.000289859 -0.000907986 -0.000290064 1 0.000401263 0.000908578 -0.000400737 0.999999 0.0440703 0.0696557 -0.213301
FixedParameters: 0 0 0

#Transform 87
Transform: AffineTransform_float_3_3
Parameters: 0.999999 0.000289859 -0.000907986 -0.000290064 1 0.000401263 0.000908578 -0.000400737 0.999999 0.0453131 0.0800768 -0.21969
FixedParameters: 0 0 0

#Transform 88
Transform: AffineTransform_float_3_3
Parameters: 0.999998 0.000323578 -0.00155072 -0.000321858 0.999999 0.000854759 0.00155163 -0.00085524 0.999999 0.0714973 0.0653675 -0.173267
FixedParameters: 0 0 0

#Transform 89
Transform: AffineTransform_float_3_3
Parameters: 0.999999 0.000418612 -0.00148222 -0.000418094 1 0.00092575 0.00148278 -0.000925251 0.999998 0.0585205 0.0508827 -0.199645
FixedParameters: 0 0 0

#Transform 90
Transform: AffineTransform_float_3_3
Parameters: 0.999998 0.00062646 -0.00153845 -0.000625388 0.999999 0.00107209 0.00153958 -0.00107091 0.999998 0.0541549 0.0661792 -0.221138
FixedParameters: 0 0 0

#Transform 91
Transform: AffineTransform_float_3_3
Parameters: 0.999999 0.000381728 -0.00138417 -0.000379592 0.999999 0.00123866 0.00138454 -0.00123834 0.999998 0.0590316 0.0476207 -0.223942
FixedParameters: 0 0 0

#Transform 92
Transform: AffineTransform_float_3_3
Parameters: 0.999998 0.000495389 -0.00151389 -0.000493815 0.999999 0.000947008 0.00151425 -0.000946992 0.999998 0.0610731 0.072298 -0.214153
FixedParameters: 0 0 0

#Transform 93
Transform: AffineTransform_float_3_3
Parameters: 0.999999 0.000427813 -0.0018002 -0.000425216 0.999999 0.0014399 0.00180028 -0.0014391 0.999997 0.062857 0.0521825 -0.21848
FixedParameters: 0 0 0

#Transform 94
Transform: AffineTransform_float_3_3
Parameters: 0.999998 0.00063503 -0.00183804 -0.000632322 0.999999 0.00144042 0.00183872 -0.00143958 0.999997 0.0540244 0.0691504 -0.233831
FixedParameters: 0 0 0

#Transform 95
Transform: AffineTransform_float_3_3
Parameters: 0.999998 0.000709708 -0.00186673 -0.000706916 0.999999 0.00144058 0.00186762 -0.00143942 0.999997 0.0608032 0.0442274 -0.243803
FixedParameters: 0 0 0

#Transform 96
Transform: AffineTransform_float_3_3
Parameters: 0.999998 0.000704433 -0.00186445 -0.000700995 0.999998 0.00161557 0.00186558 -0.00161443 0.999997 0.064084 0.0359186 -0.238867
FixedParameters: 0 0 0

#Transform 97
Transform: AffineTransform_float_3_3
Parameters: 0.999998 0.000741446 -0.00187892 -0.000738619 0.999999 0.00144065 0.00187991 -0.00143935 0.999997 0.0612074 0.0484251 -0.232728
FixedParameters: 0 0 0

#Transform 98
Transform: AffineTransform_float_3_3
Parameters: 0.999998 0.000757496 -0.00188495 -0.000754289 0.999998 0.00153668 0.00188612 -0.00153531 0.999997 0.0579297 0.0496799 -0.243865
FixedParameters: 0 0 0

#Transform 99
Transform: AffineTransform_float_3_3
Parameters: 0.999998 0.000505032 -0.00190593 -0.000501767 0.999999 0.00144022 0.00190717 -0.00143978 0.999997 0.0592527 0.0513953 -0.247105
FixedParameters: 0 0 0

#Transform 100
Transform: AffineTransform_float_3_3
Parameters: 0.999998 0.000547983 -0.00187065 -0.000545047 0.999998 0.00172562 0.00187175 -0.00172438 0.999997 0.0588626 0.058625 -0.254335
FixedParameters: 0 0 0

#Transform 101
Transform: AffineTransform_float_3_3
Parameters: 0.999998 0.00060142 -0.00196296 -0.000597307 0.999998 0.00170677 0.00196386 -0.00170523 0.999997 0.0650812 0.0400363 -0.261022
FixedParameters: 0 0 0

#Transform 102
Transform: AffineTransform_float_3_3
Parameters: 0.999997 0.000608703 -0.00204489 -0.00060485 0.999998 0.00180284 0.00204629 -0.00180116 0.999996 0.0690573 0.0430957 -0.279408
FixedParameters: 0 0 0

#Transform 103
Transform: AffineTransform_float_3_3
Parameters: 0.999998 0.000556312 -0.00180736 -0.000553369 0.999998 0.0017876 0.00180856 -0.0017864 0.999997 0.0595135 0.0463688 -0.291661
FixedParameters: 0 0 0

#Transform 104
Transform: AffineTransform_float_3_3
Parameters: 0.999998 0.000573328 -0.0018144 -0.000570874 0.999999 0.00138917 0.00181484 -0.00138783 0.999997 0.0538516 0.05293 -0.302737
FixedParameters: 0 0 0

#Transform 105
Transform: AffineTransform_float_3_3
Parameters: 0.999998 0.000540169 -0.00180135 -0.00053686 0.999998 0.00163623 0.00180197 -0.00163577 0.999997 0.0483816 0.0402963 -0.277326
FixedParameters: 0 0 0

#Transform 106
Transform: AffineTransform_float_3_3
Parameters: 0.999999 0.000499088 -0.0017862 -0.000497345 0.999999 0.00111136 0.00178709 -0.00110964 0.999998 0.0465455 0.0614321 -0.293815
FixedParameters: 0 0 0

#Transform 107
Transform: AffineTransform_float_3_3
Parameters: 0.999999 0.000610199 -0.00169042 -0.000607863 0.999999 0.00134929 0.00169185 -0.00134871 0.999998 0.0484297 0.0577366 -0.264009
FixedParameters: 0 0 0

#Transform 108
Transform: AffineTransform_float_3_3
Parameters: 0.999999 0.000476471 -0.00177703 -0.000473677 0.999999 0.00151397 0.00177732 -0.00151303 0.999997 0.0557765 0.0569806 -0.263978
FixedParameters: 0 0 0

#Transform 109
Transform: AffineTransform_float_3_3
Parameters: 0.999999 0.000472601 -0.00177563 -0.000470084 0.999999 0.0014371 0.00177584 -0.0014369 0.999997 0.0502279 0.0634628 -0.266354
FixedParameters: 0 0 0

#Transform 110
Transform: AffineTransform_float_3_3
Parameters: 0.999998 0.000492783 -0.00185098 -0.000490375 0.999999 0.00134917 0.00185117 -0.00134883 0.999997 0.0364754 0.0792361 -0.263477
FixedParameters: 0 0 0

#Transform 111
Transform: AffineTransform_float_3_3
Parameters: 0.999999 0.000350342 -0.00172865 -0.000347548 0.999999 0.00145173 0.00172945 -0.00145127 0.999997 0.0346941 0.0665503 -0.260618
FixedParameters: 0 0 0

#Transform 112
Transform: AffineTransform_float_3_3
Parameters: 0.999999 0.000139821 -0.00130157 -0.00013756 0.999999 0.00172331 0.00130184 -0.00172369 0.999998 0.0263936 0.0603809 -0.275925
FixedParameters: 0 0 0

#Transform 113
Transform: AffineTransform_float_3_3
Parameters: 0.999998 0.000280116 -0.00170127 -0.000277258 0.999998 0.00187407 0.00170153 -0.00187393 0.999997 0.0310207 0.03514 -0.255992
FixedParameters: 0 0 0

#Transform 114
Transform: AffineTransform_float_3_3
Parameters: 0.999999 0.000271386 -0.00149681 -0.000268915 0.999999 0.00156853 0.00149745 -0.00156847 0.999998 0.0298048 0.0467307 -0.253722
FixedParameters: 0 0 0

#Transform 115
Transform: AffineTransform_float_3_3
Parameters: 0.999998 0.000511172 -0.00151164 -0.000508622 0.999999 0.0016989 0.00151222 -0.0016981 0.999997 0.033968 0.0403153 -0.158664
FixedParameters: 0 0 0

#Transform 116
Transform: AffineTransform_float_3_3
Parameters: 0.999999 0.000210396 -0.00176737 -0.00020654 0.999998 0.00224783 0.00176882 -0.00224717 0.999996 0.0488932 0.0537578 -0.182403
FixedParameters: 0 0 0

#Transform 117
Transform: AffineTransform_float_3_3
Parameters: 0.999998 0.000222255 -0.00162245 -0.000219914 0.999999 0.00169449 0.00162335 -0.00169451 0.999997 0.0458046 0.0666138 -0.243157
FixedParameters: 0 0 0

#Transform 118
Transform: AffineTransform_float_3_3
Parameters: 0.999998 0.000211875 -0.00167513 -0.000208355 0.999998 0.00182282 0.00167475 -0.00182218 0.999997 0.0343911 0.0521108 -0.244275
FixedParameters: 0 0 0

#Transform 119
Transform: AffineTransform_float_3_3
Parameters: 0.999998 0.000292349 -0.00163626 -0.0002885 0.999998 0.00196694 0.00163625 -0.00196606 0.999997 0.0359488 0.0528816 -0.23535
FixedParameters: 0 0 0
