#Insight Transform File V1.0
#Transform 0
Transform: AffineTransform_float_3_3
Parameters: 0.999997 0.00215568 -0.00120303 -0.00215898 0.999994 -0.00273731 0.00119747 0.00273986 0.999996 -0.00899211 -0.0107634 -0.317051
FixedParameters: 0 0 0

#Transform 1
Transform: AffineTransform_float_3_3
Parameters: 0.999997 0.00216637 -0.00119717 -0.00216891 0.999995 -0.00229135 0.00119256 0.0022939 0.999997 -0.00944039 0.0081389 -0.247968
FixedParameters: 0 0 0

#Transform 2
Transform: AffineTransform_float_3_3
Parameters: 0.999998 0.00182591 -0.000811888 -0.00182758 0.999997 -0.00164929 0.000808701 0.00165101 0.999998 -0.0169592 -0.0057908 -0.216598
FixedParameters: 0 0 0

#Transform 3
Transform: AffineTransform_float_3_3
Parameters: 0.999999 0.00161437 -0.000737101 -0.00161588 0.999997 -0.00170411 0.000734436 0.00170524 0.999998 -0.020879 -0.00555225 -0.215641
FixedParameters: 0 0 0

#Transform 4
Transform: AffineTransform_float_3_3
Parameters: 0.999998 0.00167591 -0.000958203 -0.00167872 0.999996 -0.00216457 0.00095471 0.00216654 0.999997 -0.0189574 0.0138422 -0.236917
FixedParameters: 0 0 0

#Transform 5
Transform: AffineTransform_float_3_3
Parameters: 0.999998 0.00178718 -0.000908745 -0.00178901 0.999996 -0.00225982 0.000904086 0.00226246 0.999997 -0.0121636 0.0102697 -0.210281
FixedParameters: 0 0 0

#Transform 6
Transform: AffineTransform_float_3_3
Parameters: 0.999999 0.0014126 -0.000665674 -0.00141293 0.999998 -0.00170894 0.000663341 0.00170959 0.999998 -0.0155103 0.00725873 -0.198181
FixedParameters: 0 0 0

#Transform 7
Transform: AffineTransform_float_3_3
Parameters: 0.999998 0.00153245 -0.000708328 -0.00153404 0.999997 -0.00182622 0.000705542 0.001827 0.999999 0.00217884 0.00531381 -0.216546
FixedParameters: 0 0 0

#Transform 8
Transform: AffineTransform_float_3_3
Parameters: 0.999999 0.00131247 -0.000631548 -0.00131344 0.999996 -0.00256606 0.000628224 0.00256711 0.999996 0.00201502 0.0181935 -0.200541
FixedParameters: 0 0 0

#Transform 9
Transform: AffineTransform_float_3_3
Parameters: 0.999999 0.00119607 -0.000589536 -0.00119752 0.999997 -0.00208426 0.000587362 0.00208427 0.999998 0.00331114 -0.0122599 -0.164246
FixedParameters: 0 0 0

#Transform 10
Transform: AffineTransform_float_3_3
Parameters: 0.999999 0.00118097 -0.000811468 -0.0011836 0.999996 -0.00223809 0.000808977 0.00223924 0.999998 -0.00706761 -0.00902594 -0.153422
FixedParameters: 0 0 0

#Transform 11
Transform: AffineTransform_float_3_3
Parameters: 0.999999 0.00110634 -0.00102361 -0.00110882 0.999997 -0.00215702 0.0010213 0.0021593 0.999997 -0.0119714 0.00484402 -0.137557
FixedParameters: 0 0 0

#Transform 12
Transform: AffineTransform_float_3_3
Parameters: 0.999999 0.000986817 -0.000849799 -0.000988726 0.999997 -0.00226119 0.000847803 0.00226289 0.999997 -0.0183471 0.000639265 -0.134245
FixedParameters: 0 0 0

#Transform 13
Transform: AffineTransform_float_3_3
Parameters: 0.999999 0.00117298 -0.000825175 -0.00117511 0.999996 -0.00266017 0.00082233 0.00266213 0.999996 -0.0128537 0.00824242 -0.133621
FixedParameters: 0 0 0

#Transform 14
Transform: AffineTransform_float_3_3
Parameters: 1 0.00102217 -0.000528148 -0.00102266 0.999997 -0.00229201 0.000525932 0.0022931 0.999997 -0.0131081 -0.000428421 -0.11419
FixedParameters: 0 0 0

#Transform 15
Transform: AffineTransform_float_3_3
Parameters: 1 0.00040136 -0.000307594 -0.00040206 0.999998 -0.00167108 0.000307182 0.00167133 0.999998 0.00570768 -0.0818039 -0.0657513
FixedParameters: 0 0 0

#Transform 16
Transform: AffineTransform_float_3_3
Parameters: 1 0.000905978 -0.000486048 -0.00090676 0.999999 -0.00148859 0.000485235 0.00148886 0.999999 0.00553775 0.0301023 -0.123144
FixedParameters: 0 0 0

#Transform 17
Transform: AffineTransform_float_3_3
Parameters: 1 0.000330201 -0.000282182 -0.000330529 1 -0.0011606 0.000282346 0.00116079 1 -0.0216121 0.0019052 -0.0674318
FixedParameters: 0 0 0

#Transform 18
Transform: AffineTransform_float_3_3
Parameters: 1 0.000445094 3.37914e-05 -0.000445054 1 -0.00068783 -3.44018e-05 0.000688579 0.999999 -0.00255816 0.00333477 -0.0804148
FixedParameters: 0 0 0

#Transform 19
Transform: AffineTransform_float_3_3
Parameters: 1 0.000329345 -0.000281935 -0.000329746 0.999999 -0.0012926 0.000282014 0.00129279 0.999999 -0.000395956 0.00576359 -0.062166
FixedParameters: 0 0 0

#Transform 20
Transform: AffineTransform_float_3_3
Parameters: 1 1.16365e-05 -0.000169497 -1.1673e-05 1 -0.000107443 0.000169494 0.000107447 1 -0.00621781 -0.00640035 0.0198677
FixedParameters: 0 0 0

#Transform 21
Transform: AffineTransform_float_3_3
Parameters: 1 -0.000412126 -2.08754e-05 0.000412517 0.999999 0.00151554 2.05564e-05 -0.00151555 0.999999 -0.0141888 -0.0109521 -0.0062178
FixedParameters: 0 0 0

#Transform 22
Transform: AffineTransform_float_3_3
Parameters: 1 9.96218e-05 -3.81841e-05 -9.95678e-05 0.999999 0.000705316 3.83246e-05 -0.000705309 1 -0.00476465 0.016657 -0.0513723
FixedParameters: 0 0 0

#Transform 23
Transform: AffineTransform_float_3_3
Parameters: 1 9.46289e-05 -0.000198588 -9.43214e-05 0.999999 0.000774014 0.000198735 -0.000773976 0.999999 0.00419625 -0.0144051 -0.0446978
FixedParameters: 0 0 0

#Transform 24
Transform: AffineTransform_float_3_3
Parameters: 1 0.000261236 -0.000257241 -0.000261013 0.999999 0.000421002 0.000257459 -0.000421647 1 -0.000948227 -0.00928131 -0.0844409
FixedParameters: 0 0 0

#Transform 25
Transform: AffineTransform_float_3_3
Parameters: 1 0.000284915 -0.000347122 -0.000284837 1 0.000591581 0.000346516 -0.000591388 1 0.0118556 0.0107031 -0.0614015
FixedParameters: 0 0 0

#Transform 26
Transform: AffineTransform_float_3_3
Parameters: 1 0.000368491 -0.000476392 -0.000368381 1 0.000115848 0.000476477 -0.000115496 1 0.00943228 0.0147652 -0.109865
FixedParameters: 0 0 0

#Transform 27
Transform: AffineTransform_float_3_3
Parameters: 0.999999 0.000538528 -0.000618053 -0.000538664 1 -0.000109366 0.000617935 0.000110032 1 0.0134665 0.0128662 -0.114732
FixedParameters: 0 0 0

#Transform 28
Transform: AffineTransform_float_3_3
Parameters: 1 0.000329063 -0.000281225 -0.000328998 1 0.000116436 0.000281302 -0.000116251 1 0.0174019 -0.00676101 -0.0648666
FixedParameters: 0 0 0

#Transform 29
Transform: AffineTransform_float_3_3
Parameters: 1 0.000423187 -0.000314145 -0.00042286 1 0.000518829 0.000314584 -0.000518563 1 0.0225638 0.00623847 -0.0584829
FixedParameters: 0 0 0

#Transform 30
Transform: AffineTransform_float_3_3
Parameters: 1 0.000141765 -0.000215116 -0.000141371 0.999999 0.000914699 0.000215375 -0.000914638 0.999999 0.0169086 -0.00878918 -0.0124922
FixedParameters: 0 0 0

#Transform 31
Transform: AffineTransform_float_3_3
Parameters: 1 0.000142894 -0.000215481 -0.000142428 1 0.0010907 0.00021578 -0.00109064 1 0.0328016 0.00177351 0.00255631
FixedParameters: 0 0 0

#Transform 32
Transform: AffineTransform_float_3_3
Parameters: 1 0.000141964 -0.00021518 -0.000141557 0.999999 0.000945699 0.000215448 -0.000945638 0.999999 0.0259913 0.028416 -0.0018855
FixedParameters: 0 0 0

#Transform 33
Transform: AffineTransform_float_3_3
Parameters: 1 -5.15934e-05 -0.000225645 5.18705e-05 0.999999 0.00136284 0.000224549 -0.00136287 0.999999 0.00939722 0.0238359 -0.0319207
FixedParameters: 0 0 0

#Transform 34
Transform: AffineTransform_float_3_3
Parameters: 1 -0.000318586 0.000422288 0.000317609 1 0.00115106 -0.000423033 -0.00115079 0.999999 0.00483709 0.0157749 0.0295662
FixedParameters: 0 0 0

#Transform 35
Transform: AffineTransform_float_3_3
Parameters: 1 -0.000317281 0.00041303 0.00031609 0.999999 0.00183304 -0.000413272 -0.00183278 0.999998 -0.00110845 0.00273651 0.030421
FixedParameters: 0 0 0

#Transform 36
Transform: AffineTransform_float_3_3
Parameters: 1 -0.000215304 -0.000198036 0.000215202 0.999997 0.0021489 0.000197418 -0.00214899 0.999997 0.0129172 0.0528174 0.00842667
FixedParameters: 0 0 0

#Transform 37
Transform: AffineTransform_float_3_3
Parameters: 1 -1.16201e-05 -0.00068468 1.28429e-05 0.999998 0.0015846 0.000684961 -0.00158462 0.999998 0.0251535 0.0315471 -0.0206503
FixedParameters: 0 0 0

#Transform 38
Transform: AffineTransform_float_3_3
Parameters: 1 -8.34074e-05 -0.000652068 8.49674e-05 0.999998 0.00192608 0.000652051 -0.0019262 0.999998 0.0316467 0.0124977 -0.0427252
FixedParameters: 0 0 0

#Transform 39
Transform: AffineTransform_float_3_3
Parameters: 1 0.000255527 -0.000562403 -0.000255382 1 0.000970345 0.000563218 -0.000970063 1 0.0300126 0.00401979 -0.0751866
FixedParameters: 0 0 0

#Transform 40
Transform: AffineTransform_float_3_3
Parameters: 1 -6.56863e-05 -0.000578887 6.59155e-05 0.999999 0.00130413 0.000578092 -0.00130421 0.999999 0.0241333 0.0207055 -0.0540372
FixedParameters: 0 0 0

#Transform 41
Transform: AffineTransform_float_3_3
Parameters: 1 -0.000269413 -0.000507488 0.000270227 0.999998 0.00174178 0.000506855 -0.00174143 0.999999 0.0200974 0.00966022 -0.0291053
FixedParameters: 0 0 0

#Transform 42
Transform: AffineTransform_float_3_3
Parameters: 1 -0.000250419 -0.000462258 0.000250521 0.999997 0.00216047 0.000461816 -0.00216071 0.999997 0.0201975 0.00248968 -0.0137215
FixedParameters: 0 0 0

#Transform 43
Transform: AffineTransform_float_3_3
Parameters: 0.999999 -0.000662847 -0.000692258 0.00066512 0.999996 0.00278121 0.000690122 -0.00278213 0.999996 -0.00286736 0.0112991 0.00796814
FixedParameters: 0 0 0

#Transform 44
Transform: AffineTransform_float_3_3
Parameters: 0.999999 -0.000815997 -0.000479448 0.000817275 0.999993 0.0036416 0.000476299 -0.00364161 0.999993 -0.00654223 0.0150001 0.0398208
FixedParameters: 0 0 0

#Transform 45
Transform: AffineTransform_float_3_3
Parameters: 0.999999 -0.000592992 -0.00126306 0.000595944 0.999997 0.00216053 0.00126241 -0.00216142 0.999997 0.0221327 0.0421869 0.0398883
FixedParameters: 0 0 0

#Transform 46
Transform: AffineTransform_float_3_3
Parameters: 1 -0.000614583 -0.000946168 0.000616775 0.999997 0.00216153 0.000944146 -0.00216208 0.999997 0.017364 0.0347204 0.0179942
FixedParameters: 0 0 0

#Transform 47
Transform: AffineTransform_float_3_3
Parameters: 1 -0.000556762 -0.000745064 0.000558854 0.999997 0.00245447 0.000743908 -0.00245531 0.999996 0.0178726 0.0109097 0.00825251
FixedParameters: 0 0 0

#Transform 48
Transform: AffineTransform_float_3_3
Parameters: 1 -0.000750656 -0.00084035 0.000751913 0.999998 0.00224413 0.000838894 -0.00224463 0.999997 -0.000222978 -0.00777098 0.0292148
FixedParameters: 0 0 0

#Transform 49
Transform: AffineTransform_float_3_3
Parameters: 0.999999 -0.00079286 -0.00107651 0.000795333 0.999998 0.00187508 0.00107511 -0.00187616 0.999998 0.00429216 0.0162703 0.0132516
FixedParameters: 0 0 0

#Transform 50
Transform: AffineTransform_float_3_3
Parameters: 0.999999 -0.000721601 -0.00111092 0.000723487 0.999998 0.0017006 0.00110912 -0.00170159 0.999998 0.000483852 0.0138983 0.00409175
FixedParameters: 0 0 0

#Transform 51
Transform: AffineTransform_float_3_3
Parameters: 0.999998 -0.000614042 -0.00176951 0.000612618 1 -0.000402529 0.00177001 0.000401611 0.999998 0.00511375 0.00805683 -0.0267514
FixedParameters: 0 0 0

#Transform 52
Transform: AffineTransform_float_3_3
Parameters: 0.999998 8.23414e-05 -0.0020153 -8.42147e-05 1 -0.000702236 0.00201485 0.000701644 0.999998 0.00284141 0.00764855 -0.023342
FixedParameters: 0 0 0

#Transform 53
Transform: AffineTransform_float_3_3
Parameters: 0.999998 -0.000165372 -0.00192744 0.000165943 1 0.000146234 0.00192739 -0.000146398 0.999998 0.000921137 -0.000244412 -0.00110233
FixedParameters: 0 0 0

#Transform 54
Transform: AffineTransform_float_3_3
Parameters: 0.999998 -0.000305023 -0.00187832 0.000305116 1 2.48404e-05 0.00187831 -2.47332e-05 0.999998 0.00563896 0.0300844 -0.00944991
FixedParameters: 0 0 0

#Transform 55
Transform: AffineTransform_float_3_3
Parameters: 0.999998 -0.00122431 -0.00163325 0.00122441 0.999999 0.000319554 0.0016328 -0.000321526 0.999999 -0.0164637 -0.00246361 0.068337
FixedParameters: 0 0 0

#Transform 56
Transform: AffineTransform_float_3_3
Parameters: 0.999999 -0.00114211 -0.00140906 0.00114346 0.999999 0.000698937 0.00140874 -0.000700126 0.999999 -0.0119862 0.00992444 0.0690156
FixedParameters: 0 0 0

#Transform 57
Transform: AffineTransform_float_3_3
Parameters: 0.999999 -0.00173656 -0.000547742 0.00173752 0.999997 0.00169526 0.000545346 -0.001697 0.999999 0.0219901 0.0819277 -0.00928326
FixedParameters: 0 0 0

#Transform 58
Transform: AffineTransform_float_3_3
Parameters: 0.999999 -0.00148151 -0.000369595 0.00148135 0.999999 -0.000214584 0.000370244 0.000213641 1 0.0318066 0.0570064 0.0110003
FixedParameters: 0 0 0

#Transform 59
Transform: AffineTransform_float_3_3
Parameters: 0.999999 -0.00127306 -0.000548611 0.00127342 0.999999 0.000329594 0.000547784 -0.000330837 0.999999 0.0419326 -0.030164 0.0518655
FixedParameters: 0 0 0

#Transform 60
Transform: AffineTransform_float_3_3
Parameters: 1 -0.000745718 -0.000629262 0.000746341 0.999999 0.000491799 0.00062854 -0.000492737 0.999999 0.0624506 0.0210748 0.000438673
FixedParameters: 0 0 0

#Transform 61
Transform: AffineTransform_float_3_3
Parameters: 0.999999 -0.000357237 -0.000765904 0.000358564 0.999999 0.000869606 0.000765269 -0.000869528 1 0.0830662 -0.00733563 -0.00789985
FixedParameters: 0 0 0

#Transform 62
Transform: AffineTransform_float_3_3
Parameters: 0.999999 -0.000627462 -0.000670814 0.00062706 0.999999 0.000403014 0.00067064 -0.000403861 0.999999 0.0636829 0.0221637 0.0220858
FixedParameters: 0 0 0

#Transform 63
Transform: AffineTransform_float_3_3
Parameters: 0.999999 -0.000537359 -0.000481222 0.000537812 0.999999 0.00110905 0.000481292 -0.00110957 1 0.0617968 0.0201131 0.10123
FixedParameters: 0 0 0

#Transform 64
Transform: AffineTransform_float_3_3
Parameters: 0.999999 -0.000717905 -0.000390896 0.000719043 0.999992 0.00385372 0.000389085 -0.00385366 0.999993 0.0482782 0.000668196 0.172385
FixedParameters: 0 0 0

#Transform 65
Transform: AffineTransform_float_3_3
Parameters: 1 -0.000420057 -0.000502055 0.000421911 0.999991 0.0043854 0.000500178 -0.00438583 0.999991 0.0624202 0.05355 0.162981
FixedParameters: 0 0 0

#Transform 66
Transform: AffineTransform_float_3_3
Parameters: 0.999999 -0.000190344 -0.000900653 0.00019268 0.999997 0.00235109 0.00090038 -0.00235145 0.999997 0.0706895 0.0551219 0.120431
FixedParameters: 0 0 0

#Transform 67
Transform: AffineTransform_float_3_3
Parameters: 0.999999 -0.000344769 -0.001334 0.000347267 0.999998 0.00200012 0.00133359 -0.00200043 0.999997 0.0696209 0.0139461 0.0839617
FixedParameters: 0 0 0

#Transform 68
Transform: AffineTransform_float_3_3
Parameters: 1 -0.000276611 -0.00114277 0.000278689 0.999997 0.00215126 0.00114254 -0.00215128 0.999997 0.0704686 0.00705065 0.0627884
FixedParameters: 0 0 0

#Transform 69
Transform: AffineTransform_float_3_3
Parameters: 1 -0.00060539 -0.000219571 0.000606939 0.99999 0.00428025 0.000216488 -0.00428051 0.999991 0.0894281 -0.00767734 0.0953366
FixedParameters: 0 0 0

#Transform 70
Transform: AffineTransform_float_3_3
Parameters: 0.999999 4.04969e-05 -0.000808361 -3.82387e-05 0.999995 0.00336808 0.000808605 -0.00336804 0.999994 0.103243 0.0492696 0.079393
FixedParameters: 0 0 0

#Transform 71
Transform: AffineTransform_float_3_3
Parameters: 1 0.00013024 -0.000259344 -0.000129856 0.999994 0.00323972 0.000259514 -0.00323966 0.999994 0.0951124 -0.00108395 0.1386
FixedParameters: 0 0 0

#Transform 72
Transform: AffineTransform_float_3_3
Parameters: 1 0.000185995 -0.000111335 -0.000185502 0.999992 0.0038337 0.00011173 -0.00383366 0.999992 0.111546 0.0223343 0.119067
FixedParameters: 0 0 0

#Transform 73
Transform: AffineTransform_float_3_3
Parameters: 1 -3.96136e-05 -8.15485e-05 4.01658e-05 0.999993 0.00355414 8.11906e-05 -0.00355415 0.999993 0.108523 0.0104127 0.113174
FixedParameters: 0 0 0

#Transform 74
Transform: AffineTransform_float_3_3
Parameters: 1 -0.000268075 -0.000228531 0.000268904 0.999995 0.00320217 0.000228025 -0.0032023 0.999995 0.103426 0.00250842 0.162566
FixedParameters: 0 0 0

#Transform 75
Transform: AffineTransform_float_3_3
Parameters: 1 -8.82506e-05 -0.000343106 8.94338e-05 0.999995 0.00313184 0.00034282 -0.0031319 0.999995 0.105223 0.0351836 0.171348
FixedParameters: 0 0 0

#Transform 76
Transform: AffineTransform_float_3_3
Parameters: 1 -0.000480058 -5.81111e-05 0.000479753 0.999996 0.00287078 5.6584e-05 -0.00287005 0.999995 0.089179 0.0426574 0.205235
FixedParameters: 0 0 0

#Transform 77
Transform: AffineTransform_float_3_3
Parameters: 1 -0.000399073 -0.000380762 0.000400494 0.999997 0.00269456 0.000379833 -0.00269486 0.999997 0.100054 0.0541974 0.192395
FixedParameters: 0 0 0

#Transform 78
Transform: AffineTransform_float_3_3
Parameters: 0.999999 -0.00056768 -0.000777331 0.00056925 0.999997 0.00263333 0.000776229 -0.00263345 0.999996 0.0967635 0.0389397 0.1988
FixedParameters: 0 0 0

#Transform 79
Transform: AffineTransform_float_3_3
Parameters: 1 -0.000432386 -7.88467e-05 0.000433104 0.999996 0.00255254 7.75434e-05 -0.0025526 0.999996 0.115872 0.0434082 0.170218
FixedParameters: 0 0 0

#Transform 80
Transform: AffineTransform_float_3_3
Parameters: 1 -0.000616823 0.000120847 0.000616733 0.999996 0.00300724 -0.000122732 -0.00300709 0.999996 0.113466 0.0214121 0.213467
FixedParameters: 0 0 0

#Transform 81
Transform: AffineTransform_float_3_3
Parameters: 1 -0.00101166 0.000320271 0.00101058 0.999992 0.0036914 -0.000324037 -0.00369073 0.999993 0.0960582 0.00769792 0.225675
FixedParameters: 0 0 0

#Transform 82
Transform: AffineTransform_float_3_3
Parameters: 0.999999 -0.00119298 0.000603219 0.00119109 0.999991 0.00396535 -0.000607435 -0.00396528 0.999992 0.0802946 0.0302585 0.247132
FixedParameters: 0 0 0

#Transform 83
Transform: AffineTransform_float_3_3
Parameters: 0.999997 -0.00207039 0.00133051 0.00206193 0.999976 0.00653398 -0.00134397 -0.00653181 0.999978 0.0613514 -0.0119378 0.399616
FixedParameters: 0 0 0

#Transform 84
Transform: AffineTransform_float_3_3
Parameters: 0.999996 -0.00218741 0.00170136 0.00217494 0.999969 0.00749751 -0.00171782 -0.00749337 0.99997 0.0541808 0.0816222 0.404552
FixedParameters: 0 0 0

#Transform 85
Transform: AffineTransform_float_3_3
Parameters: 0.999998 -0.00148008 0.00064794 0.0014767 0.999988 0.00460648 -0.000654141 -0.00460593 0.99999 0.0858244 0.0735671 0.345845
FixedParameters: 0 0 0

#Transform 86
Transform: AffineTransform_float_3_3
Parameters: 1 -0.00100359 0.000482732 0.00100179 0.99999 0.00449957 -0.000487483 -0.0044992 0.99999 0.104485 0.0307875 0.32531
FixedParameters: 0 0 0

#Transform 87
Transform: AffineTransform_float_3_3
Parameters: 0.999999 -0.000790306 0.00107174 0.000784203 0.999982 0.00593035 -0.00107729 -0.00592939 0.999982 0.113346 0.0153551 0.278992
FixedParameters: 0 0 0

#Transform 88
Transform: AffineTransform_float_3_3
Parameters: 1 -0.000203875 0.000658885 0.000201226 0.999995 0.00296022 -0.000659535 -0.00295931 0.999996 0.109153 0.0346638 0.204891
FixedParameters: 0 0 0

#Transform 89
Transform: AffineTransform_float_3_3
Parameters: 1 -3.2306e-05 0.000441246 3.10061e-05 0.999995 0.00290635 -0.00044087 -0.00290709 0.999996 0.106564 -0.00696755 0.217647
FixedParameters: 0 0 0

#Transform 90
Transform: AffineTransform_float_3_3
Parameters: 1 0.000288118 0.000510553 -0.000289164 0.999996 0.00285724 -0.000509618 -0.00285753 0.999996 0.122635 0.0048575 0.191359
FixedParameters: 0 0 0

#Transform 91
Transform: AffineTransform_float_3_3
Parameters: 1 0.000496902 3.55613e-05 -0.000496564 0.999993 0.00358005 -3.33543e-05 -0.00358008 0.999993 0.128904 -0.000636744 0.171082
FixedParameters: 0 0 0

#Transform 92
Transform: AffineTransform_float_3_3
Parameters: 0.999999 0.000866807 -0.000168142 -0.000866574 0.999996 0.00269845 0.000170883 -0.00269816 0.999997 0.124528 0.0507858 0.151302
FixedParameters: 0 0 0

#Transform 93
Transform: AffineTransform_float_3_3
Parameters: 1 0.000369566 5.64169e-06 -0.000369958 0.999995 0.00320667 -4.27348e-06 -0.0032059 0.999994 0.115009 0.0328809 0.179772
FixedParameters: 0 0 0

#Transform 94
Transform: AffineTransform_float_3_3
Parameters: 1 0.000307922 0.00013328 -0.000308484 0.999991 0.00427243 -0.000132033 -0.00427251 0.999991 0.109743 0.0393859 0.197545
FixedParameters: 0 0 0

#Transform 95
Transform: AffineTransform_float_3_3
Parameters: 1 0.000265448 -0.00028523 -0.000264797 0.999994 0.00341587 0.000286356 -0.00341573 0.999994 0.119712 0.045966 0.171361
FixedParameters: 0 0 0

#Transform 96
Transform: AffineTransform_float_3_3
Parameters: 1 7.55499e-05 -0.00016814 -7.50258e-05 0.99999 0.00448127 0.000169023 -0.00448125 0.99999 0.113658 0.0141651 0.229376
FixedParameters: 0 0 0

#Transform 97
Transform: AffineTransform_float_3_3
Parameters: 1 0.00038112 -0.000415171 -0.000379321 0.999992 0.00414197 0.000416654 -0.00414167 0.999992 0.11028 0.0389866 0.161148
FixedParameters: 0 0 0

#Transform 98
Transform: AffineTransform_float_3_3
Parameters: 0.999999 0.000399987 -0.000666669 -0.000396964 0.999994 0.0034894 0.000667822 -0.00348888 0.999993 0.097401 0.0625024 0.168946
FixedParameters: 0 0 0

#Transform 99
Transform: AffineTransform_float_3_3
Parameters: 1 0.000279902 -0.000624731 -0.000277803 0.999993 0.00374415 0.00062551 -0.00374382 0.999993 0.104299 0.0252988 0.153507
FixedParameters: 0 0 0

#Transform 100
Transform: AffineTransform_float_3_3
Parameters: 1 0.000327429 -0.000383141 -0.000325303 0.999994 0.00323132 0.000384245 -0.00323108 0.999994 0.0957879 0.0546348 0.114092
FixedParameters: 0 0 0

#Transform 101
Transform: AffineTransform_float_3_3
Parameters: 1 0.000578126 -0.000407221 -0.000576454 0.999995 0.00288481 0.000408615 -0.00288435 0.999996 0.108863 0.0209864 0.135633
FixedParameters: 0 0 0

#Transform 102
Transform: AffineTransform_float_3_3
Parameters: 0.999999 0.0010798 -0.000609907 -0.00107739 0.999996 0.00280136 0.000613082 -0.00280068 0.999996 0.109743 0.0478778 0.143906
FixedParameters: 0 0 0

#Transform 103
Transform: AffineTransform_float_3_3
Parameters: 1 0.000651308 -0.000153522 -0.000649856 0.999992 0.00388449 0.000156271 -0.00388492 0.999992 0.10028 0.00396995 0.202002
FixedParameters: 0 0 0

#Transform 104
Transform: AffineTransform_float_3_3
Parameters: 1 0.000315103 0.00045693 -0.000317254 0.999988 0.00503001 -0.00045585 -0.00503029 0.999987 0.0789934 0.0189612 0.258464
FixedParameters: 0 0 0

#Transform 105
Transform: AffineTransform_float_3_3
Parameters: 1 0.000303437 0.000422875 -0.000304927 0.999987 0.00505102 -0.00042096 -0.00505127 0.999987 0.0774091 0.0344341 0.310065
FixedParameters: 0 0 0

#Transform 106
Transform: AffineTransform_float_3_3
Parameters: 1 -0.000124561 0.00100018 0.000118352 0.99998 0.00638734 -0.00100115 -0.00638783 0.99998 0.0665585 0.0501085 0.481732
FixedParameters: 0 0 0

#Transform 107
Transform: AffineTransform_float_3_3
Parameters: 0.999999 -0.000244812 0.0013957 0.000234864 0.999976 0.00682448 -0.00139721 -0.0068239 0.999976 0.0812567 0.0657047 0.414487
FixedParameters: 0 0 0

#Transform 108
Transform: AffineTransform_float_3_3
Parameters: 1 -0.000266105 0.00055379 0.000263559 0.999989 0.00456222 -0.000555111 -0.00456269 0.999989 0.0916871 0.0721776 0.363872
FixedParameters: 0 0 0

#Transform 109
Transform: AffineTransform_float_3_3
Parameters: 1 0.000227108 0.000651444 -0.000230654 0.999984 0.0055683 -0.000650422 -0.00556795 0.999984 0.123259 0.0202737 0.31049
FixedParameters: 0 0 0

#Transform 110
Transform: AffineTransform_float_3_3
Parameters: 1 -0.00040873 0.00106558 0.000404864 0.999994 0.00359539 -0.00106674 -0.00359449 0.999993 0.118918 0.0204702 0.311523
FixedParameters: 0 0 0

#Transform 111
Transform: AffineTransform_float_3_3
Parameters: 1 0.000315369 0.00102319 -0.000317768 0.999996 0.00300802 -0.00102267 -0.00300865 0.999995 0.129251 0.0419611 0.288384
FixedParameters: 0 0 0

#Transform 112
Transform: AffineTransform_float_3_3
Parameters: 1 0.000514397 0.000925275 -0.000517267 0.999993 0.00357974 -0.000922985 -0.00358005 0.999993 0.131984 0.0196784 0.275617
FixedParameters: 0 0 0

#Transform 113
Transform: AffineTransform_float_3_3
Parameters: 0.999999 0.000343557 0.000872512 -0.000347308 0.999991 0.00428988 -0.000871001 -0.00428983 0.999991 0.131928 0.00822607 0.282253
FixedParameters: 0 0 0

#Transform 114
Transform: AffineTransform_float_3_3
Parameters: 0.999999 0.00078942 0.000709243 -0.00079261 0.99999 0.00442018 -0.000705588 -0.00442128 0.99999 0.155664 0.0258229 0.289721
FixedParameters: 0 0 0

#Transform 115
Transform: AffineTransform_float_3_3
Parameters: 0.999999 0.000570923 0.000644312 -0.000574136 0.999991 0.00440247 -0.000641332 -0.00440242 0.99999 0.147164 0.0501965 0.308095
FixedParameters: 0 0 0

#Transform 116
Transform: AffineTransform_float_3_3
Parameters: 0.999999 0.000532688 0.000731609 -0.000536212 0.999991 0.00409529 -0.000729283 -0.00409544 0.999992 0.152239 0.0306207 0.329581
FixedParameters: 0 0 0

#Transform 117
Transform: AffineTransform_float_3_3
Parameters: 1 0.000515851 0.000281706 -0.000516809 0.999996 0.00276132 -0.00028018 -0.00276161 0.999996 0.152451 0.029248 0.297194
FixedParameters: 0 0 0

#Transform 118
Transform: AffineTransform_float_3_3
Parameters: 1 0.000444352 0.000306726 -0.000445577 0.999995 0.00296515 -0.000305425 -0.00296479 0.999996 0.134291 0.00910873 0.292715
FixedParameters: 0 0 0

#Transform 119
Transform: AffineTransform_float_3_3
Parameters: 1 0.000322506 0.000401279 -0.000324128 0.999993 0.00391783 -0.000400452 -0.00391808 0.999992 0.135954 -0.00318829 0.327585
FixedParameters: 0 0 0
