#Insight Transform File V1.0
#Transform 0
Transform: AffineTransform_float_3_3
Parameters: 0.999994 0.00228865 0.00232328 -0.0023107 0.999953 0.00942538 -0.00230163 -0.00943063 0.999953 0.0760975 0.353564 0.635355
FixedParameters: 0 0 0

#Transform 1
Transform: AffineTransform_float_3_3
Parameters: 0.999994 0.00209504 0.00275301 -0.00211448 0.999972 0.00711299 -0.00273866 -0.007119 0.999971 0.0777464 0.243074 0.595213
FixedParameters: 0 0 0

#Transform 2
Transform: AffineTransform_float_3_3
Parameters: 0.999994 0.00204133 0.00288319 -0.00205931 0.999977 0.00644088 -0.0028696 -0.00644712 0.999975 0.0812732 0.243288 0.568095
FixedParameters: 0 0 0

#Transform 3
Transform: AffineTransform_float_3_3
Parameters: 0.999994 0.00180582 0.0031331 -0.00182351 0.999984 0.00543441 -0.00312314 -0.00544059 0.99998 0.107515 0.233954 0.39488
FixedParameters: 0 0 0

#Transform 4
Transform: AffineTransform_float_3_3
Parameters: 0.999953 0.00201296 0.00945882 -0.00187145 0.999887 -0.0148934 -0.00948728 0.0148756 0.999844 0.343677 -0.496348 0.306747
FixedParameters: 0 0 0

#Transform 5
Transform: AffineTransform_float_3_3
Parameters: 0.999974 0.00180017 0.00688143 -0.00173441 0.999953 -0.00956441 -0.00689861 0.0095516 0.999931 0.238406 0.0564493 0.253952
FixedParameters: 0 0 0

#Transform 6
Transform: AffineTransform_float_3_3
Parameters: 0.999972 0.00215132 0.00718723 -0.0021537 0.999998 0.000273154 -0.00718713 -0.000288845 0.999975 0.195364 0.195208 0.128208
FixedParameters: 0 0 0

#Transform 7
Transform: AffineTransform_float_3_3
Parameters: 0.999989 0.00134704 0.00454576 -0.00135245 0.999999 0.0011719 -0.00454371 -0.0011781 0.999989 0.136066 0.106663 0.348022
FixedParameters: 0 0 0

#Transform 8
Transform: AffineTransform_float_3_3
Parameters: 0.999986 0.00204631 0.00478017 -0.00207739 0.999978 0.00638295 -0.00476669 -0.00639304 0.999968 0.143667 0.277079 0.170249
FixedParameters: 0 0 0

#Transform 9
Transform: AffineTransform_float_3_3
Parameters: 0.999954 0.00694535 0.00650894 -0.00709193 0.999713 0.0228472 -0.00634843 -0.0228928 0.999718 0.139053 0.769081 0.217342
FixedParameters: 0 0 0

#Transform 10
Transform: AffineTransform_float_3_3
Parameters: 0.999999 0.000689627 0.000570788 -0.000688839 0.999997 -0.00238139 -0.000571567 0.00238061 0.999997 0.0103127 -0.0260866 0.413102
FixedParameters: 0 0 0

#Transform 11
Transform: AffineTransform_float_3_3
Parameters: 0.999997 1.25404e-05 0.002142 8.49158e-06 0.99995 -0.00995891 -0.00214196 0.00995908 0.999948 0.0876875 -0.157213 0.146436
FixedParameters: 0 0 0

#Transform 12
Transform: AffineTransform_float_3_3
Parameters: 0.999998 -0.000134459 0.00193631 0.000146737 0.999976 -0.0068251 -0.00193573 0.00682489 0.999975 0.0831758 -0.0528758 0.178645
FixedParameters: 0 0 0

#Transform 13
Transform: AffineTransform_float_3_3
Parameters: 1 0.000561007 0.00102073 -0.000559489 0.999999 -0.00115057 -0.00102146 0.00114943 0.999999 0.0570991 0.0380068 0.297693
FixedParameters: 0 0 0

#Transform 14
Transform: AffineTransform_float_3_3
Parameters: 0.999999 0.000379594 0.000866931 -0.000378384 0.999998 -0.00165487 -0.00086707 0.00165513 0.999998 0.0538782 0.0515141 0.249494
FixedParameters: 0 0 0

#Transform 15
Transform: AffineTransform_float_3_3
Parameters: 0.999989 0.00302863 -0.00341919 -0.0029485 0.999726 0.0232 0.00348881 -0.02319 0.999726 -0.223845 0.948624 -0.158521
FixedParameters: 0 0 0

#Transform 16
Transform: AffineTransform_float_3_3
Parameters: 0.999993 0.00309499 -0.00175625 -0.00306944 0.999886 0.0147919 0.00180176 -0.0147871 0.999889 -0.102192 0.348853 0.270541
FixedParameters: 0 0 0

#Transform 17
Transform: AffineTransform_float_3_3
Parameters: 0.999999 0.00100117 0.000743764 -0.00100426 0.999991 0.00412826 -0.000739932 -0.00412974 0.999991 0.0165195 0.208109 0.397426
FixedParameters: 0 0 0

#Transform 18
Transform: AffineTransform_float_3_3
Parameters: 0.999999 -0.000226355 0.00135139 0.000225529 1 0.000612617 -0.00135223 -0.000612384 0.999999 0.0223184 0.105422 0.112802
FixedParameters: 0 0 0

#Transform 19
Transform: AffineTransform_float_3_3
Parameters: 1 -0.000278728 0.000554992 0.000278563 1 -0.000353845 -0.000555625 0.000354155 1 0.00016309 0.13377 -0.0140192
FixedParameters: 0 0 0

#Transform 20
Transform: AffineTransform_float_3_3
Parameters: 1 -0.000394304 0.000382902 0.000395009 0.999998 -0.00164885 -0.00038243 0.00164915 0.999998 0.0189862 -0.0167422 0.00651109
FixedParameters: 0 0 0

#Transform 21
Transform: AffineTransform_float_3_3
Parameters: 0.999999 -0.000537101 -0.00115812 0.000537528 1 0.000900379 0.00115827 -0.000901623 0.999999 -0.016123 0.14541 -0.0354352
FixedParameters: 0 0 0

#Transform 22
Transform: AffineTransform_float_3_3
Parameters: 1 -2.77368e-05 -0.00118425 3.08619e-05 0.999997 0.00249243 0.00118356 -0.00249157 0.999996 -0.0223759 0.120012 0.0499581
FixedParameters: 0 0 0

#Transform 23
Transform: AffineTransform_float_3_3
Parameters: 0.999999 -0.000290829 -0.00123001 0.000290086 1 -0.000301894 0.00123019 0.000302105 0.999999 -0.00522831 0.120607 -0.0301395
FixedParameters: 0 0 0

#Transform 24
Transform: AffineTransform_float_3_3
Parameters: 0.999987 -0.000418404 -0.00518381 0.000471873 0.999946 0.0103221 0.00517925 -0.0103239 0.999934 -0.193448 0.297763 0.0157671
FixedParameters: 0 0 0

#Transform 25
Transform: AffineTransform_float_3_3
Parameters: 0.999992 -3.21504e-06 -0.00413815 4.26419e-05 0.999956 0.00938778 0.00413814 -0.00938822 0.999948 -0.109628 0.276902 0.217094
FixedParameters: 0 0 0

#Transform 26
Transform: AffineTransform_float_3_3
Parameters: 0.999996 -6.65487e-05 -0.00300899 7.80852e-05 0.999992 0.00394526 0.00300819 -0.00394574 0.999988 -0.0879127 0.208967 0.149644
FixedParameters: 0 0 0

#Transform 27
Transform: AffineTransform_float_3_3
Parameters: 0.999998 0.000287886 -0.00198449 -0.000283339 0.999997 0.00254419 0.00198485 -0.00254381 0.999995 -0.0632555 0.144035 0.0906707
FixedParameters: 0 0 0

#Transform 28
Transform: AffineTransform_float_3_3
Parameters: 0.999997 -0.000239362 -0.00218442 0.000242322 0.999999 0.00137502 0.0021846 -0.00137498 0.999997 -0.0659627 0.138804 0.00312074
FixedParameters: 0 0 0

#Transform 29
Transform: AffineTransform_float_3_3
Parameters: 0.999999 0.000157258 -0.0014863 -0.000146637 0.999973 0.00739554 0.00148775 -0.00739546 0.999972 -0.0344424 0.294086 0.305365
FixedParameters: 0 0 0

#Transform 30
Transform: AffineTransform_float_3_3
Parameters: 1 0.000265361 9.60224e-05 -0.00026674 0.999948 0.010151 -9.33964e-05 -0.010151 0.999948 0.0010263 0.441645 0.622555
FixedParameters: 0 0 0

#Transform 31
Transform: AffineTransform_float_3_3
Parameters: 0.999987 0.00312493 -0.00397866 -0.0030381 0.999762 0.0216032 0.00404581 -0.0215908 0.999759 -0.188224 0.466175 0.245524
FixedParameters: 0 0 0

#Transform 32
Transform: AffineTransform_float_3_3
Parameters: 0.99999 0.0039613 -0.00236149 -0.00389753 0.999646 0.0263335 0.00246521 -0.0263235 0.999651 -0.128274 0.65439 0.244772
FixedParameters: 0 0 0

#Transform 33
Transform: AffineTransform_float_3_3
Parameters: 0.99999 0.0022284 -0.00371523 -0.00216522 0.999853 0.0169489 0.00375276 -0.0169411 0.999849 -0.153904 0.619509 0.400067
FixedParameters: 0 0 0

#Transform 34
Transform: AffineTransform_float_3_3
Parameters: 0.999985 0.000886587 -0.00542273 -0.000801513 0.999876 0.0157057 0.00543679 -0.0157013 0.999862 -0.191833 0.449917 0.403323
FixedParameters: 0 0 0

#Transform 35
Transform: AffineTransform_float_3_3
Parameters: 0.999993 9.28419e-06 -0.00368708 1.38342e-05 0.999981 0.00625678 0.00368686 -0.00625722 0.999973 -0.14546 0.302914 0.221771
FixedParameters: 0 0 0

#Transform 36
Transform: AffineTransform_float_3_3
Parameters: 0.999997 0.00102487 -0.00193814 -0.00100831 0.999965 0.00827113 0.00194613 -0.00826887 0.999964 -0.135163 0.252059 0.33283
FixedParameters: 0 0 0

#Transform 37
Transform: AffineTransform_float_3_3
Parameters: 0.999999 9.71983e-05 -0.00155959 -8.82912e-05 0.999981 0.00605577 0.00156019 -0.00605623 0.999981 -0.109232 0.243789 0.18123
FixedParameters: 0 0 0

#Transform 38
Transform: AffineTransform_float_3_3
Parameters: 0.999997 -0.00140379 -0.00222801 0.00139689 0.999995 -0.00285027 0.00223209 0.00284773 0.999994 -0.0929706 -0.0159354 0.00115241
FixedParameters: 0 0 0

#Transform 39
Transform: AffineTransform_float_3_3
Parameters: 0.999992 -0.00281612 -0.00304305 0.00279904 0.99998 -0.00565679 0.00305947 0.0056482 0.999979 -0.107548 -0.136375 -0.0822355
FixedParameters: 0 0 0

#Transform 40
Transform: AffineTransform_float_3_3
Parameters: 0.99999 -0.00227652 -0.00390689 0.00227018 0.999996 -0.00166448 0.00390998 0.00165652 0.999991 -0.131826 -0.0102453 -0.109629
FixedParameters: 0 0 0

#Transform 41
Transform: AffineTransform_float_3_3
Parameters: 0.999997 -0.00195519 -0.00101537 0.00195543 0.999998 0.000250856 0.00101577 -0.000253146 1 0.0195693 0.234326 -0.410864
FixedParameters: 0 0 0

#Transform 42
Transform: AffineTransform_float_3_3
Parameters: 0.999998 -0.00225239 -0.000224695 0.00225155 0.999991 -0.00358545 0.000233075 0.00358555 0.999994 0.0257766 -0.0733385 -0.134295
FixedParameters: 0 0 0

#Transform 43
Transform: AffineTransform_float_3_3
Parameters: 0.999997 -0.00199652 0.000845771 0.00199865 0.999995 -0.00208924 -0.000841299 0.00209076 0.999998 0.0322832 -0.0955024 -0.2923
FixedParameters: 0 0 0

#Transform 44
Transform: AffineTransform_float_3_3
Parameters: 0.999999 -0.0018041 -0.000152401 0.00180342 0.999998 0.000510104 0.000151119 -0.000509896 1 0.0177464 -0.0151597 -0.2675
FixedParameters: 0 0 0

#Transform 45
Transform: AffineTransform_float_3_3
Parameters: 0.999996 -0.00257057 0.000322645 0.00257141 0.999996 -0.00133104 -0.000319404 0.00133197 0.999999 0.0409016 -0.0603291 -0.252925
FixedParameters: 0 0 0

#Transform 46
Transform: AffineTransform_float_3_3
Parameters: 0.999996 -0.00259557 -1.83485e-05 0.00259494 0.999995 -0.00144845 2.14314e-05 0.00144855 0.999999 0.0324738 -0.104284 -0.302066
FixedParameters: 0 0 0

#Transform 47
Transform: AffineTransform_float_3_3
Parameters: 0.999998 -0.00232295 -0.000182745 0.00232294 0.999996 -0.00148382 0.000186861 0.00148317 0.999999 0.0352953 -0.0610771 -0.286236
FixedParameters: 0 0 0

#Transform 48
Transform: AffineTransform_float_3_3
Parameters: 0.999997 -0.00254114 -3.79393e-05 0.00254109 0.999991 -0.0034535 4.6892e-05 0.0034535 0.999994 0.0329613 -0.0878642 -0.33192
FixedParameters: 0 0 0

#Transform 49
Transform: AffineTransform_float_3_3
Parameters: 0.999998 -0.00233602 2.23991e-05 0.00233556 0.999991 -0.00343104 -1.44119e-05 0.00343096 0.999995 0.0339977 -0.212666 -0.246583
FixedParameters: 0 0 0

#Transform 50
Transform: AffineTransform_float_3_3
Parameters: 0.999997 -0.00242655 6.7138e-06 0.00242681 0.999991 -0.00356039 1.96785e-06 0.00356061 0.999993 0.0335986 -0.101364 -0.381018
FixedParameters: 0 0 0

#Transform 51
Transform: AffineTransform_float_3_3
Parameters: 0.999997 -0.00238126 0.000605942 0.00238339 0.999993 -0.00294011 -0.000599413 0.00294189 0.999996 0.0487436 -0.188259 -0.298516
FixedParameters: 0 0 0

#Transform 52
Transform: AffineTransform_float_3_3
Parameters: 0.999994 -0.00330012 -0.000790432 0.00330463 0.99998 0.00550655 0.000771264 -0.00550944 0.999984 0.0359824 -0.045988 -0.730857
FixedParameters: 0 0 0

#Transform 53
Transform: AffineTransform_float_3_3
Parameters: 0.999989 -0.00305498 -0.00351036 0.00306469 0.999992 0.00263928 0.00350253 -0.00265072 0.999991 -0.042524 -0.174999 -0.691574
FixedParameters: 0 0 0

#Transform 54
Transform: AffineTransform_float_3_3
Parameters: 0.999995 -0.00277889 -0.00109345 0.00276794 0.999942 -0.0103997 0.00112252 0.0103973 0.999945 0.0223393 -0.296462 -0.360493
FixedParameters: 0 0 0

#Transform 55
Transform: AffineTransform_float_3_3
Parameters: 0.999999 0.000698169 -0.00114049 -0.000690483 0.999979 0.0064071 0.00114442 -0.0064059 0.999979 0.0397537 -0.11391 -0.640493
FixedParameters: 0 0 0

#Transform 56
Transform: AffineTransform_float_3_3
Parameters: 0.999998 0.000247087 -0.00165673 -0.000216422 0.999828 0.018527 0.00166071 -0.018527 0.999827 -0.0173705 0.385276 -0.249521
FixedParameters: 0 0 0

#Transform 57
Transform: AffineTransform_float_3_3
Parameters: 0.999998 -0.00164867 -0.00163265 0.00164052 0.999986 -0.00519339 0.00164137 0.00519061 0.999985 0.00112433 -0.257002 -0.337722
FixedParameters: 0 0 0

#Transform 58
Transform: AffineTransform_float_3_3
Parameters: 0.999991 -0.00202554 -0.00368348 0.00201448 0.999994 -0.00281697 0.00368954 0.00281003 0.999989 -0.0463649 0.0574754 -0.69266
FixedParameters: 0 0 0

#Transform 59
Transform: AffineTransform_float_3_3
Parameters: 0.999983 -0.00342333 0.00457554 0.00352939 0.999721 -0.0233341 -0.00449521 0.0233499 0.999717 0.265965 -1.29459 -0.448511
FixedParameters: 0 0 0

#Transform 60
Transform: AffineTransform_float_3_3
Parameters: 0.999981 -0.00386392 0.00494403 0.00402874 0.999422 -0.0337577 -0.00481135 0.0337773 0.999418 0.227228 -0.907744 -0.634298
FixedParameters: 0 0 0

#Transform 61
Transform: AffineTransform_float_3_3
Parameters: 0.999998 -0.00192012 -0.000555473 0.00191398 0.999938 -0.0109877 0.000576497 0.0109863 0.999939 0.0256364 -0.0515332 -0.470014
FixedParameters: 0 0 0

#Transform 62
Transform: AffineTransform_float_3_3
Parameters: 0.999996 -0.00165497 -0.00228142 0.00164756 0.999993 -0.00362124 0.00228723 0.00361777 0.999991 -0.0153693 -0.224469 -0.0612581
FixedParameters: 0 0 0

#Transform 63
Transform: AffineTransform_float_3_3
Parameters: 0.999832 -0.00883139 0.0160773 0.00949167 0.999094 -0.0414877 -0.0156965 0.0416333 0.99901 0.799287 -1.60736 -1.01974
FixedParameters: 0 0 0

#Transform 64
Transform: AffineTransform_float_3_3
Parameters: 0.999965 -0.00744212 0.00375857 0.00753913 0.999618 -0.026603 -0.00355907 0.026631 0.999639 0.24095 -0.832993 -1.46663
FixedParameters: 0 0 0

#Transform 65
Transform: AffineTransform_float_3_3
Parameters: 0.999991 -0.00284039 -0.00321224 0.00280077 0.999922 -0.0122159 0.00324631 0.0122071 0.99992 -0.0540042 -0.455185 -0.972117
FixedParameters: 0 0 0

#Transform 66
Transform: AffineTransform_float_3_3
Parameters: 0.999996 -0.00225281 -0.00123991 0.00223396 0.999886 -0.0149544 0.00127393 0.0149526 0.999887 0.0163593 -0.51955 -0.515226
FixedParameters: 0 0 0

#Transform 67
Transform: AffineTransform_float_3_3
Parameters: 0.999997 -0.00225091 -0.00150691 0.00223087 0.999917 -0.0126621 0.00153557 0.0126579 0.999919 0.0299891 -0.414315 -0.558788
FixedParameters: 0 0 0

#Transform 68
Transform: AffineTransform_float_3_3
Parameters: 0.999995 4.81677e-05 0.00333952 -4.04154e-06 0.99991 -0.0134156 -0.00333977 0.0134154 0.999905 0.142921 -0.354334 -0.637916
FixedParameters: 0 0 0

#Transform 69
Transform: AffineTransform_float_3_3
Parameters: 0.999999 0.000845245 -0.000269399 -0.000847423 0.999973 -0.00725424 0.000263216 0.00725376 0.999974 0.0596496 -0.200886 -0.59727
FixedParameters: 0 0 0

#Transform 70
Transform: AffineTransform_float_3_3
Parameters: 0.999999 0.000402185 -0.00063245 -0.000407217 0.999967 -0.00817821 0.000628307 0.00817779 0.999966 0.032611 -0.529901 -0.407803
FixedParameters: 0 0 0

#Transform 71
Transform: AffineTransform_float_3_3
Parameters: 0.99998 -0.00438536 0.00468568 0.00452094 0.999559 -0.0293554 -0.00455449 0.0293756 0.999558 0.297218 -1.10965 -1.32363
FixedParameters: 0 0 0

#Transform 72
Transform: AffineTransform_float_3_3
Parameters: 0.999992 -0.00307795 -0.0025725 0.00302485 0.999787 -0.0204352 0.00263488 0.0204277 0.999787 -0.0284899 -0.51873 -1.34979
FixedParameters: 0 0 0

#Transform 73
Transform: AffineTransform_float_3_3
Parameters: 0.999996 -0.00261413 -0.00148927 0.00258649 0.999832 -0.0181553 0.00153644 0.0181507 0.999834 0.00832717 -0.556808 -0.976666
FixedParameters: 0 0 0

#Transform 74
Transform: AffineTransform_float_3_3
Parameters: 0.999999 -0.00174487 0.000398251 0.00175083 0.999873 -0.0158301 -0.000370067 0.0158309 0.999875 0.0771025 -0.432091 -0.814809
FixedParameters: 0 0 0

#Transform 75
Transform: AffineTransform_float_3_3
Parameters: 1 -6.14172e-05 -0.000620755 5.82344e-05 0.999987 -0.00501973 0.000620512 0.00501928 0.999988 -0.00221766 -0.221942 -0.49927
FixedParameters: 0 0 0

#Transform 76
Transform: AffineTransform_float_3_3
Parameters: 0.999968 0.000200387 -0.00798498 -9.1939e-05 0.999908 0.0135796 0.00798713 -0.0135784 0.999876 -0.242669 0.20275 -0.676599
FixedParameters: 0 0 0

#Transform 77
Transform: AffineTransform_float_3_3
Parameters: 0.999999 0.000137092 -0.0014738 -0.000139999 0.999998 -0.00192771 0.00147381 0.00192829 0.999998 -0.056813 -0.073846 -0.367669
FixedParameters: 0 0 0

#Transform 78
Transform: AffineTransform_float_3_3
Parameters: 0.999996 0.0019357 0.0021644 -0.00193093 0.999996 -0.00225165 -0.00216975 0.00224735 0.999996 0.108706 -0.042541 0.073093
FixedParameters: 0 0 0

#Transform 79
Transform: AffineTransform_float_3_3
Parameters: 0.999996 -0.000943742 0.00268476 0.000969761 0.999953 -0.00961866 -0.00267569 0.00962135 0.99995 0.108625 -0.263597 -0.151088
FixedParameters: 0 0 0

#Transform 80
Transform: AffineTransform_float_3_3
Parameters: 0.999997 -0.00164514 0.00173315 0.00166491 0.999932 -0.0115458 -0.00171399 0.0115492 0.999932 0.0925916 -0.248723 -0.250032
FixedParameters: 0 0 0

#Transform 81
Transform: AffineTransform_float_3_3
Parameters: 0.999998 -0.00131948 0.00113286 0.00133041 0.999949 -0.0100434 -0.00112007 0.0100446 0.999948 0.0605407 -0.329245 -0.156005
FixedParameters: 0 0 0

#Transform 82
Transform: AffineTransform_float_3_3
Parameters: 0.999998 -0.00132532 0.00133683 0.0013411 0.999925 -0.0121178 -0.00131999 0.0121191 0.999925 0.0622205 -0.338021 -0.239479
FixedParameters: 0 0 0

#Transform 83
Transform: AffineTransform_float_3_3
Parameters: 0.999998 -0.00138232 0.00097237 0.00139467 0.999921 -0.0124821 -0.000955134 0.0124839 0.999922 0.051751 -0.352268 -0.302394
FixedParameters: 0 0 0

#Transform 84
Transform: AffineTransform_float_3_3
Parameters: 0.999998 -0.00158726 3.11296e-05 0.00158799 0.999921 -0.0124513 -1.10069e-05 0.0124517 0.999922 0.0359497 -0.402132 -0.299815
FixedParameters: 0 0 0

#Transform 85
Transform: AffineTransform_float_3_3
Parameters: 0.999998 -0.00155301 0.000805056 0.00156443 0.999895 -0.0144085 -0.000782556 0.0144105 0.999896 0.0446749 -0.363329 -0.421561
FixedParameters: 0 0 0

#Transform 86
Transform: AffineTransform_float_3_3
Parameters: 0.999999 -0.00152008 0.000130035 0.0015216 0.999906 -0.0136296 -0.000109095 0.0136294 0.999907 0.0145137 -0.371941 -0.446721
FixedParameters: 0 0 0

#Transform 87
Transform: AffineTransform_float_3_3
Parameters: 0.999998 -0.00201227 -0.000581282 0.00200426 0.999905 -0.0136308 0.000608819 0.0136292 0.999907 -0.010541 -0.415214 -0.583
FixedParameters: 0 0 0

#Transform 88
Transform: AffineTransform_float_3_3
Parameters: 0.999996 -0.00222899 -0.00159708 0.00220797 0.999914 -0.0129431 0.00162613 0.0129399 0.999915 -0.0515008 -0.446632 -0.665698
FixedParameters: 0 0 0

#Transform 89
Transform: AffineTransform_float_3_3
Parameters: 0.999998 -0.00201618 -0.000580136 0.00200783 0.999897 -0.0141684 0.000608552 0.0141676 0.9999 -0.0179083 -0.353116 -0.689379
FixedParameters: 0 0 0

#Transform 90
Transform: AffineTransform_float_3_3
Parameters: 0.999997 -0.00206005 -0.00123967 0.0020434 0.999913 -0.0130203 0.00126669 0.0130177 0.999914 -0.0206 -0.456584 -0.621321
FixedParameters: 0 0 0

#Transform 91
Transform: AffineTransform_float_3_3
Parameters: 0.999997 -0.00228248 -0.000721937 0.0022737 0.999917 -0.0126641 0.000751311 0.0126628 0.999919 -0.0195238 -0.285045 -0.696388
FixedParameters: 0 0 0

#Transform 92
Transform: AffineTransform_float_3_3
Parameters: 0.999997 -0.00174681 -0.00167128 0.00173847 0.999986 -0.00496284 0.00167939 0.00496016 0.999986 -0.0293022 -0.180781 -0.417118
FixedParameters: 0 0 0

#Transform 93
Transform: AffineTransform_float_3_3
Parameters: 0.999998 -0.00119004 -0.00151004 0.00117965 0.999978 -0.00653586 0.001518 0.00653413 0.999977 -0.0364517 -0.257051 -0.370137
FixedParameters: 0 0 0

#Transform 94
Transform: AffineTransform_float_3_3
Parameters: 0.999997 -0.00152089 -0.00199364 0.00150663 0.999974 -0.00695863 0.00200439 0.00695536 0.999974 -0.0516376 -0.133013 -0.39502
FixedParameters: 0 0 0

#Transform 95
Transform: AffineTransform_float_3_3
Parameters: 0.999998 -0.00177632 -0.00152637 0.00176506 0.999973 -0.00709795 0.00153843 0.00709605 0.999973 -0.05537 -0.237379 -0.399922
FixedParameters: 0 0 0

#Transform 96
Transform: AffineTransform_float_3_3
Parameters: 0.999997 -0.00187396 -0.00147175 0.00186034 0.999961 -0.00861268 0.0014875 0.00861031 0.999962 -0.0415681 -0.29941 -0.468601
FixedParameters: 0 0 0

#Transform 97
Transform: AffineTransform_float_3_3
Parameters: 0.999991 -0.00156071 0.00394704 0.0016472 0.999756 -0.0220261 -0.00391211 0.0220319 0.999749 0.154007 -0.825797 -0.585883
FixedParameters: 0 0 0

#Transform 98
Transform: AffineTransform_float_3_3
Parameters: 0.999977 -0.00421423 0.00520843 0.00434034 0.999694 -0.024355 -0.00510378 0.024377 0.99969 0.305991 -0.765622 -1.0622
FixedParameters: 0 0 0

#Transform 99
Transform: AffineTransform_float_3_3
Parameters: 0.999964 -0.00595584 0.00596121 0.00610914 0.999639 -0.0261641 -0.0058039 0.0262 0.99964 0.258861 -0.791367 -1.1377
FixedParameters: 0 0 0

#Transform 100
Transform: AffineTransform_float_3_3
Parameters: 0.999984 -0.00402738 -0.00392453 0.00393869 0.999744 -0.0222852 0.00401266 0.0222688 0.999744 0.0509798 -0.782445 -1.40082
FixedParameters: 0 0 0

#Transform 101
Transform: AffineTransform_float_3_3
Parameters: 0.999939 -0.00469095 -0.0099937 0.00457476 0.999922 -0.0116367 0.0100471 0.0115903 0.999882 -0.180285 -0.542419 -1.78042
FixedParameters: 0 0 0

#Transform 102
Transform: AffineTransform_float_3_3
Parameters: 0.999985 0.000964776 -0.00529055 -0.000877687 0.999866 0.0163662 0.00530521 -0.0163618 0.999852 -0.22659 0.274086 -0.730553
FixedParameters: 0 0 0

#Transform 103
Transform: AffineTransform_float_3_3
Parameters: 0.999993 -0.00333906 -0.00178486 0.00330462 0.999814 -0.0190371 0.00184824 0.019031 0.999817 -0.0737153 -0.857933 -1.12465
FixedParameters: 0 0 0

#Transform 104
Transform: AffineTransform_float_3_3
Parameters: 0.999994 -0.00358763 -0.00076489 0.00356623 0.999648 -0.0262868 0.000859139 0.0262832 0.999655 -0.0455057 -0.83504 -1.32771
FixedParameters: 0 0 0

#Transform 105
Transform: AffineTransform_float_3_3
Parameters: 0.999992 -0.00402498 -0.00028249 0.0040157 0.999604 -0.0278268 0.000395021 0.0278252 0.999612 -0.0249049 -0.78647 -2.04532
FixedParameters: 0 0 0

#Transform 106
Transform: AffineTransform_float_3_3
Parameters: 0.999992 -0.000598351 -0.00396076 0.00059583 1 -0.000704185 0.00396075 0.000701817 0.999992 -0.0939869 -0.0122141 -0.888958
FixedParameters: 0 0 0

#Transform 107
Transform: AffineTransform_float_3_3
Parameters: 0.999997 0.000351657 -0.00232298 -0.000343833 0.999995 0.00317789 0.00232383 -0.00317611 0.999992 -0.0987915 -0.206015 -0.915031
FixedParameters: 0 0 0

#Transform 108
Transform: AffineTransform_float_3_3
Parameters: 0.999998 0.00161269 5.85935e-05 -0.00161327 0.999941 0.0107591 -4.10803e-05 -0.0107599 0.999942 -0.0736817 0.227501 -0.439223
FixedParameters: 0 0 0

#Transform 109
Transform: AffineTransform_float_3_3
Parameters: 0.999955 -0.00387436 -0.008675 0.00383559 0.999983 -0.0044329 0.00869199 0.0044001 0.999953 -0.260321 -0.204016 -0.751467
FixedParameters: 0 0 0

#Transform 110
Transform: AffineTransform_float_3_3
Parameters: 0.999962 -0.000428392 -0.00873527 0.000368399 0.999976 -0.00689457 0.00873749 0.00689143 0.999938 -0.216035 -0.393823 -1.10287
FixedParameters: 0 0 0

#Transform 111
Transform: AffineTransform_float_3_3
Parameters: 0.999998 0.000300541 0.00197466 -0.000278626 0.999938 -0.0111545 -0.00197826 0.0111535 0.999936 -0.026854 -0.443651 -1.00557
FixedParameters: 0 0 0

#Transform 112
Transform: AffineTransform_float_3_3
Parameters: 1 -0.000167764 0.000272663 0.000171671 0.999918 -0.012815 -0.000271075 0.012815 0.999918 -0.0542424 -0.491061 -0.939738
FixedParameters: 0 0 0

#Transform 113
Transform: AffineTransform_float_3_3
Parameters: 1 -0.000641361 -0.00101054 0.000628025 0.999924 -0.0123006 0.00101834 0.0122994 0.999924 -0.0659997 -0.384566 -0.922897
FixedParameters: 0 0 0

#Transform 114
Transform: AffineTransform_float_3_3
Parameters: 0.999997 -0.00135618 -0.0020625 0.00133792 0.999962 -0.00863039 0.00207404 0.0086276 0.99996 -0.106627 -0.432445 -0.963172
FixedParameters: 0 0 0

#Transform 115
Transform: AffineTransform_float_3_3
Parameters: 0.999998 -0.00168817 -0.00117857 0.00167621 0.99995 -0.00980938 0.00119433 0.00980762 0.999951 -0.0609299 -0.298519 -0.765966
FixedParameters: 0 0 0

#Transform 116
Transform: AffineTransform_float_3_3
Parameters: 1 -0.000210822 0.000315629 0.000213159 0.999977 -0.00680293 -0.000313847 0.00680306 0.999977 -0.0482681 -0.297173 -0.858728
FixedParameters: 0 0 0

#Transform 117
Transform: AffineTransform_float_3_3
Parameters: 1 0.000329467 0.00113202 -0.000328109 0.999999 -0.000967061 -0.00113209 0.000965939 0.999999 -0.0472645 -0.152364 -0.910789
FixedParameters: 0 0 0

#Transform 118
Transform: AffineTransform_float_3_3
Parameters: 0.999999 -0.000644078 -0.00107798 0.000643798 1 0.000513769 0.00107704 -0.000514231 0.999999 -0.100024 -0.0952061 -0.901754
FixedParameters: 0 0 0

#Transform 119
Transform: AffineTransform_float_3_3
Parameters: 0.999996 -0.00160126 -0.00237334 0.00159654 0.999997 -0.00186795 0.00237652 0.00186405 0.999996 -0.13192 -0.156382 -1.0051
FixedParameters: 0 0 0
