# transform file /out/sourcedata/freesurfer/sub-v1s18x0051221_ses-1/mri/transforms/cc_up.lta
# created by oesteban on Mon Mar  9 05:52:36 2026

type      = 0 # LINEAR_VOX_TO_VOX
nxforms   = 1
mean      = 130.0000 130.0000 123.0000
sigma     = 10000.0000
1 4 4
9.846110939979553e-01 -1.469364166259766e-01 9.460813552141190e-02 7.885771751403809e+00 
1.462627649307251e-01 9.891459941864014e-01 1.405392214655876e-02 9.720762968063354e-01 
-9.564628452062607e-02 0.000000000000000e+00 9.954153895378113e-01 3.170756530761719e+01 
0.000000000000000e+00 0.000000000000000e+00 0.000000000000000e+00 1.000000000000000e+00 
src volume info
valid = 1  # volume info valid
filename = /out/sourcedata/freesurfer/sub-v1s18x0051221_ses-1/mri/norm.mgz
volume = 256 256 256
voxelsize = 1.000000000000000e+00 1.000000000000000e+00 1.000000000000000e+00
xras   = -1.000000000000000e+00 0.000000000000000e+00 -7.450580596923828e-09
yras   = 7.450580596923828e-09 0.000000000000000e+00 -1.000000000000000e+00
zras   = 0.000000000000000e+00 1.000000000000000e+00 0.000000000000000e+00
cras   = 2.533241271972656e+00 7.653297424316406e+00 -2.571495056152344e+01
dst volume info
valid = 1  # volume info valid
filename = /out/sourcedata/freesurfer/sub-v1s18x0051221_ses-1/mri/norm.mgz
volume = 256 256 256
voxelsize = 1.000000000000000e+00 1.000000000000000e+00 1.000000000000000e+00
xras   = -1.000000000000000e+00 0.000000000000000e+00 -7.450580596923828e-09
yras   = 7.450580596923828e-09 0.000000000000000e+00 -1.000000000000000e+00
zras   = 0.000000000000000e+00 1.000000000000000e+00 0.000000000000000e+00
cras   = 2.533241271972656e+00 7.653297424316406e+00 -2.571495056152344e+01
