#Insight Transform File V1.0
#Transform 0
Transform: AffineTransform_float_3_3
Parameters: 0.999994 0.000828077 -0.00328672 -0.000834294 0.999998 -0.00197837 0.00328452 0.00198069 0.999993 -0.133201 -0.0546135 0.22051
FixedParameters: 0 0 0

#Transform 1
Transform: AffineTransform_float_3_3
Parameters: 0.999997 0.000710705 -0.00231564 -0.000715529 0.999998 -0.00188047 0.00231444 0.00188254 0.999996 -0.102245 -0.0474045 0.200754
FixedParameters: 0 0 0

#Transform 2
Transform: AffineTransform_float_3_3
Parameters: 0.999998 0.00063693 -0.00161354 -0.000640349 0.999998 -0.00191316 0.00161223 0.00191443 0.999997 -0.0807598 -0.0485136 0.225289
FixedParameters: 0 0 0

#Transform 3
Transform: AffineTransform_float_3_3
Parameters: 0.999998 0.000579421 -0.00194003 -0.000583976 0.999998 -0.0018479 0.00193892 0.00184879 0.999997 -0.0689755 -0.0341018 0.170152
FixedParameters: 0 0 0

#Transform 4
Transform: AffineTransform_float_3_3
Parameters: 0.999998 0.000108647 -0.002019 -0.00011267 0.999998 -0.00198692 0.00201794 0.00198761 0.999996 -0.0562195 -0.0466325 0.153643
FixedParameters: 0 0 0

#Transform 5
Transform: AffineTransform_float_3_3
Parameters: 0.999998 -0.000486454 -0.00217362 0.000482485 0.999999 -0.00130459 0.002174 0.00130346 0.999997 -0.0542349 -0.0424922 0.141358
FixedParameters: 0 0 0

#Transform 6
Transform: AffineTransform_float_3_3
Parameters: 0.999996 -0.000788787 -0.00247916 0.000785898 1 -0.000940859 0.00247989 0.000938746 0.999997 -0.0753054 -0.0373835 0.103404
FixedParameters: 0 0 0

#Transform 7
Transform: AffineTransform_float_3_3
Parameters: 0.999998 -0.000714372 -0.00187641 0.000710987 0.999998 -0.00162835 0.00187749 0.00162717 0.999996 -0.0384372 -0.0260643 0.0832899
FixedParameters: 0 0 0

#Transform 8
Transform: AffineTransform_float_3_3
Parameters: 0.999998 -0.000754755 -0.00185407 0.000753276 1 -0.00101822 0.0018557 0.0010169 0.999998 -0.0470492 -0.018771 0.0599978
FixedParameters: 0 0 0

#Transform 9
Transform: AffineTransform_float_3_3
Parameters: 0.999998 -0.000614624 -0.00224433 0.000611394 0.999999 -0.00129621 0.00224457 0.00129439 0.999996 -0.0615912 -0.0138433 0.038385
FixedParameters: 0 0 0

#Transform 10
Transform: AffineTransform_float_3_3
Parameters: 0.999996 -0.000738491 -0.00252665 0.000737647 0.999999 -0.000504399 0.00252651 0.000502465 0.999996 -0.0803539 -0.0299117 0.0600027
FixedParameters: 0 0 0

#Transform 11
Transform: AffineTransform_float_3_3
Parameters: 0.999998 -0.000560622 -0.0022274 0.000556556 0.999999 -0.00129491 0.00222796 0.0012934 0.999996 -0.0705659 -0.00148134 0.0165895
FixedParameters: 0 0 0

#Transform 12
Transform: AffineTransform_float_3_3
Parameters: 0.999998 -0.000703701 -0.00217622 0.000701639 1 -0.000880894 0.00217654 0.000879384 0.999997 -0.0749054 -0.000643973 0.0206706
FixedParameters: 0 0 0

#Transform 13
Transform: AffineTransform_float_3_3
Parameters: 0.999997 -0.000971575 -0.00252581 0.00097076 0.999999 -0.000324038 0.00252601 0.000321791 0.999997 -0.0703661 0.0272661 0.0277401
FixedParameters: 0 0 0

#Transform 14
Transform: AffineTransform_float_3_3
Parameters: 0.999997 -0.000803034 -0.00231366 0.000801574 0.999999 -0.000301742 0.00231418 0.000299913 0.999997 -0.0669154 -0.0110801 0.0125521
FixedParameters: 0 0 0

#Transform 15
Transform: AffineTransform_float_3_3
Parameters: 0.999998 -0.000869425 -0.00209664 0.000866724 0.999999 -0.001159 0.00209864 0.00115627 0.999997 -0.0591742 -0.00211122 0.0229896
FixedParameters: 0 0 0

#Transform 16
Transform: AffineTransform_float_3_3
Parameters: 0.999998 -0.000903621 -0.00207871 0.00090228 0.999999 -0.000645343 0.00208029 0.000643937 0.999998 -0.0579873 -0.0139081 0.0536494
FixedParameters: 0 0 0

#Transform 17
Transform: AffineTransform_float_3_3
Parameters: 0.999998 -0.000918992 -0.00207065 0.00091809 0.999999 -0.000415814 0.00207099 0.00041385 0.999998 -0.0469533 0.0117547 0.0251851
FixedParameters: 0 0 0

#Transform 18
Transform: AffineTransform_float_3_3
Parameters: 0.999997 -0.000966887 -0.00214604 0.000965545 1 -0.000313445 0.00214664 0.000311754 0.999998 -0.0480974 0.0130063 0.0384281
FixedParameters: 0 0 0

#Transform 19
Transform: AffineTransform_float_3_3
Parameters: 0.999997 -0.000972558 -0.00232912 0.00097171 0.999999 -0.000358451 0.00232939 0.000355763 0.999997 -0.0543859 -0.00187719 0.0245365
FixedParameters: 0 0 0

#Transform 20
Transform: AffineTransform_float_3_3
Parameters: 0.999998 -0.000944224 -0.00205746 0.000944074 1 -3.71449e-05 0.00205753 3.57166e-05 0.999998 -0.0544299 -0.0029867 0.0242106
FixedParameters: 0 0 0

#Transform 21
Transform: AffineTransform_float_3_3
Parameters: 0.999998 -0.000904153 -0.00207843 0.000902846 0.999999 -0.000637368 0.00207999 0.00063596 0.999998 -0.0558864 -0.00713323 0.0131851
FixedParameters: 0 0 0

#Transform 22
Transform: AffineTransform_float_3_3
Parameters: 0.999997 -0.00110441 -0.00188162 0.00110297 0.999999 -0.000401211 0.00188246 0.000399266 0.999997 -0.058328 0.0134631 -0.0455645
FixedParameters: 0 0 0

#Transform 23
Transform: AffineTransform_float_3_3
Parameters: 0.999994 -0.00136004 -0.00338661 0.00135963 0.999999 -5.20552e-05 0.00338678 4.80049e-05 0.999994 -0.0919642 0.0100257 -0.0231121
FixedParameters: 0 0 0

#Transform 24
Transform: AffineTransform_float_3_3
Parameters: 0.999987 -0.00151531 -0.00481938 0.00151734 0.999999 0.00042684 0.004819 -0.000433823 0.999988 -0.120673 0.0159325 0.0565085
FixedParameters: 0 0 0

#Transform 25
Transform: AffineTransform_float_3_3
Parameters: 0.999988 -0.00141368 -0.00470462 0.00141355 0.999999 1.21656e-05 0.00470472 -1.79283e-05 0.999989 -0.115271 0.0068696 0.0489245
FixedParameters: 0 0 0

#Transform 26
Transform: AffineTransform_float_3_3
Parameters: 0.999983 -0.00168432 -0.00568724 0.00168695 0.999999 0.000430229 0.00568681 -0.00044021 0.999984 -0.162919 0.0497749 0.010347
FixedParameters: 0 0 0

#Transform 27
Transform: AffineTransform_float_3_3
Parameters: 0.999999 0.000477232 -0.00046764 -0.000476621 0.999997 0.00200397 0.000469445 -0.00200399 0.999998 -0.136812 0.0494309 -0.376041
FixedParameters: 0 0 0

#Transform 28
Transform: AffineTransform_float_3_3
Parameters: 0.999921 0.00537259 0.0113125 -0.00540035 0.999982 0.00245273 -0.0112999 -0.002513 0.999933 0.0190576 0.0884757 -0.794022
FixedParameters: 0 0 0

#Transform 29
Transform: AffineTransform_float_3_3
Parameters: 0.999957 0.0039468 0.00830949 -0.00394453 0.999992 -0.000303505 -0.00831156 0.000270181 0.999966 0.105661 -0.0126705 -0.142036
FixedParameters: 0 0 0

#Transform 30
Transform: AffineTransform_float_3_3
Parameters: 0.999971 0.00244962 0.007228 -0.00244497 0.999997 -0.000557065 -0.00722898 0.000539598 0.999974 0.188705 0.00685356 -0.0942305
FixedParameters: 0 0 0

#Transform 31
Transform: AffineTransform_float_3_3
Parameters: 0.999875 0.00519953 0.0149688 -0.00519326 0.999986 -0.000473911 -0.0149714 0.000395678 0.999888 0.37601 0.0131815 -0.0780203
FixedParameters: 0 0 0

#Transform 32
Transform: AffineTransform_float_3_3
Parameters: 0.999882 0.00465889 0.0146784 -0.00465434 0.999989 -0.000370722 -0.0146805 0.000301616 0.999892 0.384065 -0.00186132 -0.0921501
FixedParameters: 0 0 0

#Transform 33
Transform: AffineTransform_float_3_3
Parameters: 0.999911 0.00322047 0.0129354 -0.00320123 0.999994 -0.00153794 -0.0129399 0.00149654 0.999915 0.375171 -0.024613 -0.0944221
FixedParameters: 0 0 0

#Transform 34
Transform: AffineTransform_float_3_3
Parameters: 0.999914 0.0029027 0.0127855 -0.00289017 0.999995 -0.000984631 -0.0127879 0.000947924 0.999918 0.373241 0.00433268 -0.0914835
FixedParameters: 0 0 0

#Transform 35
Transform: AffineTransform_float_3_3
Parameters: 0.999916 0.00305617 0.012635 -0.00303794 0.999994 -0.0014635 -0.0126396 0.00142457 0.999919 0.377936 -0.0212601 -0.0657435
FixedParameters: 0 0 0

#Transform 36
Transform: AffineTransform_float_3_3
Parameters: 0.999919 0.00293871 0.012432 -0.00292246 0.999995 -0.00134931 -0.0124352 0.00131252 0.999922 0.384459 0.00212234 -0.0348849
FixedParameters: 0 0 0

#Transform 37
Transform: AffineTransform_float_3_3
Parameters: 0.999918 0.00294309 0.0124487 -0.00292698 0.999995 -0.0013066 -0.0124522 0.00126956 0.999921 0.392089 -0.00364268 -0.0694318
FixedParameters: 0 0 0

#Transform 38
Transform: AffineTransform_float_3_3
Parameters: 0.99992 0.00283232 0.0123056 -0.00282134 0.999995 -0.000949605 -0.0123077 0.000915015 0.999924 0.400385 -0.0128792 -0.0757444
FixedParameters: 0 0 0

#Transform 39
Transform: AffineTransform_float_3_3
Parameters: 0.999923 0.00261955 0.0121183 -0.00260957 0.999997 -0.000826931 -0.0121195 0.000795692 0.999926 0.384899 -0.00141355 -0.0471005
FixedParameters: 0 0 0

#Transform 40
Transform: AffineTransform_float_3_3
Parameters: 0.999924 0.0025337 0.0120259 -0.00254051 0.999997 0.000566138 -0.0120242 -0.000597669 0.999927 0.381146 0.0806413 -0.0832052
FixedParameters: 0 0 0

#Transform 41
Transform: AffineTransform_float_3_3
Parameters: 0.999927 0.0024341 0.0119028 -0.00244515 0.999997 0.000921647 -0.0119005 -0.000950719 0.999929 0.377451 0.0876072 -0.089914
FixedParameters: 0 0 0

#Transform 42
Transform: AffineTransform_float_3_3
Parameters: 0.999928 0.00236289 0.0117585 -0.00237368 0.999997 0.000885188 -0.011756 -0.000913472 0.999931 0.377631 0.0757492 -0.0368938
FixedParameters: 0 0 0

#Transform 43
Transform: AffineTransform_float_3_3
Parameters: 0.999935 0.00255758 0.011103 -0.00256799 0.999997 0.000952206 -0.0110999 -0.000980409 0.999938 0.363466 0.0830125 0.00815344
FixedParameters: 0 0 0

#Transform 44
Transform: AffineTransform_float_3_3
Parameters: 0.999933 0.00246463 0.0113127 -0.00246665 0.999998 0.000178557 -0.0113126 -0.000205994 0.999936 0.364154 0.0749055 -0.0632357
FixedParameters: 0 0 0

#Transform 45
Transform: AffineTransform_float_3_3
Parameters: 0.99993 0.00237783 0.0116474 -0.00238003 0.999997 0.000162462 -0.0116475 -0.00019017 0.999932 0.372814 0.0429231 -0.0553081
FixedParameters: 0 0 0

#Transform 46
Transform: AffineTransform_float_3_3
Parameters: 0.999928 0.00243712 0.011751 -0.00243891 0.999997 0.000108559 -0.0117507 -0.000136471 0.999931 0.387509 0.0605927 -0.0240943
FixedParameters: 0 0 0

#Transform 47
Transform: AffineTransform_float_3_3
Parameters: 0.999925 0.00235285 0.0120081 -0.00235301 0.999997 2.67351e-05 -0.0120083 -5.47508e-05 0.999928 0.406165 0.0255315 0.0123943
FixedParameters: 0 0 0

#Transform 48
Transform: AffineTransform_float_3_3
Parameters: 0.999912 0.00329034 0.012874 -0.00326751 0.999993 -0.00183777 -0.0128797 0.00179582 0.999915 0.398102 0.00742907 -0.134691
FixedParameters: 0 0 0

#Transform 49
Transform: AffineTransform_float_3_3
Parameters: 0.999951 0.00103016 0.00985067 -0.000987182 0.99999 -0.00433825 -0.00985499 0.00432908 0.999942 0.34393 -0.097753 -0.174972
FixedParameters: 0 0 0

#Transform 50
Transform: AffineTransform_float_3_3
Parameters: 0.999938 0.00202516 0.0109626 -0.00200129 0.999996 -0.0021194 -0.0109668 0.00209709 0.999938 0.378454 -0.0300108 -0.138175
FixedParameters: 0 0 0

#Transform 51
Transform: AffineTransform_float_3_3
Parameters: 0.99993 0.00249433 0.0115049 -0.00248911 0.999997 -0.000530934 -0.0115058 0.000502967 0.999934 0.379209 0.0272697 -0.114416
FixedParameters: 0 0 0

#Transform 52
Transform: AffineTransform_float_3_3
Parameters: 0.999943 0.00202295 0.0105295 -0.00200025 0.999996 -0.00217539 -0.0105335 0.00215473 0.999942 0.354615 -0.0333908 -0.13145
FixedParameters: 0 0 0

#Transform 53
Transform: AffineTransform_float_3_3
Parameters: 0.999932 0.00212434 0.0114569 -0.00211581 0.999998 -0.000710874 -0.0114592 0.000686741 0.999934 0.386245 0.0281344 -0.153137
FixedParameters: 0 0 0

#Transform 54
Transform: AffineTransform_float_3_3
Parameters: 0.999933 0.00242703 0.0112988 -0.00242141 0.999997 -0.000581294 -0.0113009 0.000553488 0.999936 0.358305 0.0259197 -0.148128
FixedParameters: 0 0 0

#Transform 55
Transform: AffineTransform_float_3_3
Parameters: 0.999927 0.00244769 0.0118466 -0.00244376 0.999996 -0.000402176 -0.0118478 0.000373679 0.99993 0.365898 0.0163464 -0.182731
FixedParameters: 0 0 0

#Transform 56
Transform: AffineTransform_float_3_3
Parameters: 0.99994 0.00192886 0.0107942 -0.00192137 0.999998 -0.000691532 -0.0107962 0.000670397 0.999942 0.362822 0.0181609 -0.225259
FixedParameters: 0 0 0

#Transform 57
Transform: AffineTransform_float_3_3
Parameters: 0.999963 0.000705995 0.00856039 -0.000705248 1 -7.28078e-05 -0.0085613 6.62639e-05 0.999963 0.301249 0.0242183 -0.243533
FixedParameters: 0 0 0

#Transform 58
Transform: AffineTransform_float_3_3
Parameters: 0.999958 0.00131072 0.00899221 -0.00131016 0.999999 -9.84426e-05 -0.00899257 8.75703e-05 0.999959 0.286826 0.0019451 -0.204003
FixedParameters: 0 0 0

#Transform 59
Transform: AffineTransform_float_3_3
Parameters: 0.999973 0.000662812 0.00735173 -0.000667764 1 0.000750263 -0.00735109 -0.000754451 0.999973 0.23853 0.0462971 -0.234895
FixedParameters: 0 0 0

#Transform 60
Transform: AffineTransform_float_3_3
Parameters: 0.999983 0.000758283 0.0056751 -0.000765294 0.999999 0.00129876 -0.00567398 -0.00130327 0.999982 0.173688 0.0811673 -0.260213
FixedParameters: 0 0 0

#Transform 61
Transform: AffineTransform_float_3_3
Parameters: 0.999984 0.000555613 0.00577918 -0.000565704 0.999998 0.00172294 -0.00577809 -0.00172658 0.999982 0.181308 0.0732413 -0.228228
FixedParameters: 0 0 0

#Transform 62
Transform: AffineTransform_float_3_3
Parameters: 0.999982 0.000664458 0.00592053 -0.000673064 0.999998 0.00148774 -0.00591878 -0.00149114 0.999981 0.168003 0.0552128 -0.223186
FixedParameters: 0 0 0

#Transform 63
Transform: AffineTransform_float_3_3
Parameters: 0.999982 0.000410048 0.00600889 -0.000417567 0.999999 0.00127855 -0.00600782 -0.00128174 0.999981 0.17622 0.0785813 -0.222384
FixedParameters: 0 0 0

#Transform 64
Transform: AffineTransform_float_3_3
Parameters: 0.999982 0.000388452 0.00603603 -0.000398277 0.999999 0.00166056 -0.00603465 -0.00166228 0.99998 0.177885 0.0696297 -0.241936
FixedParameters: 0 0 0

#Transform 65
Transform: AffineTransform_float_3_3
Parameters: 0.999986 0.00046934 0.00518509 -0.000478863 0.999998 0.00189326 -0.00518393 -0.00189584 0.999985 0.147844 0.084386 -0.2443
FixedParameters: 0 0 0

#Transform 66
Transform: AffineTransform_float_3_3
Parameters: 0.999977 0.00113364 0.00667893 -0.00114231 0.999998 0.00133826 -0.00667752 -0.00134597 0.999977 0.198205 0.0549665 -0.234695
FixedParameters: 0 0 0

#Transform 67
Transform: AffineTransform_float_3_3
Parameters: 0.999979 0.000624909 0.00643796 -0.000633755 0.999999 0.00135913 -0.00643665 -0.0013636 0.999978 0.202111 0.0452438 -0.202108
FixedParameters: 0 0 0

#Transform 68
Transform: AffineTransform_float_3_3
Parameters: 0.999978 0.00103429 0.00650764 -0.00104286 0.999999 0.0012351 -0.00650583 -0.0012421 0.999977 0.22581 0.0488408 -0.209188
FixedParameters: 0 0 0

#Transform 69
Transform: AffineTransform_float_3_3
Parameters: 0.999977 0.000993092 0.00669877 -0.00100238 0.999998 0.00138096 -0.00669766 -0.00138684 0.999977 0.207651 0.0541942 -0.29064
FixedParameters: 0 0 0

#Transform 70
Transform: AffineTransform_float_3_3
Parameters: 0.99998 0.00111588 0.00620821 -0.00112424 0.999999 0.00135971 -0.00620644 -0.00136682 0.999979 0.189466 0.0399623 -0.347745
FixedParameters: 0 0 0

#Transform 71
Transform: AffineTransform_float_3_3
Parameters: 0.999986 0.000867701 0.00524655 -0.000874738 0.999998 0.00137738 -0.00524579 -0.00138175 0.999985 0.152935 0.0680881 -0.379367
FixedParameters: 0 0 0

#Transform 72
Transform: AffineTransform_float_3_3
Parameters: 0.999984 0.000726 0.00550819 -0.000734049 0.999999 0.00135906 -0.00550647 -0.00136292 0.999984 0.17645 0.054272 -0.320323
FixedParameters: 0 0 0

#Transform 73
Transform: AffineTransform_float_3_3
Parameters: 0.999982 0.000925071 0.00592054 -0.000934401 0.999999 0.00151542 -0.00591887 -0.00152046 0.999982 0.185906 0.0540087 -0.301863
FixedParameters: 0 0 0

#Transform 74
Transform: AffineTransform_float_3_3
Parameters: 0.999983 0.000837973 0.00583524 -0.000850086 0.999998 0.00197306 -0.00583296 -0.00197791 0.999981 0.182945 0.0600119 -0.276217
FixedParameters: 0 0 0

#Transform 75
Transform: AffineTransform_float_3_3
Parameters: 0.999997 0.00102359 0.00229719 -0.00102107 0.999998 -0.00141794 -0.00229895 0.00141536 0.999996 0.039681 0.11112 -0.488185
FixedParameters: 0 0 0

#Transform 76
Transform: AffineTransform_float_3_3
Parameters: 0.999999 0.00133401 0.00119409 -0.00132898 0.99999 -0.00422971 -0.00120002 0.00422837 0.999991 0.0049081 0.0478861 -0.563165
FixedParameters: 0 0 0

#Transform 77
Transform: AffineTransform_float_3_3
Parameters: 0.999997 0.00149079 0.00228089 -0.00148251 0.999992 -0.00365844 -0.00228634 0.00365452 0.99999 0.0448343 0.0384429 -0.478185
FixedParameters: 0 0 0

#Transform 78
Transform: AffineTransform_float_3_3
Parameters: 0.999996 0.00114364 0.00260298 -0.00113582 0.999995 -0.00307669 -0.00260597 0.00307333 0.999992 0.0801608 0.0229518 -0.406859
FixedParameters: 0 0 0

#Transform 79
Transform: AffineTransform_float_3_3
Parameters: 0.999982 0.00169714 0.00570374 -0.00168668 0.999997 -0.00181196 -0.00570662 0.00180314 0.999982 0.259477 -0.022528 -0.168087
FixedParameters: 0 0 0

#Transform 80
Transform: AffineTransform_float_3_3
Parameters: 0.999998 0.000571876 0.00218968 -0.000570529 0.999999 -0.000831239 -0.00219055 0.000830774 0.999997 0.131946 0.0550366 -0.261433
FixedParameters: 0 0 0

#Transform 81
Transform: AffineTransform_float_3_3
Parameters: 0.999998 0.000476767 0.00163557 -0.000476975 1 6.31372e-05 -0.00163551 -6.38782e-05 0.999998 0.0947696 0.076088 -0.295858
FixedParameters: 0 0 0

#Transform 82
Transform: AffineTransform_float_3_3
Parameters: 0.999998 0.0006062 0.00156819 -0.000607054 1 0.00027191 -0.00156786 -0.000272994 0.999998 0.0846601 0.0756918 -0.293575
FixedParameters: 0 0 0

#Transform 83
Transform: AffineTransform_float_3_3
Parameters: 0.999998 0.000799206 0.0014961 -0.000799902 0.999999 0.000551711 -0.00149554 -0.000552515 0.999999 0.063869 0.105891 -0.313382
FixedParameters: 0 0 0

#Transform 84
Transform: AffineTransform_float_3_3
Parameters: 0.999998 0.000828511 0.00192366 -0.000829333 0.999999 0.000672395 -0.00192346 -0.000674035 0.999997 0.0647115 0.0988609 -0.354762
FixedParameters: 0 0 0

#Transform 85
Transform: AffineTransform_float_3_3
Parameters: 0.999999 0.000769331 0.0016265 -0.000770485 1 0.000354395 -0.00162596 -0.000355261 0.999999 0.0544612 0.0909229 -0.376576
FixedParameters: 0 0 0

#Transform 86
Transform: AffineTransform_float_3_3
Parameters: 0.999998 0.000466766 0.00187085 -0.000466226 1 -0.000163129 -0.00187096 0.000162449 0.999998 0.0792911 0.061592 -0.371642
FixedParameters: 0 0 0

#Transform 87
Transform: AffineTransform_float_3_3
Parameters: 0.999998 0.000721197 0.00219587 -0.000722291 0.999999 0.000434256 -0.00219566 -0.000435585 0.999998 0.0764623 0.070515 -0.328303
FixedParameters: 0 0 0

#Transform 88
Transform: AffineTransform_float_3_3
Parameters: 0.999998 0.000716805 0.00158512 -0.000717752 1 0.000600088 -0.00158458 -0.000600773 0.999999 0.0404741 0.0859464 -0.368571
FixedParameters: 0 0 0

#Transform 89
Transform: AffineTransform_float_3_3
Parameters: 0.999999 -1.73188e-05 -0.000857188 1.88524e-05 0.999999 0.00136849 0.000857735 -0.00136848 0.999998 -0.0873952 0.116093 -0.434565
FixedParameters: 0 0 0

#Transform 90
Transform: AffineTransform_float_3_3
Parameters: 0.998525 0.0054127 -0.0540323 -0.00466228 0.999891 0.0139903 0.0541018 -0.0137174 0.998441 -2.66411 0.737457 -0.664397
FixedParameters: 0 0 0

#Transform 91
Transform: AffineTransform_float_3_3
Parameters: 0.999974 0.00625555 -0.00361992 -0.00623207 0.999959 0.0065071 0.0036601 -0.00648405 0.999973 -0.235471 0.205773 -1.64637
FixedParameters: 0 0 0

#Transform 92
Transform: AffineTransform_float_3_3
Parameters: 0.999391 0.0116583 0.0328971 -0.0116924 0.999931 0.000852617 -0.0328847 -0.00123599 0.999458 1.26286 0.0863112 -0.761836
FixedParameters: 0 0 0

#Transform 93
Transform: AffineTransform_float_3_3
Parameters: 0.996533 0.0159465 0.0816507 -0.016482 0.999847 0.00589696 -0.0815441 -0.00722264 0.996644 3.17616 0.432236 -1.5368
FixedParameters: 0 0 0

#Transform 94
Transform: AffineTransform_float_3_3
Parameters: 0.995642 0.0187613 0.0913452 -0.0194374 0.99979 0.00652477 -0.0912043 -0.00827165 0.995798 3.53172 0.340719 -1.5119
FixedParameters: 0 0 0

#Transform 95
Transform: AffineTransform_float_3_3
Parameters: 0.995949 0.017869 0.0881271 -0.018583 0.999801 0.00728327 -0.0879793 -0.00889143 0.996083 3.46891 0.328613 -1.431
FixedParameters: 0 0 0

#Transform 96
Transform: AffineTransform_float_3_3
Parameters: 0.996241 0.0178599 0.0847664 -0.0185168 0.999804 0.00697072 -0.0846256 -0.0085146 0.996376 3.33432 0.282273 -1.35262
FixedParameters: 0 0 0

#Transform 97
Transform: AffineTransform_float_3_3
Parameters: 0.99635 0.018597 0.0833126 -0.0191458 0.9998 0.00579611 -0.0831886 -0.00736928 0.996507 3.26717 0.269708 -1.33831
FixedParameters: 0 0 0

#Transform 98
Transform: AffineTransform_float_3_3
Parameters: 0.99656 0.0179151 0.0809168 -0.0184362 0.999814 0.00570205 -0.0807993 -0.00717388 0.996705 3.19414 0.252371 -1.29496
FixedParameters: 0 0 0

#Transform 99
Transform: AffineTransform_float_3_3
Parameters: 0.998086 0.0150617 0.0599791 -0.0153103 0.999876 0.00367824 -0.0599163 -0.00458906 0.998193 2.37721 0.147414 -0.917984
FixedParameters: 0 0 0

#Transform 100
Transform: AffineTransform_float_3_3
Parameters: 0.998495 0.0149888 0.0527473 -0.0152459 0.999874 0.0044566 -0.0526742 -0.00525353 0.998598 2.09209 0.241468 -0.829973
FixedParameters: 0 0 0

#Transform 101
Transform: AffineTransform_float_3_3
Parameters: 0.998623 0.0136762 0.0506533 -0.0138479 0.999899 0.00303372 -0.0506066 -0.0037312 0.998712 2.03276 0.206082 -0.722755
FixedParameters: 0 0 0

#Transform 102
Transform: AffineTransform_float_3_3
Parameters: 0.998874 0.0129086 0.0456573 -0.013028 0.999912 0.0023258 -0.0456227 -0.00291806 0.998954 1.84495 0.158978 -0.595663
FixedParameters: 0 0 0

#Transform 103
Transform: AffineTransform_float_3_3
Parameters: 0.998821 0.012914 0.0468068 -0.0130128 0.999913 0.00180706 -0.046779 -0.00241369 0.998903 1.8856 0.156148 -0.68094
FixedParameters: 0 0 0

#Transform 104
Transform: AffineTransform_float_3_3
Parameters: 0.998823 0.0134329 0.0466145 -0.0135247 0.999907 0.00164712 -0.0465882 -0.00227618 0.998911 1.87609 0.138566 -0.680462
FixedParameters: 0 0 0

#Transform 105
Transform: AffineTransform_float_3_3
Parameters: 0.998815 0.0134479 0.0467859 -0.0135536 0.999906 0.00194986 -0.0467558 -0.0025822 0.998904 1.88576 0.140964 -0.68911
FixedParameters: 0 0 0

#Transform 106
Transform: AffineTransform_float_3_3
Parameters: 0.998796 0.0135336 0.0471479 -0.0136606 0.999904 0.00238197 -0.0471108 -0.00302333 0.998885 1.9058 0.14284 -0.700883
FixedParameters: 0 0 0

#Transform 107
Transform: AffineTransform_float_3_3
Parameters: 0.998782 0.0136202 0.0474183 -0.0137175 0.999905 0.00173248 -0.0473902 -0.00238116 0.998874 1.93678 0.140253 -0.700247
FixedParameters: 0 0 0

#Transform 108
Transform: AffineTransform_float_3_3
Parameters: 0.998788 0.0136904 0.0472857 -0.0137907 0.999903 0.001798 -0.0472556 -0.0024484 0.99888 1.93419 0.153675 -0.689864
FixedParameters: 0 0 0

#Transform 109
Transform: AffineTransform_float_3_3
Parameters: 0.998777 0.0133423 0.0476129 -0.0134536 0.999908 0.00201344 -0.0475812 -0.00265186 0.998864 1.94967 0.15769 -0.696309
FixedParameters: 0 0 0

#Transform 110
Transform: AffineTransform_float_3_3
Parameters: 0.998737 0.013302 0.0484485 -0.0134251 0.999907 0.00220981 -0.0484148 -0.00285734 0.998823 1.97692 0.152779 -0.709135
FixedParameters: 0 0 0

#Transform 111
Transform: AffineTransform_float_3_3
Parameters: 0.998691 0.0133521 0.0493746 -0.0134963 0.999905 0.00259264 -0.0493353 -0.00325525 0.998777 2.03261 0.178256 -0.799411
FixedParameters: 0 0 0

#Transform 112
Transform: AffineTransform_float_3_3
Parameters: 0.99864 0.0129281 0.0505076 -0.0131126 0.999909 0.00332106 -0.05046 -0.00397909 0.998718 2.0905 0.202067 -0.832914
FixedParameters: 0 0 0

#Transform 113
Transform: AffineTransform_float_3_3
Parameters: 0.998548 0.0115603 0.0526115 -0.0117673 0.999924 0.00363258 -0.0525657 -0.00424675 0.998608 2.2113 0.240749 -0.901107
FixedParameters: 0 0 0

#Transform 114
Transform: AffineTransform_float_3_3
Parameters: 0.998589 0.0109291 0.0519642 -0.0111125 0.999933 0.00323903 -0.0519252 -0.0038115 0.998644 2.21589 0.216387 -0.849645
FixedParameters: 0 0 0

#Transform 115
Transform: AffineTransform_float_3_3
Parameters: 0.998647 0.011417 0.0507435 -0.0115773 0.999929 0.0028578 -0.0507069 -0.00344098 0.998708 2.15251 0.200424 -0.826076
FixedParameters: 0 0 0

#Transform 116
Transform: AffineTransform_float_3_3
Parameters: 0.998608 0.0121 0.0513277 -0.0123072 0.999917 0.00371191 -0.051279 -0.00433881 0.998675 2.16194 0.227179 -0.806795
FixedParameters: 0 0 0

#Transform 117
Transform: AffineTransform_float_3_3
Parameters: 0.99868 0.0120083 0.0499424 -0.0121462 0.999923 0.00245987 -0.0499088 -0.00306337 0.998749 2.09427 0.18911 -0.866806
FixedParameters: 0 0 0

#Transform 118
Transform: AffineTransform_float_3_3
Parameters: 0.998651 0.0118907 0.0505331 -0.0120667 0.999923 0.00318548 -0.0504916 -0.00379068 0.998717 2.10254 0.215396 -0.919064
FixedParameters: 0 0 0

#Transform 119
Transform: AffineTransform_float_3_3
Parameters: 0.998705 0.0119025 0.0494715 -0.0121109 0.999919 0.00391489 -0.0494206 -0.00450861 0.998768 2.06358 0.231974 -0.907969
FixedParameters: 0 0 0
