#Insight Transform File V1.0
#Transform 0
Transform: AffineTransform_float_3_3
Parameters: 1 -1.9473e-05 0.000495611 1.90201e-05 1 0.000456882 -0.000495628 -0.000456863 1 -0.00425296 0.00101623 0.0964793
FixedParameters: 0 0 0

#Transform 1
Transform: AffineTransform_float_3_3
Parameters: 1 -0.000230348 0.000141358 0.000230272 1 0.000271435 -0.000141483 -0.00027137 1 7.34371e-05 -0.00108817 0.089507
FixedParameters: 0 0 0

#Transform 2
Transform: AffineTransform_float_3_3
Parameters: 1 9.01046e-06 0.000477106 -8.61054e-06 1 0.00045833 -0.000477643 -0.000458356 1 -0.00579314 -0.0146141 0.0552946
FixedParameters: 0 0 0

#Transform 3
Transform: AffineTransform_float_3_3
Parameters: 1 -0.000178186 0.000388841 0.000177833 1 0.00045365 -0.000389002 -0.000453511 1 -0.00513661 -0.0220448 0.0606687
FixedParameters: 0 0 0

#Transform 4
Transform: AffineTransform_float_3_3
Parameters: 1 -6.8086e-05 0.000527248 6.85857e-05 1 0.000320198 -0.000527837 -0.000320144 1 -0.0132714 -0.0198893 0.0612202
FixedParameters: 0 0 0

#Transform 5
Transform: AffineTransform_float_3_3
Parameters: 1 -7.17515e-05 0.000529637 7.13911e-05 0.999999 0.000305322 -0.000529656 -0.000305652 1 -0.013758 -0.0216927 0.0469199
FixedParameters: 0 0 0

#Transform 6
Transform: AffineTransform_float_3_3
Parameters: 1 -3.18755e-05 0.000503823 3.18505e-05 1 2.48116e-05 -0.000503825 -2.47795e-05 1 -0.0106648 0.0123247 0.0445624
FixedParameters: 0 0 0

#Transform 7
Transform: AffineTransform_float_3_3
Parameters: 1 0.00020337 0.000350841 -0.000203698 1 0.000468476 -0.00035065 -0.000468619 1 -0.00281265 -0.00142276 0.0465725
FixedParameters: 0 0 0

#Transform 8
Transform: AffineTransform_float_3_3
Parameters: 1 -7.63325e-06 0.000488015 7.47494e-06 1 0.000162204 -0.000488017 -0.000162197 1 -0.00601663 0.00671465 0.0459759
FixedParameters: 0 0 0

#Transform 9
Transform: AffineTransform_float_3_3
Parameters: 1 0.000116923 0.000184006 -0.000116942 1 5.19284e-05 -0.000183994 -5.19714e-05 1 -0.00358013 0.00186986 0.0514169
FixedParameters: 0 0 0

#Transform 10
Transform: AffineTransform_float_3_3
Parameters: 1 8.47995e-05 0.000427928 -8.49356e-05 1 0.000159 -0.000427901 -0.000159073 1 0.000235662 0.00283142 -0.00405349
FixedParameters: 0 0 0

#Transform 11
Transform: AffineTransform_float_3_3
Parameters: 1 -0.000197438 -2.07042e-05 0.000197436 1 -4.38157e-05 2.07215e-05 4.38075e-05 1 -0.00655105 -0.0233536 -0.0116292
FixedParameters: 0 0 0

#Transform 12
Transform: AffineTransform_float_3_3
Parameters: 1 3.99625e-06 2.4834e-05 -4.00776e-06 1 0.000231776 -2.48321e-05 -0.000231776 1 -0.00187001 -0.0298444 -0.0231615
FixedParameters: 0 0 0

#Transform 13
Transform: AffineTransform_float_3_3
Parameters: 1 -2.0042e-05 -3.46808e-05 2.00387e-05 1 -4.79544e-05 3.46827e-05 4.7953e-05 1 -0.00868443 -0.0181134 -0.0417151
FixedParameters: 0 0 0

#Transform 14
Transform: AffineTransform_float_3_3
Parameters: 1 -5.5829e-06 -0.00014427 4.78568e-06 1 0.00013941 0.000144814 -0.000139394 1 -0.0141587 -0.0248394 -0.0168628
FixedParameters: 0 0 0

#Transform 15
Transform: AffineTransform_float_3_3
Parameters: 1 1.29875e-05 4.16501e-05 -1.30099e-05 1 0.00026874 -4.16431e-05 -0.000268741 1 -0.0132944 -0.0110336 -0.0595489
FixedParameters: 0 0 0

#Transform 16
Transform: AffineTransform_float_3_3
Parameters: 1 -1.72483e-05 -3.64982e-05 1.72393e-05 1 -0.000123881 3.65025e-05 0.00012388 1 0.00532576 -0.00705506 -0.0465205
FixedParameters: 0 0 0

#Transform 17
Transform: AffineTransform_float_3_3
Parameters: 1 -1.51533e-05 -3.78615e-05 1.51396e-05 1 -0.000180826 3.7867e-05 0.000180825 1 -0.00062091 -0.0163824 -0.0167613
FixedParameters: 0 0 0

#Transform 18
Transform: AffineTransform_float_3_3
Parameters: 1 4.95022e-05 4.65297e-05 -4.94681e-05 1 -0.000366649 -4.6566e-05 0.000366644 1 -0.00980836 0.0140787 0.00752909
FixedParameters: 0 0 0

#Transform 19
Transform: AffineTransform_float_3_3
Parameters: 1 0.000103904 3.85678e-05 -0.000103878 1 -0.000341434 -3.86387e-05 0.000341426 1 -0.0104048 0.028707 0.0156945
FixedParameters: 0 0 0

#Transform 20
Transform: AffineTransform_float_3_3
Parameters: 1 -0.000194759 -0.00030516 0.000194715 1 -7.0991e-05 0.000305188 7.08721e-05 1 0.00184117 0.00899677 0.0110056
FixedParameters: 0 0 0

#Transform 21
Transform: AffineTransform_float_3_3
Parameters: 1 -0.00022286 -0.000345336 0.000222837 1 -3.30451e-05 0.00034535 3.28912e-05 1 0.00570951 0.00319599 0.0299539
FixedParameters: 0 0 0

#Transform 22
Transform: AffineTransform_float_3_3
Parameters: 1 -3.53386e-05 -2.47404e-05 3.53568e-05 1 0.000367644 2.47144e-05 -0.000367646 1 0.00379197 0.0178361 0.0809071
FixedParameters: 0 0 0

#Transform 23
Transform: AffineTransform_float_3_3
Parameters: 1 -7.25029e-05 -9.59952e-05 7.254e-05 1 0.000192807 9.59673e-05 -0.000192821 1 -0.0157667 0.0121304 0.0703975
FixedParameters: 0 0 0

#Transform 24
Transform: AffineTransform_float_3_3
Parameters: 1 0.000341522 -0.00017547 -0.00034199 1 0.000214052 0.000174782 -0.000213892 1 -0.0238497 0.00800487 0.0240933
FixedParameters: 0 0 0

#Transform 25
Transform: AffineTransform_float_3_3
Parameters: 1 0.000320991 -0.000256415 -0.00032095 1 8.01063e-05 0.000256467 -7.99417e-05 1 -0.0201499 -0.0162185 0.00187496
FixedParameters: 0 0 0

#Transform 26
Transform: AffineTransform_float_3_3
Parameters: 1 0.000330047 -0.000262404 -0.000330111 1 -0.000121607 0.000262324 0.00012178 1 -0.0272094 -0.00500692 -0.023404
FixedParameters: 0 0 0

#Transform 27
Transform: AffineTransform_float_3_3
Parameters: 1 0.000438686 -0.000332897 -0.000438591 1 0.000143392 0.000333023 -0.0001431 1 -0.035426 -0.00381472 -0.0276866
FixedParameters: 0 0 0

#Transform 28
Transform: AffineTransform_float_3_3
Parameters: 1 0.000309695 -0.000249044 -0.000309627 1 0.000136563 0.000249128 -0.000136409 1 -0.0399394 -0.00187671 -0.0167711
FixedParameters: 0 0 0

#Transform 29
Transform: AffineTransform_float_3_3
Parameters: 1 0.000425919 -0.000372472 -0.000425997 1 -0.000104357 0.000372383 0.000104674 1 -0.0454548 0.0158103 0.0197306
FixedParameters: 0 0 0

#Transform 30
Transform: AffineTransform_float_3_3
Parameters: 1 0.000297297 -0.000180096 -0.000297742 1 0.000271584 0.000179422 -0.000271437 1 -0.0528867 0.000499403 -0.0255168
FixedParameters: 0 0 0

#Transform 31
Transform: AffineTransform_float_3_3
Parameters: 1 0.000508117 -0.000250615 -0.000508198 1 -0.000160334 0.000250452 0.000160589 1 -0.0382002 0.000920829 -0.0480264
FixedParameters: 0 0 0

#Transform 32
Transform: AffineTransform_float_3_3
Parameters: 1 0.00045054 -0.000319171 -0.000450484 1 8.74435e-05 0.00031925 -8.71558e-05 1 -0.0366556 0.00525843 -0.0351671
FixedParameters: 0 0 0

#Transform 33
Transform: AffineTransform_float_3_3
Parameters: 1 0.000343552 -0.00014345 -0.000343525 1 9.42144e-05 0.000143514 -9.41158e-05 1 -0.0573858 0.00913133 -0.0157404
FixedParameters: 0 0 0

#Transform 34
Transform: AffineTransform_float_3_3
Parameters: 1 0.000466192 -0.000289944 -0.000466104 1 0.000151373 0.000290085 -0.000151103 1 -0.0520983 -0.00199787 -0.0307988
FixedParameters: 0 0 0

#Transform 35
Transform: AffineTransform_float_3_3
Parameters: 1 0.000416956 -0.000191242 -0.000416968 1 -3.10316e-05 0.000191216 3.11911e-05 1 -0.053212 0.014202 -0.0257578
FixedParameters: 0 0 0

#Transform 36
Transform: AffineTransform_float_3_3
Parameters: 1 0.000345584 -0.000303545 -0.000345678 1 -0.000154063 0.000303438 0.000154273 1 -0.0451955 0.00584305 -0.0314162
FixedParameters: 0 0 0

#Transform 37
Transform: AffineTransform_float_3_3
Parameters: 1 0.000288455 -0.00022223 -0.000287675 1 -0.000128158 0.000221612 0.000128269 1 -0.0554481 -0.00375653 -0.0202463
FixedParameters: 0 0 0

#Transform 38
Transform: AffineTransform_float_3_3
Parameters: 1 0.000510237 -0.000252033 -0.000510347 1 -0.000218277 0.00025181 0.000218534 1 -0.0582304 0.0154959 -0.0339049
FixedParameters: 0 0 0

#Transform 39
Transform: AffineTransform_float_3_3
Parameters: 1 0.000497255 -0.000271018 -0.000497367 1 -0.000206282 0.000270813 0.000206552 1 -0.0626043 0.00436037 -0.0237852
FixedParameters: 0 0 0

#Transform 40
Transform: AffineTransform_float_3_3
Parameters: 1 0.000540347 -0.000208415 -0.000540452 1 -0.000251261 0.000208144 0.000251486 1 -0.0698287 0.0103424 -0.0484616
FixedParameters: 0 0 0

#Transform 41
Transform: AffineTransform_float_3_3
Parameters: 1 0.000510648 -0.000227046 -0.000511153 1 8.34396e-05 0.000226296 -8.31679e-05 1 -0.0618176 -0.0013425 -0.0465996
FixedParameters: 0 0 0

#Transform 42
Transform: AffineTransform_float_3_3
Parameters: 1 0.000553741 -0.000150015 -0.000553676 1 0.000216258 0.000150254 -0.000216092 1 -0.0674224 0.00466576 -0.0405081
FixedParameters: 0 0 0

#Transform 43
Transform: AffineTransform_float_3_3
Parameters: 1 0.000459615 -1.74008e-05 -0.000459617 1 -5.47167e-05 1.73505e-05 5.47327e-05 1 -0.0681248 0.0134396 -0.042414
FixedParameters: 0 0 0

#Transform 44
Transform: AffineTransform_float_3_3
Parameters: 1 0.000556782 -0.000152046 -0.000556742 1 0.00013334 0.000152195 -0.000133171 1 -0.0675389 0.000403566 -0.0259339
FixedParameters: 0 0 0

#Transform 45
Transform: AffineTransform_float_3_3
Parameters: 1 0.000306928 -0.000134178 -0.000307057 1 -0.000480919 0.000133882 0.000481001 1 -0.0679882 0.0146948 -0.00906929
FixedParameters: 0 0 0

#Transform 46
Transform: AffineTransform_float_3_3
Parameters: 1 0.000339659 -1.09262e-05 -0.000339658 1 3.57982e-05 1.09505e-05 -3.57908e-05 1 -0.0710473 0.00289184 -0.0481804
FixedParameters: 0 0 0

#Transform 47
Transform: AffineTransform_float_3_3
Parameters: 1 0.000332667 -8.27219e-05 -0.000332662 1 3.02772e-05 8.2742e-05 -3.02222e-05 1 -0.0707293 -0.00521808 -0.0605453
FixedParameters: 0 0 0

#Transform 48
Transform: AffineTransform_float_3_3
Parameters: 1 0.00056019 -0.000154323 -0.000560178 1 4.04314e-05 0.000154368 -4.02585e-05 1 -0.0783631 0.0145571 -0.0516767
FixedParameters: 0 0 0

#Transform 49
Transform: AffineTransform_float_3_3
Parameters: 1 0.000523036 -0.000232925 -0.000523104 1 -0.000224575 0.000232665 0.000225223 0.999999 -0.0806835 0.0200117 -0.144934
FixedParameters: 0 0 0

#Transform 50
Transform: AffineTransform_float_3_3
Parameters: 0.999999 0.00126191 0.000150391 -0.00126194 0.999999 6.84161e-05 -0.000150316 -6.83886e-05 1 -0.108857 0.0204054 -0.291051
FixedParameters: 0 0 0

#Transform 51
Transform: AffineTransform_float_3_3
Parameters: 1 0.00101141 0.000602729 -0.00101144 0.999999 -0.000640274 -0.000603504 0.000640391 0.999999 -0.0783631 0.100564 -0.339213
FixedParameters: 0 0 0

#Transform 52
Transform: AffineTransform_float_3_3
Parameters: 0.999999 0.00121871 0.000954534 -0.00121751 0.999999 -0.000767778 -0.000955047 0.000766749 0.999999 -0.0598876 0.0654456 -0.136166
FixedParameters: 0 0 0

#Transform 53
Transform: AffineTransform_float_3_3
Parameters: 0.999999 0.000889306 0.0010999 -0.000888552 0.999999 -0.000723827 -0.00110064 0.000722803 0.999999 -0.0693865 0.0312504 -0.203928
FixedParameters: 0 0 0

#Transform 54
Transform: AffineTransform_float_3_3
Parameters: 0.999998 0.000828499 0.00138552 -0.000826155 0.999998 -0.00161049 -0.00138778 0.00161009 0.999998 -0.0567088 0.0894261 -0.31217
FixedParameters: 0 0 0

#Transform 55
Transform: AffineTransform_float_3_3
Parameters: 0.999999 0.000775132 0.0013474 -0.000772994 1 -0.0010864 -0.00134846 0.00108524 0.999999 -0.0547008 0.048088 -0.251799
FixedParameters: 0 0 0

#Transform 56
Transform: AffineTransform_float_3_3
Parameters: 0.999999 0.000757149 0.00135901 -0.000756314 0.999999 -0.000615834 -0.00135939 0.000614709 0.999998 -0.0565781 0.0295269 -0.28907
FixedParameters: 0 0 0

#Transform 57
Transform: AffineTransform_float_3_3
Parameters: 1 0.000508803 0.000992056 -0.000507965 0.999999 -0.000441212 -0.000992481 0.000440712 1 -0.0524815 0.0459207 -0.321141
FixedParameters: 0 0 0

#Transform 58
Transform: AffineTransform_float_3_3
Parameters: 0.999999 0.000730516 0.00137623 -0.000730742 1 8.1485e-05 -0.00137611 -8.25819e-05 0.999999 -0.0564466 0.0370954 -0.290519
FixedParameters: 0 0 0

#Transform 59
Transform: AffineTransform_float_3_3
Parameters: 0.999999 0.000746888 0.00136565 -0.000745941 1 -0.000347115 -0.00136617 0.00034599 0.999999 -0.0457814 0.0635621 -0.261479
FixedParameters: 0 0 0

#Transform 60
Transform: AffineTransform_float_3_3
Parameters: 0.999999 0.000746888 0.00136565 -0.000745941 1 -0.000347115 -0.00136617 0.00034599 0.999999 -0.0358523 0.0565281 -0.189817
FixedParameters: 0 0 0

#Transform 61
Transform: AffineTransform_float_3_3
Parameters: 0.999998 0.00064939 0.00219962 -0.000649549 1 -0.000107047 -0.00220064 0.000105654 0.999997 -0.0360816 0.073364 -0.123968
FixedParameters: 0 0 0

#Transform 62
Transform: AffineTransform_float_3_3
Parameters: 0.999998 0.00039718 0.00183767 -0.00039667 1 -0.00014903 -0.00183776 0.000148994 0.999998 -0.0252692 0.0614341 -0.176493
FixedParameters: 0 0 0

#Transform 63
Transform: AffineTransform_float_3_3
Parameters: 0.999999 0.0004319 0.0018153 -0.000430341 1 -0.000439572 -0.00181566 0.00043943 0.999998 -0.0282577 0.0873608 -0.157065
FixedParameters: 0 0 0

#Transform 64
Transform: AffineTransform_float_3_3
Parameters: 0.999999 0.000723698 0.0016251 -0.000724835 1 0.000349844 -0.00162459 -0.00035037 0.999999 -0.0364229 0.0337023 -0.133478
FixedParameters: 0 0 0

#Transform 65
Transform: AffineTransform_float_3_3
Parameters: 0.999998 0.000256856 0.00202633 -0.00025749 1 0.000272218 -0.0020253 -0.000272282 0.999998 -0.00662627 0.0747788 -0.16136
FixedParameters: 0 0 0

#Transform 66
Transform: AffineTransform_float_3_3
Parameters: 0.999998 0.000211514 0.00195798 -0.00021272 1 0.000289327 -0.00195781 -0.00028914 0.999998 0.0101956 0.0809676 -0.0939044
FixedParameters: 0 0 0

#Transform 67
Transform: AffineTransform_float_3_3
Parameters: 0.999998 -0.000184688 0.00228093 0.000185729 1 -0.000373268 -0.00228165 0.000374259 0.999997 0.0115773 0.0569603 -0.0419538
FixedParameters: 0 0 0

#Transform 68
Transform: AffineTransform_float_3_3
Parameters: 0.999996 -4.59621e-05 0.00274829 4.78456e-05 1 -0.000622584 -0.00274853 0.0006226 0.999996 0.00989496 0.0670312 -0.0575512
FixedParameters: 0 0 0

#Transform 69
Transform: AffineTransform_float_3_3
Parameters: 0.999998 0.000490447 0.00228558 -0.000492759 0.999999 0.000672881 -0.00228541 -0.000673215 0.999997 -0.0128279 0.061524 -8.90638e-07
FixedParameters: 0 0 0

#Transform 70
Transform: AffineTransform_float_3_3
Parameters: 0.999998 0.000267177 0.00194179 -0.000269888 0.999998 0.00183365 -0.00194119 -0.00183474 0.999996 0.00350266 0.0540971 0.0632802
FixedParameters: 0 0 0

#Transform 71
Transform: AffineTransform_float_3_3
Parameters: 0.999997 0.000171568 0.00235733 -0.000169837 0.999999 -0.000693824 -0.00235786 0.000692777 0.999997 0.0117206 0.0509179 -0.0240107
FixedParameters: 0 0 0

#Transform 72
Transform: AffineTransform_float_3_3
Parameters: 0.999998 0.000138795 0.00229532 -0.000135936 1 -0.00083192 -0.00229503 0.000831413 0.999997 -0.00327067 0.056659 -0.00154879
FixedParameters: 0 0 0

#Transform 73
Transform: AffineTransform_float_3_3
Parameters: 0.999995 0.000135586 0.00291509 -0.000132551 0.999999 -0.00116317 -0.00291534 0.00116273 0.999995 0.00256547 0.0689504 -0.00693351
FixedParameters: 0 0 0

#Transform 74
Transform: AffineTransform_float_3_3
Parameters: 0.999995 0.00163366 0.00277511 -0.00163265 0.999999 -0.000486013 -0.0027756 0.000481553 0.999996 -0.0714417 0.0410782 -0.01806
FixedParameters: 0 0 0

#Transform 75
Transform: AffineTransform_float_3_3
Parameters: 0.999993 0.000596914 0.00363232 -0.000588543 0.999997 -0.00232376 -0.003633 0.00232094 0.999991 -0.0619539 0.0764667 0.0516221
FixedParameters: 0 0 0

#Transform 76
Transform: AffineTransform_float_3_3
Parameters: 0.999993 0.00137498 0.00352686 -0.00136869 0.999997 -0.00157314 -0.00352914 0.00156877 0.999992 -0.0534958 0.0987533 0.0289824
FixedParameters: 0 0 0

#Transform 77
Transform: AffineTransform_float_3_3
Parameters: 0.999995 0.000846704 0.00301624 -0.000842762 0.999999 -0.0012691 -0.00301834 0.00126658 0.999994 -0.0435035 0.0587634 0.0619705
FixedParameters: 0 0 0

#Transform 78
Transform: AffineTransform_float_3_3
Parameters: 0.999995 0.000371151 0.00335301 -0.000366633 0.999999 -0.00148793 -0.00335294 0.00148726 0.999994 -0.00960199 0.0594225 0.0309715
FixedParameters: 0 0 0

#Transform 79
Transform: AffineTransform_float_3_3
Parameters: 0.999995 0.000387416 0.00288765 -0.000382875 0.999999 -0.00156522 -0.0028882 0.00156467 0.999995 -0.0160801 0.0606267 0.0418073
FixedParameters: 0 0 0

#Transform 80
Transform: AffineTransform_float_3_3
Parameters: 0.999996 0.000221692 0.00281542 -0.000219324 0.999999 -0.000849553 -0.00281551 0.000848596 0.999996 -0.00668501 0.0507005 0.0696833
FixedParameters: 0 0 0

#Transform 81
Transform: AffineTransform_float_3_3
Parameters: 0.999995 0.000317704 0.00315874 -0.000314498 0.999999 -0.00089592 -0.003159 0.000894716 0.999995 -0.0249063 0.0639808 0.047655
FixedParameters: 0 0 0

#Transform 82
Transform: AffineTransform_float_3_3
Parameters: 0.999996 0.00022908 0.00281096 -0.000226974 0.999999 -0.00103419 -0.00281139 0.00103456 0.999996 -0.001742 0.0736026 0.0130177
FixedParameters: 0 0 0

#Transform 83
Transform: AffineTransform_float_3_3
Parameters: 0.999996 0.000242375 0.00280282 -0.000238403 0.999999 -0.00137035 -0.00280344 0.00136975 0.999995 0.0102568 0.0748693 0.0298821
FixedParameters: 0 0 0

#Transform 84
Transform: AffineTransform_float_3_3
Parameters: 0.999996 0.000226112 0.00281277 -0.000223619 0.999999 -0.000959982 -0.00281369 0.000959954 0.999996 0.0179181 0.0629291 0.013934
FixedParameters: 0 0 0

#Transform 85
Transform: AffineTransform_float_3_3
Parameters: 0.999997 0.000250734 0.00266672 -0.000246359 0.999999 -0.00183066 -0.00266651 0.0018292 0.999995 -0.00163009 0.0822817 0.0502199
FixedParameters: 0 0 0

#Transform 86
Transform: AffineTransform_float_3_3
Parameters: 0.999996 0.000247253 0.00275416 -0.000241942 0.999998 -0.00203163 -0.00275479 0.00203111 0.999994 0.00390964 0.0724404 0.0990286
FixedParameters: 0 0 0

#Transform 87
Transform: AffineTransform_float_3_3
Parameters: 0.999995 0.00114613 0.00273424 -0.00115151 0.999997 0.00201172 -0.00273188 -0.0020149 0.999994 -0.038643 0.0475255 0.177738
FixedParameters: 0 0 0

#Transform 88
Transform: AffineTransform_float_3_3
Parameters: 0.999996 0.000729293 0.00300601 -0.000733098 0.999998 0.00135174 -0.00300447 -0.00135385 0.999994 -0.0233422 0.059114 0.123911
FixedParameters: 0 0 0

#Transform 89
Transform: AffineTransform_float_3_3
Parameters: 0.999997 0.000559711 0.00263707 -0.000559499 1 9.50591e-05 -0.00263753 -9.60951e-05 0.999996 -0.015442 0.0655402 0.0522701
FixedParameters: 0 0 0

#Transform 90
Transform: AffineTransform_float_3_3
Parameters: 0.999996 0.000660918 0.00280376 -0.000661412 1 0.000223556 -0.00280396 -0.000225349 0.999996 -0.042442 0.141599 -0.080988
FixedParameters: 0 0 0

#Transform 91
Transform: AffineTransform_float_3_3
Parameters: 0.999994 0.000580124 0.00345158 -0.000585927 0.999999 0.00158978 -0.00345061 -0.00159103 0.999993 -0.0440131 -0.0183695 0.0530782
FixedParameters: 0 0 0

#Transform 92
Transform: AffineTransform_float_3_3
Parameters: 0.999997 0.000219546 0.00248549 -0.000221562 1 0.000559128 -0.00248574 -0.000559225 0.999997 0.0107786 0.0800999 -0.00160515
FixedParameters: 0 0 0

#Transform 93
Transform: AffineTransform_float_3_3
Parameters: 0.999999 0.000146749 0.00142695 -0.000147911 1 0.00120165 -0.00142678 -0.00120123 0.999998 0.0179234 0.082858 0.0237522
FixedParameters: 0 0 0

#Transform 94
Transform: AffineTransform_float_3_3
Parameters: 0.999998 -0.000514492 0.00185424 0.000510744 0.999997 0.00212025 -0.00185542 -0.00211934 0.999996 0.0255929 0.0633133 -0.104588
FixedParameters: 0 0 0

#Transform 95
Transform: AffineTransform_float_3_3
Parameters: 0.99998 -3.94634e-05 0.00634856 4.90579e-05 0.999999 -0.00139616 -0.00634843 0.00139661 0.999979 -0.098018 0.0795742 -0.0207458
FixedParameters: 0 0 0

#Transform 96
Transform: AffineTransform_float_3_3
Parameters: 0.999961 0.000257035 0.00885935 -0.000238603 0.999998 -0.00207859 -0.00886017 0.00207618 0.999958 -0.159912 0.125061 -0.306572
FixedParameters: 0 0 0

#Transform 97
Transform: AffineTransform_float_3_3
Parameters: 0.999974 -0.0010813 0.00709075 0.00109426 0.999997 -0.00194646 -0.00708869 0.00195465 0.999973 -0.00891019 0.0710335 -0.0575258
FixedParameters: 0 0 0

#Transform 98
Transform: AffineTransform_float_3_3
Parameters: 0.999978 -0.00130918 0.00648246 0.001321 0.999997 -0.00175289 -0.00648008 0.00176145 0.999977 0.0132826 0.0977818 -0.103029
FixedParameters: 0 0 0

#Transform 99
Transform: AffineTransform_float_3_3
Parameters: 0.999979 -0.00118013 0.00634568 0.00119062 0.999997 -0.00174568 -0.00634318 0.00175356 0.999978 0.0106954 0.0984297 -0.126152
FixedParameters: 0 0 0

#Transform 100
Transform: AffineTransform_float_3_3
Parameters: 0.999978 -0.00132045 0.00643671 0.0013322 0.999997 -0.00186728 -0.00643428 0.00187592 0.999977 0.0103301 0.113108 -0.190174
FixedParameters: 0 0 0

#Transform 101
Transform: AffineTransform_float_3_3
Parameters: 0.99998 -0.00119937 0.00627931 0.00121298 0.999997 -0.00216115 -0.00627678 0.00216924 0.999978 0.0113317 0.140168 -0.314147
FixedParameters: 0 0 0

#Transform 102
Transform: AffineTransform_float_3_3
Parameters: 0.999982 -0.00154154 0.00576525 0.00155313 0.999997 -0.00204923 -0.00576138 0.00205842 0.999981 0.0401028 0.105528 -0.211321
FixedParameters: 0 0 0

#Transform 103
Transform: AffineTransform_float_3_3
Parameters: 0.999984 -0.0015642 0.00544997 0.00157766 0.999996 -0.0024333 -0.00544651 0.00244175 0.999982 0.0504971 0.141813 -0.191689
FixedParameters: 0 0 0

#Transform 104
Transform: AffineTransform_float_3_3
Parameters: 0.999984 -0.00168343 0.0053278 0.00169505 0.999996 -0.00230747 -0.00532414 0.0023172 0.999983 0.0707012 0.124906 -0.150107
FixedParameters: 0 0 0

#Transform 105
Transform: AffineTransform_float_3_3
Parameters: 0.999984 -0.00167478 0.00532172 0.00168606 0.999996 -0.00223616 -0.00531755 0.00224441 0.999983 0.0794608 0.134584 -0.122427
FixedParameters: 0 0 0

#Transform 106
Transform: AffineTransform_float_3_3
Parameters: 0.999985 -0.00173624 0.00518265 0.00174562 0.999997 -0.0017619 -0.00517985 0.00177059 0.999985 0.0668854 0.158186 -0.161524
FixedParameters: 0 0 0

#Transform 107
Transform: AffineTransform_float_3_3
Parameters: 0.999983 -0.00146888 0.00559339 0.00147705 0.999997 -0.00156096 -0.00559078 0.00156908 0.999983 0.00689533 0.12268 -0.118501
FixedParameters: 0 0 0

#Transform 108
Transform: AffineTransform_float_3_3
Parameters: 0.999988 -0.00176798 0.00464927 0.00177557 0.999997 -0.00175494 -0.00464639 0.00176328 0.999988 0.0193056 0.110929 -0.288539
FixedParameters: 0 0 0

#Transform 109
Transform: AffineTransform_float_3_3
Parameters: 0.99999 -0.0020718 0.00372805 0.002079 0.999996 -0.00188211 -0.00372471 0.0018896 0.999991 0.0581867 0.120935 -0.26747
FixedParameters: 0 0 0

#Transform 110
Transform: AffineTransform_float_3_3
Parameters: 0.999992 -0.00191768 0.00363447 0.00192424 0.999997 -0.00157824 -0.00363175 0.00158504 0.999992 0.0532073 0.113175 -0.266603
FixedParameters: 0 0 0

#Transform 111
Transform: AffineTransform_float_3_3
Parameters: 0.99999 -0.00185516 0.0041632 0.00186339 0.999996 -0.00208937 -0.00415958 0.00209665 0.99999 0.0549837 0.12788 -0.204603
FixedParameters: 0 0 0

#Transform 112
Transform: AffineTransform_float_3_3
Parameters: 0.999992 -0.00183495 0.00367244 0.00184298 0.999996 -0.00213237 -0.00366845 0.00213974 0.99999 0.061898 0.150574 -0.24091
FixedParameters: 0 0 0

#Transform 113
Transform: AffineTransform_float_3_3
Parameters: 0.999987 -0.00186468 0.00470991 0.00187057 0.999997 -0.00126295 -0.00470802 0.00127229 0.999988 0.0450845 0.160986 -0.257217
FixedParameters: 0 0 0

#Transform 114
Transform: AffineTransform_float_3_3
Parameters: 0.999991 -0.00229058 0.00372723 0.00229599 0.999997 -0.00132328 -0.00372382 0.00133134 0.999992 0.0597849 0.0508412 -0.177541
FixedParameters: 0 0 0

#Transform 115
Transform: AffineTransform_float_3_3
Parameters: 0.99999 -0.00219819 0.00379666 0.00220437 0.999996 -0.00172532 -0.00379358 0.00173364 0.999991 0.0675266 0.126658 -0.229118
FixedParameters: 0 0 0

#Transform 116
Transform: AffineTransform_float_3_3
Parameters: 0.999991 -0.00233678 0.0035363 0.00234138 0.999996 -0.00126846 -0.00353296 0.00127729 0.999993 0.0686412 0.106395 -0.248677
FixedParameters: 0 0 0

#Transform 117
Transform: AffineTransform_float_3_3
Parameters: 0.999991 -0.00218848 0.00378845 0.00219352 0.999996 -0.00132401 -0.00378604 0.00133304 0.999992 0.0583929 0.112446 -0.279412
FixedParameters: 0 0 0

#Transform 118
Transform: AffineTransform_float_3_3
Parameters: 0.99999 -0.00223632 0.00382043 0.00224132 0.999996 -0.00148786 -0.00381745 0.00149654 0.999992 0.056085 0.117316 -0.270609
FixedParameters: 0 0 0

#Transform 119
Transform: AffineTransform_float_3_3
Parameters: 0.999991 -0.00207713 0.00385123 0.00208433 0.999996 -0.00169252 -0.00384704 0.00170008 0.999991 0.0677876 0.118619 -0.250401
FixedParameters: 0 0 0
