# transform file /out/sourcedata/freesurfer/sub-v1s18x0051207_ses-1/mri/transforms/cc_up.lta
# created by oesteban on Mon Mar  9 05:12:28 2026

type      = 0 # LINEAR_VOX_TO_VOX
nxforms   = 1
mean      = 133.0000 134.0000 120.0000
sigma     = 10000.0000
1 4 4
9.944157600402832e-01 -4.248247668147087e-02 9.660498052835464e-02 -7.853878974914551e+00 
4.228341579437256e-02 9.990971684455872e-01 4.107727203518152e-03 7.119461059570312e+00 
-9.669227898120880e-02 0.000000000000000e+00 9.953143596649170e-01 3.719522094726562e+01 
0.000000000000000e+00 0.000000000000000e+00 0.000000000000000e+00 1.000000000000000e+00 
src volume info
valid = 1  # volume info valid
filename = /out/sourcedata/freesurfer/sub-v1s18x0051207_ses-1/mri/norm.mgz
volume = 256 256 256
voxelsize = 1.000000000000000e+00 1.000000000000000e+00 1.000000000000000e+00
xras   = -1.000000000000000e+00 0.000000000000000e+00 0.000000000000000e+00
yras   = 0.000000000000000e+00 0.000000000000000e+00 -1.000000000000000e+00
zras   = 0.000000000000000e+00 1.000000000000000e+00 0.000000000000000e+00
cras   = 4.837135314941406e+00 8.863960266113281e+00 -2.106628417968750e-01
dst volume info
valid = 1  # volume info valid
filename = /out/sourcedata/freesurfer/sub-v1s18x0051207_ses-1/mri/norm.mgz
volume = 256 256 256
voxelsize = 1.000000000000000e+00 1.000000000000000e+00 1.000000000000000e+00
xras   = -1.000000000000000e+00 0.000000000000000e+00 0.000000000000000e+00
yras   = 0.000000000000000e+00 0.000000000000000e+00 -1.000000000000000e+00
zras   = 0.000000000000000e+00 1.000000000000000e+00 0.000000000000000e+00
cras   = 4.837135314941406e+00 8.863960266113281e+00 -2.106628417968750e-01
