# transform file /out/sourcedata/freesurfer/sub-v1s18x0051255_ses-1/mri/transforms/cc_up.lta
# created by oesteban on Mon Mar  9 07:43:29 2026

type      = 0 # LINEAR_VOX_TO_VOX
nxforms   = 1
mean      = 122.0000 133.0000 161.0000
sigma     = 10000.0000
1 4 4
9.651414752006531e-01 4.082041233778000e-02 2.585258483886719e-01 -3.646620178222656e+01 
-3.943033888936043e-02 9.991664886474609e-01 -1.056193467229605e-02 1.662073516845703e+01 
-2.587415277957916e-01 0.000000000000000e+00 9.659465551376343e-01 7.229739189147949e+00 
0.000000000000000e+00 0.000000000000000e+00 0.000000000000000e+00 1.000000000000000e+00 
src volume info
valid = 1  # volume info valid
filename = /out/sourcedata/freesurfer/sub-v1s18x0051255_ses-1/mri/norm.mgz
volume = 256 256 256
voxelsize = 1.000000000000000e+00 1.000000000000000e+00 1.000000000000000e+00
xras   = -1.000000000000000e+00 2.328306436538696e-09 3.725290298461914e-09
yras   = 3.725290298461914e-09 -3.725290298461914e-09 -1.000000000000000e+00
zras   = -2.328306436538696e-09 1.000000119209290e+00 -1.862645149230957e-09
cras   = -5.138732910156250e+00 -1.508365631103516e+01 7.019386291503906e+00
dst volume info
valid = 1  # volume info valid
filename = /out/sourcedata/freesurfer/sub-v1s18x0051255_ses-1/mri/norm.mgz
volume = 256 256 256
voxelsize = 1.000000000000000e+00 1.000000000000000e+00 1.000000000000000e+00
xras   = -1.000000000000000e+00 2.328306436538696e-09 3.725290298461914e-09
yras   = 3.725290298461914e-09 -3.725290298461914e-09 -1.000000000000000e+00
zras   = -2.328306436538696e-09 1.000000119209290e+00 -1.862645149230957e-09
cras   = -5.138732910156250e+00 -1.508365631103516e+01 7.019386291503906e+00
