# transform file transforms/talairach.lta
# created by oesteban on Mon Mar  9 06:25:08 2026

type      = 0 # LINEAR_VOX_TO_VOX
nxforms   = 1
mean      = 122.0000 134.0000 161.0000
sigma     = 10000.0000
1 4 4
1.022180795669556e+00 1.438308600336313e-02 2.654550075531006e-01 -4.377165222167969e+01 
1.583163812756538e-02 1.170238256454468e+00 -2.239344567060471e-01 -3.015667915344238e+00 
-2.809539139270782e-01 2.300325483083725e-01 1.059605479240417e+00 -6.136483383178711e+01 
0.000000000000000e+00 0.000000000000000e+00 0.000000000000000e+00 1.000000000000000e+00 
src volume info
valid = 1  # volume info valid
filename = nu.mgz
volume = 256 256 256
voxelsize = 1.000000000000000e+00 1.000000000000000e+00 1.000000000000000e+00
xras   = -1.000000000000000e+00 2.328306436538696e-09 3.725290298461914e-09
yras   = 3.725290298461914e-09 -3.725290298461914e-09 -1.000000000000000e+00
zras   = -2.328306436538696e-09 1.000000119209290e+00 -1.862645149230957e-09
cras   = -5.138732910156250e+00 -1.508365631103516e+01 7.019386291503906e+00
dst volume info
valid = 1  # volume info valid
filename = /opt/freesurfer/average/RB_all_2020-01-02.gca
volume = 256 256 256
voxelsize = 1.000000000000000e+00 1.000000000000000e+00 1.000000000000000e+00
xras   = -1.000000000000000e+00 0.000000000000000e+00 0.000000000000000e+00
yras   = 0.000000000000000e+00 0.000000000000000e+00 -1.000000000000000e+00
zras   = 0.000000000000000e+00 1.000000000000000e+00 0.000000000000000e+00
cras   = 0.000000000000000e+00 0.000000000000000e+00 0.000000000000000e+00
