type      = 0 # LINEAR_VOX_TO_VOX
nxforms   = 1
mean      = 0.0000 0.0000 0.0000
sigma     = 1.0000
1 4 4
1.007909059524536e+00 4.068799689412117e-02 2.691490352153778e-01 -4.397413635253906e+01 
-1.821004785597324e-03 1.148553013801575e+00 -1.955680251121521e-01 -2.110382080078125e+00 
-2.431540042161942e-01 1.235760003328323e-01 1.098824143409729e+00 -5.830952453613281e+01 
0.000000000000000e+00 0.000000000000000e+00 0.000000000000000e+00 1.000000000000000e+00 
src volume info
valid = 1  # volume info valid
filename = /out/sourcedata/freesurfer/sub-v1s18x0051255_ses-1/mri/orig.mgz
volume = 256 256 256
voxelsize = 1.000000000000000e+00 1.000000000000000e+00 1.000000000000000e+00
xras   = -1.000000000000000e+00 2.328306436538696e-09 3.725290298461914e-09
yras   = 3.725290298461914e-09 -3.725290298461914e-09 -1.000000000000000e+00
zras   = -2.328306436538696e-09 1.000000119209290e+00 -1.862645149230957e-09
cras   = -5.138732910156250e+00 -1.508365631103516e+01 7.019386291503906e+00
dst volume info
valid = 1  # volume info valid
filename = /opt/freesurfer/average/mni305.cor.mgz
volume = 256 256 256
voxelsize = 1.000000000000000e+00 1.000000000000000e+00 1.000000000000000e+00
xras   = -1.000000000000000e+00 0.000000000000000e+00 0.000000000000000e+00
yras   = 0.000000000000000e+00 0.000000000000000e+00 -1.000000000000000e+00
zras   = 0.000000000000000e+00 1.000000000000000e+00 0.000000000000000e+00
cras   = 0.000000000000000e+00 0.000000000000000e+00 0.000000000000000e+00
subject fsaverage
fscale 0.100000
