type      = 1 # LINEAR_RAS_TO_RAS
nxforms   = 1
mean      = 0.0000 0.0000 0.0000
sigma     = 1.0000
1 4 4
1.007909059524536e+00 -2.691490054130554e-01 4.068800061941147e-02 4.136658191680908e+00 
2.431540042161942e-01 1.098824024200439e+00 -1.235760003328323e-01 -4.227479553222656e+01 
-1.821000012569129e-03 1.955679953098297e-01 1.148553013801575e+00 3.239768981933594e+00 
0.000000000000000e+00 0.000000000000000e+00 0.000000000000000e+00 1.000000000000000e+00 
src volume info
valid = 1  # volume info valid
filename = /out/sourcedata/freesurfer/sub-v1s18x0051255_ses-1/mri/orig_nu.mgz
volume = 256 256 256
voxelsize = 1.000000000000000e+00 1.000000000000000e+00 1.000000000000000e+00
xras   = -1.000000000000000e+00 2.328306436538696e-09 3.725290298461914e-09
yras   = 3.725290298461914e-09 -3.725290298461914e-09 -1.000000000000000e+00
zras   = -2.328306436538696e-09 1.000000119209290e+00 -1.862645149230957e-09
cras   = -5.138732910156250e+00 -1.508365631103516e+01 7.019386291503906e+00
dst volume info
valid = 1  # volume info valid
filename = /opt/freesurfer/average/mni305.cor.mgz
volume = 256 256 256
voxelsize = 1.000000000000000e+00 1.000000000000000e+00 1.000000000000000e+00
xras   = -1.000000000000000e+00 0.000000000000000e+00 0.000000000000000e+00
yras   = 0.000000000000000e+00 0.000000000000000e+00 -1.000000000000000e+00
zras   = 0.000000000000000e+00 1.000000000000000e+00 0.000000000000000e+00
cras   = 0.000000000000000e+00 0.000000000000000e+00 0.000000000000000e+00
subject fsaverage
fscale 0.100000
