#Insight Transform File V1.0
#Transform 0
Transform: AffineTransform_float_3_3
Parameters: 0.999998 -0.00159895 -0.00111369 0.00159592 0.999994 -0.00270459 0.00111833 0.00270241 0.999996 0.0297989 0.0283829 -0.206771
FixedParameters: 0 0 0

#Transform 1
Transform: AffineTransform_float_3_3
Parameters: 0.999998 -0.00154675 -0.000750824 0.00154445 0.999993 -0.00332824 0.000756148 0.00332675 0.999994 0.0232799 0.0312234 -0.198449
FixedParameters: 0 0 0

#Transform 2
Transform: AffineTransform_float_3_3
Parameters: 0.999999 -0.00104646 -0.000754607 0.00104492 0.999997 -0.00255187 0.000757182 0.00255113 0.999997 0.0235226 0.0187913 -0.158127
FixedParameters: 0 0 0

#Transform 3
Transform: AffineTransform_float_3_3
Parameters: 1 -0.000877042 -0.000805104 0.000875798 0.999998 -0.00178971 0.000806719 0.00178829 0.999998 0.0195754 0.0127818 -0.197197
FixedParameters: 0 0 0

#Transform 4
Transform: AffineTransform_float_3_3
Parameters: 1 -0.000819032 -0.000821825 0.000817671 0.999997 -0.00240641 0.000823961 0.0024056 0.999997 0.0194545 -0.000393395 -0.195581
FixedParameters: 0 0 0

#Transform 5
Transform: AffineTransform_float_3_3
Parameters: 1 -0.000800135 -0.000827208 0.000798176 0.999996 -0.00275074 0.000829803 0.00275026 0.999995 0.0194005 0.0452456 -0.194092
FixedParameters: 0 0 0

#Transform 6
Transform: AffineTransform_float_3_3
Parameters: 0.999999 -0.000650237 -0.000288924 0.000649646 0.999998 -0.00219219 0.000290533 0.00219181 0.999998 0.00927182 0.0245957 -0.150909
FixedParameters: 0 0 0

#Transform 7
Transform: AffineTransform_float_3_3
Parameters: 1 -0.000307147 -0.000460866 0.000305573 0.999996 -0.00274514 0.000462267 0.00274486 0.999996 0.00144975 0.085518 -0.160136
FixedParameters: 0 0 0

#Transform 8
Transform: AffineTransform_float_3_3
Parameters: 0.999999 -0.000715721 -0.000510266 0.00071355 0.999996 -0.00251444 0.000511659 0.00251455 0.999996 0.0134307 -0.00630152 -0.149887
FixedParameters: 0 0 0

#Transform 9
Transform: AffineTransform_float_3_3
Parameters: 0.999999 -0.000715409 -0.000510703 0.000714141 0.999998 -0.00190337 0.000512183 0.00190263 0.999998 0.0134444 -0.00944463 -0.178063
FixedParameters: 0 0 0

#Transform 10
Transform: AffineTransform_float_3_3
Parameters: 0.999999 -0.000715505 -0.000510568 0.000714044 0.999997 -0.00209236 0.000512318 0.00209163 0.999997 0.0134242 0.0352402 -0.206726
FixedParameters: 0 0 0

#Transform 11
Transform: AffineTransform_float_3_3
Parameters: 0.999999 -0.000514921 -0.000569745 0.000513432 0.999998 -0.00190137 0.00057046 0.00190163 0.999998 0.0107241 0.0266348 -0.181422
FixedParameters: 0 0 0

#Transform 12
Transform: AffineTransform_float_3_3
Parameters: 0.999999 -0.000715623 -0.000510403 0.000713648 0.999997 -0.00232337 0.000511523 0.00232264 0.999997 0.0134277 0.0249934 -0.174031
FixedParameters: 0 0 0

#Transform 13
Transform: AffineTransform_float_3_3
Parameters: 1 -0.000554087 3.73198e-05 0.000553704 0.999997 -0.00240906 -3.65702e-05 0.00240994 0.999997 0.00302455 0.0899564 -0.144957
FixedParameters: 0 0 0

#Transform 14
Transform: AffineTransform_float_3_3
Parameters: 1 -0.000900382 -0.00059229 0.000899684 0.999999 -0.00116161 0.00059314 0.00116139 0.999999 0.0161845 -0.0407595 -0.0421737
FixedParameters: 0 0 0

#Transform 15
Transform: AffineTransform_float_3_3
Parameters: 0.999999 -0.000291873 -0.00084082 0.000290655 0.999999 -0.00129524 0.000841294 0.00129475 0.999999 0.015932 0.0633715 -0.0407543
FixedParameters: 0 0 0

#Transform 16
Transform: AffineTransform_float_3_3
Parameters: 0.999999 -0.000675111 -0.000377747 0.000674214 1 8.36665e-05 0.000377915 -8.33339e-05 1 0.0110197 -0.0514169 -0.0813782
FixedParameters: 0 0 0

#Transform 17
Transform: AffineTransform_float_3_3
Parameters: 1 -0.000435046 -0.000436395 0.00043492 1 -0.00014519 0.000436521 0.00014481 1 0.0102481 0.0150517 -0.100675
FixedParameters: 0 0 0

#Transform 18
Transform: AffineTransform_float_3_3
Parameters: 1 -0.00048103 -0.000423013 0.000481077 1 5.57965e-05 0.000422959 -5.62035e-05 1 0.0103067 0.0308492 -0.111517
FixedParameters: 0 0 0

#Transform 19
Transform: AffineTransform_float_3_3
Parameters: 1 -0.000401343 -0.000446323 0.000401437 1 0.000104821 0.000446239 -0.000105179 1 0.010103 0.0115162 -0.102323
FixedParameters: 0 0 0

#Transform 20
Transform: AffineTransform_float_3_3
Parameters: 1 -0.000133224 -0.000524721 0.000132065 1 -0.00110407 0.000525014 0.00110393 1 0.00199955 -0.00540292 -0.0244372
FixedParameters: 0 0 0

#Transform 21
Transform: AffineTransform_float_3_3
Parameters: 1 -0.000281554 -0.000576034 0.000280526 0.999999 -0.000891892 0.000576536 0.000892107 1 0.0114617 0.00577061 0.0108644
FixedParameters: 0 0 0

#Transform 22
Transform: AffineTransform_float_3_3
Parameters: 0.999999 -0.000359127 -0.000840926 0.000358842 0.999999 -0.000740033 0.000841176 0.000739968 1 0.0164293 0.0401123 -0.00180338
FixedParameters: 0 0 0

#Transform 23
Transform: AffineTransform_float_3_3
Parameters: 0.999999 -0.000320536 -0.000713825 0.000321137 0.999999 0.00089604 0.00071449 -0.00089596 1 0.016632 0.0369851 0.00272838
FixedParameters: 0 0 0

#Transform 24
Transform: AffineTransform_float_3_3
Parameters: 1 -0.000156493 -0.000517895 0.000156786 1 0.000282919 0.000517807 -0.000283081 1 0.0150747 0.062089 0.0542757
FixedParameters: 0 0 0

#Transform 25
Transform: AffineTransform_float_3_3
Parameters: 1 -0.000425182 0.000515073 0.000424622 0.999999 0.00174722 -0.000515878 -0.00174678 0.999999 0.00211347 -0.00627138 0.0489842
FixedParameters: 0 0 0

#Transform 26
Transform: AffineTransform_float_3_3
Parameters: 0.999999 9.07027e-05 0.00086401 -9.16987e-05 0.999998 0.00168719 -0.000864264 -0.00168681 0.999998 0.00671469 0.0144589 -0.0155415
FixedParameters: 0 0 0

#Transform 27
Transform: AffineTransform_float_3_3
Parameters: 1 0.000286412 -0.000174184 -0.000286987 0.999997 -0.00245795 0.000173734 0.00245805 0.999997 0.0229129 0.127755 -0.113037
FixedParameters: 0 0 0

#Transform 28
Transform: AffineTransform_float_3_3
Parameters: 0.999997 -0.00148574 0.0018541 0.00148321 0.999997 0.00176164 -0.00185632 -0.00175836 0.999996 -0.045057 -0.0986922 -0.226101
FixedParameters: 0 0 0

#Transform 29
Transform: AffineTransform_float_3_3
Parameters: 0.999722 0.019659 -0.0130549 -0.0207034 0.996134 -0.0853761 0.0113265 0.0856219 0.996263 -0.61117 0.556856 -2.81973
FixedParameters: 0 0 0

#Transform 30
Transform: AffineTransform_float_3_3
Parameters: 0.999886 0.0148028 -0.00316606 -0.0149723 0.997931 -0.0625308 0.00223485 0.0625703 0.998039 -0.452768 1.17879 -2.21828
FixedParameters: 0 0 0

#Transform 31
Transform: AffineTransform_float_3_3
Parameters: 0.999976 0.00700379 -0.000123326 -0.00700474 0.99968 -0.0242984 -4.65155e-05 0.0242986 0.999705 -0.132281 0.473185 -1.04663
FixedParameters: 0 0 0

#Transform 32
Transform: AffineTransform_float_3_3
Parameters: 0.999982 0.00604768 0.000945358 -0.00603027 0.999816 -0.0181802 -0.00105519 0.0181748 0.999834 -0.119981 0.170712 -0.835499
FixedParameters: 0 0 0

#Transform 33
Transform: AffineTransform_float_3_3
Parameters: 0.999988 0.00503285 3.36785e-05 -0.00503157 0.999855 -0.0162436 -0.000115571 0.0162434 0.999868 -0.133771 0.221398 -0.792026
FixedParameters: 0 0 0

#Transform 34
Transform: AffineTransform_float_3_3
Parameters: 0.999984 0.00132446 -0.00547797 -0.00133041 0.999998 -0.0010802 0.00547753 0.0010878 0.999985 0.00343079 0.172922 -0.304083
FixedParameters: 0 0 0

#Transform 35
Transform: AffineTransform_float_3_3
Parameters: 0.999981 0.004599 -0.00392749 -0.00461143 0.999985 -0.00304115 0.00391374 0.00305985 0.999988 -0.0612003 0.00992708 -0.317694
FixedParameters: 0 0 0

#Transform 36
Transform: AffineTransform_float_3_3
Parameters: 0.999978 0.00513499 -0.00420709 -0.00513261 0.999987 0.000540825 0.00420897 -0.000519179 0.999992 -0.0408137 0.082067 -0.289088
FixedParameters: 0 0 0

#Transform 37
Transform: AffineTransform_float_3_3
Parameters: 0.999986 0.00256453 -0.00459761 -0.00250282 0.999907 0.0134127 0.00463159 -0.0134003 0.999899 -0.0168891 -0.0763238 -0.0386894
FixedParameters: 0 0 0

#Transform 38
Transform: AffineTransform_float_3_3
Parameters: 0.999985 0.00375242 -0.00382324 -0.00374074 0.999989 0.0029224 0.00383361 -0.0029076 0.999989 -0.019548 0.0464123 -0.176991
FixedParameters: 0 0 0

#Transform 39
Transform: AffineTransform_float_3_3
Parameters: 0.999978 0.0053593 -0.00385269 -0.00536772 0.999983 -0.00218185 0.00384025 0.00220215 0.999991 -0.0261235 0.118047 -0.341652
FixedParameters: 0 0 0

#Transform 40
Transform: AffineTransform_float_3_3
Parameters: 0.999929 0.00954705 -0.00711318 -0.00961846 0.999903 -0.0100482 0.00701689 0.0101158 0.999924 -0.0522637 0.221104 -0.628571
FixedParameters: 0 0 0

#Transform 41
Transform: AffineTransform_float_3_3
Parameters: 0.999973 0.00496433 -0.00540176 -0.00495188 0.999985 0.00235339 0.00541309 -0.00232561 0.999982 -0.0713797 0.130538 -0.315144
FixedParameters: 0 0 0

#Transform 42
Transform: AffineTransform_float_3_3
Parameters: 0.99998 0.00391925 -0.00494219 -0.00389379 0.99998 0.00515796 0.0049628 -0.00513904 0.999975 0.0556845 0.119952 -0.454394
FixedParameters: 0 0 0

#Transform 43
Transform: AffineTransform_float_3_3
Parameters: 0.99992 0.0116498 -0.00478782 -0.0117553 0.999678 -0.0225133 0.0045245 0.0225677 0.999735 -0.368047 0.0956303 -1.41048
FixedParameters: 0 0 0

#Transform 44
Transform: AffineTransform_float_3_3
Parameters: 0.999455 0.0300367 -0.0136474 -0.0307831 0.997823 -0.0583178 0.0118663 0.0587062 0.998205 -0.870525 0.843906 -2.54519
FixedParameters: 0 0 0

#Transform 45
Transform: AffineTransform_float_3_3
Parameters: 0.999906 0.0131514 -0.00401811 -0.0132319 0.999694 -0.0208743 0.00374277 0.0209247 0.999774 -0.28769 0.430741 -1.10165
FixedParameters: 0 0 0

#Transform 46
Transform: AffineTransform_float_3_3
Parameters: 0.99993 0.0112889 -0.00355684 -0.0113644 0.99969 -0.0221528 0.00330608 0.0221912 0.999749 -0.18772 0.336833 -1.20523
FixedParameters: 0 0 0

#Transform 47
Transform: AffineTransform_float_3_3
Parameters: 0.999929 0.0114612 -0.00344496 -0.0115861 0.99919 -0.0385544 0.00300071 0.0385916 0.99925 -0.135114 0.453847 -1.60699
FixedParameters: 0 0 0

#Transform 48
Transform: AffineTransform_float_3_3
Parameters: 0.99996 0.00853672 -0.00237349 -0.00858623 0.999721 -0.0220162 0.00218457 0.0220359 0.999755 -0.0888649 0.434995 -1.26932
FixedParameters: 0 0 0

#Transform 49
Transform: AffineTransform_float_3_3
Parameters: 0.99998 0.00617544 -0.000728285 -0.00618448 0.9999 -0.0126951 0.000650138 0.0126989 0.999919 -0.116693 0.233296 -0.957597
FixedParameters: 0 0 0

#Transform 50
Transform: AffineTransform_float_3_3
Parameters: 0.999988 0.00490881 -0.000491705 -0.00491756 0.999818 -0.0184242 0.000401107 0.0184268 0.99983 -0.0600481 0.4983 -1.04738
FixedParameters: 0 0 0

#Transform 51
Transform: AffineTransform_float_3_3
Parameters: 0.999994 0.00345523 0.000129164 -0.00345543 0.999993 0.0017489 -0.000123397 -0.0017491 0.999998 -0.0607144 0.0790821 -0.505865
FixedParameters: 0 0 0

#Transform 52
Transform: AffineTransform_float_3_3
Parameters: 0.999994 0.00349208 0.00105637 -0.00349004 0.999991 -0.00261506 -0.00106526 0.00261194 0.999995 -0.0625568 0.0691809 -0.561631
FixedParameters: 0 0 0

#Transform 53
Transform: AffineTransform_float_3_3
Parameters: 0.999992 0.0036973 0.000921709 -0.00369335 0.999984 -0.00414898 -0.000936675 0.00414501 0.999991 -0.0646543 0.220461 -0.633008
FixedParameters: 0 0 0

#Transform 54
Transform: AffineTransform_float_3_3
Parameters: 0.99999 0.00433033 0.000151001 -0.00432981 0.999978 -0.00503306 -0.000173428 0.00503294 0.999988 -0.0670999 0.169236 -0.669456
FixedParameters: 0 0 0

#Transform 55
Transform: AffineTransform_float_3_3
Parameters: 0.99999 0.00443818 -0.000524781 -0.00444023 0.999982 -0.00409345 0.000506542 0.00409655 0.999992 -0.0562883 0.193218 -0.637553
FixedParameters: 0 0 0

#Transform 56
Transform: AffineTransform_float_3_3
Parameters: 0.999996 0.00275849 -0.0003908 -0.00275941 0.999991 -0.00321909 0.000381954 0.00321991 0.999995 -0.0261483 0.16213 -0.639743
FixedParameters: 0 0 0

#Transform 57
Transform: AffineTransform_float_3_3
Parameters: 0.999997 0.00264901 0.000196253 -0.00264788 0.99999 -0.0036805 -0.000206266 0.0036795 0.999993 -0.0349436 0.192435 -0.639692
FixedParameters: 0 0 0

#Transform 58
Transform: AffineTransform_float_3_3
Parameters: 0.999995 0.00311905 0.000575584 -0.00311688 0.999988 -0.00358367 -0.000586926 0.00358233 0.999994 -0.0475465 0.177637 -0.625331
FixedParameters: 0 0 0

#Transform 59
Transform: AffineTransform_float_3_3
Parameters: 0.999994 0.00326343 0.000419958 -0.00326164 0.999989 -0.00331578 -0.000430868 0.00331422 0.999994 -0.0436414 0.158581 -0.573013
FixedParameters: 0 0 0

#Transform 60
Transform: AffineTransform_float_3_3
Parameters: 0.999996 0.00300769 0.000343945 -0.00300764 0.999992 -0.00276944 -0.00035276 0.00276856 0.999995 -0.0392502 0.123371 -0.538698
FixedParameters: 0 0 0

#Transform 61
Transform: AffineTransform_float_3_3
Parameters: 0.999996 0.00298211 0.000530802 -0.00298004 0.999991 -0.00315672 -0.000539857 0.00315528 0.999995 -0.0446275 0.161662 -0.547048
FixedParameters: 0 0 0

#Transform 62
Transform: AffineTransform_float_3_3
Parameters: 0.999995 0.00289939 0.000474755 -0.00289792 0.999989 -0.00361351 -0.0004847 0.00361249 0.999993 -0.0449448 0.1971 -0.559168
FixedParameters: 0 0 0

#Transform 63
Transform: AffineTransform_float_3_3
Parameters: 0.999995 0.00307968 0.000590146 -0.00307731 0.999989 -0.00366396 -0.000601698 0.00366204 0.999993 -0.0462297 0.181248 -0.576344
FixedParameters: 0 0 0

#Transform 64
Transform: AffineTransform_float_3_3
Parameters: 0.999995 0.00308385 0.0006026 -0.00308072 0.999988 -0.003978 -0.000615156 0.003976 0.999992 -0.0412898 0.133316 -0.609869
FixedParameters: 0 0 0

#Transform 65
Transform: AffineTransform_float_3_3
Parameters: 0.999995 0.00304737 0.000477514 -0.0030445 0.999986 -0.0044426 -0.000491653 0.0044414 0.99999 -0.0475654 0.232988 -0.634859
FixedParameters: 0 0 0

#Transform 66
Transform: AffineTransform_float_3_3
Parameters: 0.999995 0.00305769 0.000511691 -0.00305508 0.999985 -0.00455071 -0.000525343 0.00454929 0.999989 -0.0476159 0.153634 -0.627516
FixedParameters: 0 0 0

#Transform 67
Transform: AffineTransform_float_3_3
Parameters: 0.999995 0.00310704 0.000679585 -0.00310368 0.999987 -0.00419326 -0.000692419 0.00419075 0.999991 -0.0513877 0.171686 -0.621717
FixedParameters: 0 0 0

#Transform 68
Transform: AffineTransform_float_3_3
Parameters: 0.999996 0.003028 0.000412333 -0.00302571 0.999986 -0.00444239 -0.000426303 0.00444161 0.99999 -0.0439711 0.187429 -0.598516
FixedParameters: 0 0 0

#Transform 69
Transform: AffineTransform_float_3_3
Parameters: 0.999996 0.00301838 0.000379229 -0.00301596 0.999984 -0.00461228 -0.000393179 0.00461171 0.999989 -0.040059 0.184035 -0.590209
FixedParameters: 0 0 0

#Transform 70
Transform: AffineTransform_float_3_3
Parameters: 0.999995 0.00312227 -4.96008e-05 -0.00312283 0.999985 -0.0044171 3.56161e-05 0.0044169 0.99999 -0.0342539 0.18887 -0.588966
FixedParameters: 0 0 0

#Transform 71
Transform: AffineTransform_float_3_3
Parameters: 0.999997 0.00264441 -0.000393784 -0.00264641 0.999986 -0.00443986 0.000382369 0.00444114 0.99999 -0.0289375 0.187505 -0.588618
FixedParameters: 0 0 0

#Transform 72
Transform: AffineTransform_float_3_3
Parameters: 0.999997 0.00265616 -0.000606967 -0.00265909 0.999987 -0.00443956 0.000595163 0.00444144 0.99999 -0.0177591 0.185531 -0.588157
FixedParameters: 0 0 0

#Transform 73
Transform: AffineTransform_float_3_3
Parameters: 0.999996 0.00253826 -0.000571921 -0.00254116 0.999987 -0.00443945 0.000560204 0.00444155 0.99999 -0.0111618 0.195399 -0.59104
FixedParameters: 0 0 0

#Transform 74
Transform: AffineTransform_float_3_3
Parameters: 0.999997 0.00248118 -0.000493842 -0.00248354 0.999987 -0.00460668 0.000481805 0.00460833 0.999989 -0.0120163 0.201749 -0.593153
FixedParameters: 0 0 0

#Transform 75
Transform: AffineTransform_float_3_3
Parameters: 0.999996 0.00267322 -0.000690056 -0.00267699 0.999985 -0.00472333 0.000677537 0.00472567 0.999988 -0.0141755 0.200504 -0.586847
FixedParameters: 0 0 0

#Transform 76
Transform: AffineTransform_float_3_3
Parameters: 0.999996 0.00293241 -0.000558976 -0.00293578 0.999984 -0.00487254 0.000544376 0.00487446 0.999988 -0.0171695 0.215784 -0.576744
FixedParameters: 0 0 0

#Transform 77
Transform: AffineTransform_float_3_3
Parameters: 0.999996 0.00282946 -0.000368483 -0.00283093 0.999985 -0.00480322 0.000355289 0.00480479 0.999989 -0.0228438 0.210804 -0.569272
FixedParameters: 0 0 0

#Transform 78
Transform: AffineTransform_float_3_3
Parameters: 0.999996 0.00275325 -0.000613682 -0.00275614 0.999986 -0.0043584 0.000601465 0.00435959 0.99999 -0.0133761 0.193623 -0.582234
FixedParameters: 0 0 0

#Transform 79
Transform: AffineTransform_float_3_3
Parameters: 0.999996 0.00281777 -0.000652878 -0.00282081 0.999986 -0.00442526 0.000640679 0.00442675 0.99999 -0.0164433 0.231307 -0.619562
FixedParameters: 0 0 0

#Transform 80
Transform: AffineTransform_float_3_3
Parameters: 0.999996 0.00290103 -6.83859e-05 -0.00290153 0.999984 -0.00478787 5.51601e-05 0.00478914 0.999988 -0.0234843 0.229295 -0.647692
FixedParameters: 0 0 0

#Transform 81
Transform: AffineTransform_float_3_3
Parameters: 0.999996 0.00278915 -0.000458021 -0.00279058 0.999985 -0.00455889 0.000445338 0.0045601 0.999989 -0.0185171 0.193311 -0.644625
FixedParameters: 0 0 0

#Transform 82
Transform: AffineTransform_float_3_3
Parameters: 0.999996 0.00282614 -0.000295455 -0.00282717 0.999984 -0.00478607 0.000281434 0.00478693 0.999989 -0.0191785 0.224709 -0.656582
FixedParameters: 0 0 0

#Transform 83
Transform: AffineTransform_float_3_3
Parameters: 0.999998 0.00222008 -0.000539531 -0.00222206 0.999995 -0.00251562 0.000534394 0.00251638 0.999997 0.0045101 0.165722 -0.60179
FixedParameters: 0 0 0

#Transform 84
Transform: AffineTransform_float_3_3
Parameters: 0.999997 0.00218837 -2.431e-06 -0.00218927 0.999992 -0.0033957 -4.87491e-06 0.0033963 0.999994 0.000548541 0.214332 -0.601016
FixedParameters: 0 0 0

#Transform 85
Transform: AffineTransform_float_3_3
Parameters: 0.999996 0.00256446 -0.000303974 -0.00256592 0.999989 -0.00392612 0.000293989 0.00392688 0.999992 -0.00688825 0.170943 -0.559417
FixedParameters: 0 0 0

#Transform 86
Transform: AffineTransform_float_3_3
Parameters: 0.999997 0.0021699 -0.000459769 -0.00217187 0.999989 -0.00419163 0.000451445 0.00419337 0.999991 -0.000577247 0.232459 -0.631977
FixedParameters: 0 0 0

#Transform 87
Transform: AffineTransform_float_3_3
Parameters: 0.999997 0.00215294 -0.000131021 -0.00215416 0.999987 -0.00451634 0.000122008 0.00451665 0.999989 -0.00517919 0.218638 -0.630439
FixedParameters: 0 0 0

#Transform 88
Transform: AffineTransform_float_3_3
Parameters: 0.999995 0.00301125 -0.000967217 -0.00301465 0.999987 -0.00416745 0.000954291 0.00417055 0.999991 0.0139326 0.206042 -0.671296
FixedParameters: 0 0 0

#Transform 89
Transform: AffineTransform_float_3_3
Parameters: 0.999987 0.00399275 -0.0031717 -0.00401157 0.999973 -0.00603807 0.00314682 0.00605092 0.999977 0.0440926 0.230151 -0.716649
FixedParameters: 0 0 0

#Transform 90
Transform: AffineTransform_float_3_3
Parameters: 0.999994 0.00278412 -0.00208153 -0.00279656 0.999976 -0.00627225 0.00206443 0.00627775 0.999978 -0.0217623 0.241529 -0.691821
FixedParameters: 0 0 0

#Transform 91
Transform: AffineTransform_float_3_3
Parameters: 0.999961 0.00619615 -0.00618193 -0.00623725 0.999958 -0.00665883 0.00613999 0.00669717 0.999959 -0.0435481 0.341087 -0.907959
FixedParameters: 0 0 0

#Transform 92
Transform: AffineTransform_float_3_3
Parameters: 0.999962 0.00575589 -0.0065213 -0.00578573 0.999973 -0.00455534 0.00649524 0.00459266 0.999968 0.000256637 0.329401 -0.730751
FixedParameters: 0 0 0

#Transform 93
Transform: AffineTransform_float_3_3
Parameters: 0.999971 0.0048268 -0.00577599 -0.00484911 0.999981 -0.00383601 0.00575728 0.00386398 0.999976 0.0166509 0.254032 -0.706368
FixedParameters: 0 0 0

#Transform 94
Transform: AffineTransform_float_3_3
Parameters: 0.99998 0.00451136 -0.0044298 -0.00453371 0.999978 -0.00492772 0.00440808 0.00494829 0.999978 0.00958551 0.269658 -0.718073
FixedParameters: 0 0 0

#Transform 95
Transform: AffineTransform_float_3_3
Parameters: 0.99998 0.00456311 -0.00434191 -0.00458331 0.999978 -0.0047479 0.00432037 0.00476811 0.99998 -0.000232616 0.247705 -0.706308
FixedParameters: 0 0 0

#Transform 96
Transform: AffineTransform_float_3_3
Parameters: 0.999982 0.00448757 -0.00414982 -0.00450933 0.999977 -0.00519344 0.00412596 0.00521156 0.999978 0.000135255 0.268207 -0.701501
FixedParameters: 0 0 0

#Transform 97
Transform: AffineTransform_float_3_3
Parameters: 0.999982 0.0045101 -0.00395465 -0.00453263 0.999974 -0.00565731 0.00392924 0.00567469 0.999976 -0.00263501 0.295279 -0.703205
FixedParameters: 0 0 0

#Transform 98
Transform: AffineTransform_float_3_3
Parameters: 0.999981 0.004845 -0.00395408 -0.00486781 0.999971 -0.00576626 0.00392572 0.00578573 0.999976 0.0092947 0.295488 -0.709738
FixedParameters: 0 0 0

#Transform 99
Transform: AffineTransform_float_3_3
Parameters: 0.999982 0.00449045 -0.00382949 -0.00451497 0.99997 -0.00634203 0.00380072 0.00635897 0.999973 0.000815341 0.282532 -0.701018
FixedParameters: 0 0 0

#Transform 100
Transform: AffineTransform_float_3_3
Parameters: 0.999985 0.00434202 -0.00314942 -0.00435666 0.999979 -0.0047746 0.00312834 0.0047884 0.999984 -0.0106934 0.248247 -0.637475
FixedParameters: 0 0 0

#Transform 101
Transform: AffineTransform_float_3_3
Parameters: 0.999986 0.00423019 -0.00302847 -0.00424554 0.999978 -0.00517655 0.00300697 0.00518946 0.999982 -0.0077538 0.289092 -0.666502
FixedParameters: 0 0 0

#Transform 102
Transform: AffineTransform_float_3_3
Parameters: 0.999979 0.00495204 -0.00401671 -0.00497316 0.999975 -0.00515207 0.00399186 0.00517194 0.999978 -0.0127251 0.286445 -0.659731
FixedParameters: 0 0 0

#Transform 103
Transform: AffineTransform_float_3_3
Parameters: 0.999838 0.00433393 -0.0174556 -0.00440028 0.999984 -0.00376741 0.0174394 0.00384359 0.999841 -0.025827 0.263429 -0.633564
FixedParameters: 0 0 0

#Transform 104
Transform: AffineTransform_float_3_3
Parameters: 0.999286 -0.00740733 -0.0370679 0.00728548 0.999968 -0.0033991 0.0370922 0.00312586 0.999307 0.19587 0.146507 -0.819951
FixedParameters: 0 0 0

#Transform 105
Transform: AffineTransform_float_3_3
Parameters: 0.999414 -0.00141065 -0.0342036 0.00131677 0.999995 -0.00276546 0.0342077 0.00271954 0.999411 0.220273 0.251643 -1.16254
FixedParameters: 0 0 0

#Transform 106
Transform: AffineTransform_float_3_3
Parameters: 0.999018 -0.000382423 -0.0443153 0.00028959 0.999998 -0.00210023 0.0443167 0.00208476 0.999015 0.385488 0.0619105 -0.431014
FixedParameters: 0 0 0

#Transform 107
Transform: AffineTransform_float_3_3
Parameters: 0.999226 0.00202662 -0.0392712 -0.00214671 0.999993 -0.00302347 0.0392648 0.00310454 0.999224 0.135811 0.0822812 -0.478045
FixedParameters: 0 0 0

#Transform 108
Transform: AffineTransform_float_3_3
Parameters: 0.999294 0.00527844 -0.0372141 -0.00546868 0.999973 -0.00501432 0.0371868 0.00521469 0.999295 0.0760141 0.329791 -0.895038
FixedParameters: 0 0 0

#Transform 109
Transform: AffineTransform_float_3_3
Parameters: 0.999696 0.00610234 -0.0239176 -0.00634283 0.99993 -0.00998343 0.0238545 0.0101326 0.999664 0.174654 0.304728 -1.08416
FixedParameters: 0 0 0

#Transform 110
Transform: AffineTransform_float_3_3
Parameters: 0.999707 0.0057899 -0.0234745 -0.00597039 0.999953 -0.00761446 0.0234295 0.00775253 0.999695 0.221998 0.472377 -1.12387
FixedParameters: 0 0 0

#Transform 111
Transform: AffineTransform_float_3_3
Parameters: 0.999769 0.00538668 -0.0208106 -0.00555605 0.999952 -0.00808609 0.0207658 0.00819992 0.999751 0.21303 0.391076 -1.10568
FixedParameters: 0 0 0

#Transform 112
Transform: AffineTransform_float_3_3
Parameters: 0.99979 0.00641293 -0.0194557 -0.00655429 0.999953 -0.00719989 0.0194089 0.00732611 0.999785 0.213549 0.404244 -1.09281
FixedParameters: 0 0 0

#Transform 113
Transform: AffineTransform_float_3_3
Parameters: 0.999833 0.00553594 -0.0174046 -0.00562619 0.999971 -0.00515403 0.0173752 0.00525098 0.999835 0.182384 0.299975 -0.960224
FixedParameters: 0 0 0

#Transform 114
Transform: AffineTransform_float_3_3
Parameters: 0.999836 0.00606125 -0.0170335 -0.00615934 0.999964 -0.00573807 0.0169983 0.00584293 0.999839 0.144492 0.338228 -0.997166
FixedParameters: 0 0 0

#Transform 115
Transform: AffineTransform_float_3_3
Parameters: 0.999847 0.00565022 -0.0165121 -0.00574551 0.999967 -0.00574919 0.0164784 0.00584281 0.999847 0.154247 0.305695 -0.981694
FixedParameters: 0 0 0

#Transform 116
Transform: AffineTransform_float_3_3
Parameters: 0.999846 0.00564428 -0.0166567 -0.00573359 0.99997 -0.00528307 0.0166265 0.00537692 0.999847 0.146025 0.355376 -0.978415
FixedParameters: 0 0 0

#Transform 117
Transform: AffineTransform_float_3_3
Parameters: 0.999807 0.00750072 -0.0181948 -0.00761603 0.999951 -0.0062677 0.0181467 0.00640528 0.999814 0.153892 0.253719 -0.599604
FixedParameters: 0 0 0

#Transform 118
Transform: AffineTransform_float_3_3
Parameters: 0.999813 0.00673635 -0.0181633 -0.00684792 0.999958 -0.0061013 0.0181208 0.00622469 0.999816 0.175808 0.242035 -0.627207
FixedParameters: 0 0 0

#Transform 119
Transform: AffineTransform_float_3_3
Parameters: 0.999773 0.00832694 -0.0196207 -0.00844197 0.999948 -0.00574452 0.0195721 0.00590847 0.999791 0.151273 0.327697 -0.673893
FixedParameters: 0 0 0
