# transform file /out/sourcedata/freesurfer/sub-v1s18x0051225_ses-1/mri/transforms/cc_up.lta
# created by oesteban on Mon Mar  9 05:54:28 2026

type      = 0 # LINEAR_VOX_TO_VOX
nxforms   = 1
mean      = 127.0000 114.0000 110.0000
sigma     = 10000.0000
1 4 4
9.999301433563232e-01 -5.643955431878567e-03 -1.038854289799929e-02 2.535740852355957e+00 
5.643650889396667e-03 9.999841451644897e-01 -5.863340993528254e-05 3.529605484008789e+01 
1.038870774209499e-02 3.637978807091713e-12 9.999460577964783e-01 2.969625663757324e+01 
0.000000000000000e+00 0.000000000000000e+00 0.000000000000000e+00 1.000000000000000e+00 
src volume info
valid = 1  # volume info valid
filename = /out/sourcedata/freesurfer/sub-v1s18x0051225_ses-1/mri/norm.mgz
volume = 256 256 256
voxelsize = 1.000000000000000e+00 1.000000000000000e+00 1.000000000000000e+00
xras   = -1.000000000000000e+00 0.000000000000000e+00 -3.725290298461914e-09
yras   = 0.000000000000000e+00 0.000000000000000e+00 -1.000000000000000e+00
zras   = 0.000000000000000e+00 1.000000000000000e+00 0.000000000000000e+00
cras   = -4.805046081542969e+00 1.067992401123047e+01 -1.476563262939453e+01
dst volume info
valid = 1  # volume info valid
filename = /out/sourcedata/freesurfer/sub-v1s18x0051225_ses-1/mri/norm.mgz
volume = 256 256 256
voxelsize = 1.000000000000000e+00 1.000000000000000e+00 1.000000000000000e+00
xras   = -1.000000000000000e+00 0.000000000000000e+00 -3.725290298461914e-09
yras   = 0.000000000000000e+00 0.000000000000000e+00 -1.000000000000000e+00
zras   = 0.000000000000000e+00 1.000000000000000e+00 0.000000000000000e+00
cras   = -4.805046081542969e+00 1.067992401123047e+01 -1.476563262939453e+01
