# transform file /out/sourcedata/freesurfer/sub-v1s18x0051235_ses-1/mri/transforms/cc_up.lta
# created by oesteban on Mon Mar  9 06:46:11 2026

type      = 0 # LINEAR_VOX_TO_VOX
nxforms   = 1
mean      = 133.0000 118.0000 123.0000
sigma     = 10000.0000
1 4 4
9.897449612617493e-01 -5.945679917931557e-02 1.298846304416656e-01 -1.039931488037109e+01 
5.895135179162025e-02 9.982309937477112e-01 7.736209314316511e-03 1.757587242126465e+01 
-1.301148235797882e-01 4.656613428188905e-10 9.914990067481995e-01 4.209996795654297e+01 
0.000000000000000e+00 0.000000000000000e+00 0.000000000000000e+00 1.000000000000000e+00 
src volume info
valid = 1  # volume info valid
filename = /out/sourcedata/freesurfer/sub-v1s18x0051235_ses-1/mri/norm.mgz
volume = 256 256 256
voxelsize = 1.000000000000000e+00 1.000000000000000e+00 1.000000000000000e+00
xras   = -1.000000000000000e+00 0.000000000000000e+00 7.450580596923828e-09
yras   = 0.000000000000000e+00 0.000000000000000e+00 -1.000000000000000e+00
zras   = 0.000000000000000e+00 1.000000000000000e+00 0.000000000000000e+00
cras   = -5.160827636718750e-01 9.469276428222656e+00 -1.359119415283203e+01
dst volume info
valid = 1  # volume info valid
filename = /out/sourcedata/freesurfer/sub-v1s18x0051235_ses-1/mri/norm.mgz
volume = 256 256 256
voxelsize = 1.000000000000000e+00 1.000000000000000e+00 1.000000000000000e+00
xras   = -1.000000000000000e+00 0.000000000000000e+00 7.450580596923828e-09
yras   = 0.000000000000000e+00 0.000000000000000e+00 -1.000000000000000e+00
zras   = 0.000000000000000e+00 1.000000000000000e+00 0.000000000000000e+00
cras   = -5.160827636718750e-01 9.469276428222656e+00 -1.359119415283203e+01
