#Insight Transform File V1.0
#Transform 0
Transform: AffineTransform_float_3_3
Parameters: 1 -0.000184012 -0.000632826 0.000183795 0.999999 -0.00125512 0.00063363 0.00125488 0.999999 0.126855 0.0953326 0.121775
FixedParameters: 0 0 0

#Transform 1
Transform: AffineTransform_float_3_3
Parameters: 1 -0.000432657 -0.00042929 0.00043241 0.999999 -0.00128519 0.000429886 0.00128481 0.999999 0.112211 0.0840328 0.118616
FixedParameters: 0 0 0

#Transform 2
Transform: AffineTransform_float_3_3
Parameters: 1 -0.0005506 -0.000115206 0.000550567 0.999998 -0.00162306 0.000115621 0.00162294 0.999998 0.113546 0.0732715 0.0944328
FixedParameters: 0 0 0

#Transform 3
Transform: AffineTransform_float_3_3
Parameters: 1 -0.000550594 -0.000115232 0.000550573 0.999998 -0.00157506 0.000115594 0.00157494 0.999999 0.0956627 0.0662786 0.111875
FixedParameters: 0 0 0

#Transform 4
Transform: AffineTransform_float_3_3
Parameters: 1 -0.00042946 -0.000259722 0.000428533 0.999999 -0.000794111 0.000259546 0.000793888 0.999999 0.0802764 0.0502208 0.096463
FixedParameters: 0 0 0

#Transform 5
Transform: AffineTransform_float_3_3
Parameters: 0.999999 -0.000121357 -0.00074033 0.00011865 0.999993 -0.00391209 0.000740581 0.00391191 0.999992 0.0872205 0.0984607 0.0322708
FixedParameters: 0 0 0

#Transform 6
Transform: AffineTransform_float_3_3
Parameters: 1 0.000201431 -0.000374216 -0.000203004 0.999996 -0.00279092 0.000373944 0.00279108 0.999996 0.06689 0.119967 0.0297424
FixedParameters: 0 0 0

#Transform 7
Transform: AffineTransform_float_3_3
Parameters: 1 -3.28634e-05 -0.000413711 3.12868e-05 0.999995 -0.00294275 0.000413385 0.00294225 0.999996 0.0819647 0.115325 0.0387709
FixedParameters: 0 0 0

#Transform 8
Transform: AffineTransform_float_3_3
Parameters: 1 -0.000267552 -0.000199431 0.000267605 0.999998 -0.00201405 0.000199994 0.00201395 0.999998 0.0902336 0.0600483 0.0407905
FixedParameters: 0 0 0

#Transform 9
Transform: AffineTransform_float_3_3
Parameters: 1 -0.00013555 -0.000385377 0.000135048 0.999998 -0.00176361 0.000385339 0.00176439 0.999998 0.0759895 0.0799439 -0.0154302
FixedParameters: 0 0 0

#Transform 10
Transform: AffineTransform_float_3_3
Parameters: 1 0.000118419 -0.000107642 -0.000118798 0.999999 -0.00176399 0.000107224 0.00176401 0.999999 0.0710271 0.0733473 0.0165394
FixedParameters: 0 0 0

#Transform 11
Transform: AffineTransform_float_3_3
Parameters: 1 -2.49618e-05 -0.000345698 2.41812e-05 1 -0.00112901 0.000345753 0.00112899 1 0.0751752 0.0662517 0.0443066
FixedParameters: 0 0 0

#Transform 12
Transform: AffineTransform_float_3_3
Parameters: 1 -0.000150459 -0.000553819 0.000148993 0.999999 -0.00132308 0.000554215 0.00132292 0.999999 0.0962615 0.0294051 0.00984997
FixedParameters: 0 0 0

#Transform 13
Transform: AffineTransform_float_3_3
Parameters: 1 -0.000282012 -0.000190785 0.000282288 0.999999 -0.00152105 0.000191129 0.00152095 0.999999 0.0909409 0.0544601 -0.00670576
FixedParameters: 0 0 0

#Transform 14
Transform: AffineTransform_float_3_3
Parameters: 0.999999 -0.00025552 -0.000728625 0.000254066 0.999999 -0.000997478 0.000729133 0.00099752 1 0.0147618 0.0421063 -0.0236877
FixedParameters: 0 0 0

#Transform 15
Transform: AffineTransform_float_3_3
Parameters: 1 9.17982e-05 -0.000415816 -9.22082e-05 1 -0.000492962 0.000415725 0.000493038 1 -0.00169028 -0.000981074 0.0211989
FixedParameters: 0 0 0

#Transform 16
Transform: AffineTransform_float_3_3
Parameters: 1 -0.000404253 -0.000117713 0.00040434 1 0.000367952 0.000117415 -0.000368047 1 -0.0081208 0.0146701 0.0560241
FixedParameters: 0 0 0

#Transform 17
Transform: AffineTransform_float_3_3
Parameters: 1 8.57384e-05 0.000193455 -8.60049e-05 1 0.000688983 -0.000193337 -0.000689016 0.999999 -0.0142068 -0.00114218 0.0379795
FixedParameters: 0 0 0

#Transform 18
Transform: AffineTransform_float_3_3
Parameters: 1 0.000113328 -0.000112364 -0.000113251 1 0.000343013 0.000112442 -0.000342987 1 0.00747702 -0.000934104 0.05383
FixedParameters: 0 0 0

#Transform 19
Transform: AffineTransform_float_3_3
Parameters: 1 0.000236786 0.000120161 -0.000236703 1 -0.000345028 -0.000120324 0.000344971 1 0.00269192 0.00898034 0.0294779
FixedParameters: 0 0 0

#Transform 20
Transform: AffineTransform_float_3_3
Parameters: 1 -3.6029e-05 -0.000221031 3.59371e-05 1 -0.000208008 0.000221046 0.000207992 1 -0.00725192 0.017506 0.0132344
FixedParameters: 0 0 0

#Transform 21
Transform: AffineTransform_float_3_3
Parameters: 1 -0.000491874 -0.000444144 0.00049206 1 0.000208781 0.000443939 -0.000209218 1 0.0145505 0.00554034 -0.0187283
FixedParameters: 0 0 0

#Transform 22
Transform: AffineTransform_float_3_3
Parameters: 0.999999 -0.000596292 -0.000618266 0.000596748 1 0.000369366 0.000617826 -0.000369634 0.999999 0.0175454 0.0098374 0.0268002
FixedParameters: 0 0 0

#Transform 23
Transform: AffineTransform_float_3_3
Parameters: 1 2.71313e-05 -0.000246116 -2.70939e-05 1 7.60067e-05 0.00024612 -7.59933e-05 1 -0.0113374 0.0475577 0.00789504
FixedParameters: 0 0 0

#Transform 24
Transform: AffineTransform_float_3_3
Parameters: 1 -0.000191704 5.56745e-05 0.000191697 1 6.40107e-05 -5.56991e-05 -6.39893e-05 1 -0.0156599 -0.0107112 0.0505943
FixedParameters: 0 0 0

#Transform 25
Transform: AffineTransform_float_3_3
Parameters: 1 -0.000143852 0.00013535 0.000144267 1 0.000370019 -0.0001346 -0.000369981 1 -0.0264436 -0.0199042 0.0542038
FixedParameters: 0 0 0

#Transform 26
Transform: AffineTransform_float_3_3
Parameters: 1 -0.000294086 -0.000115162 0.000294299 0.999999 0.000927965 0.000114616 -0.000928033 0.999999 -0.007131 -0.0373311 -0.00354017
FixedParameters: 0 0 0

#Transform 27
Transform: AffineTransform_float_3_3
Parameters: 1 -0.000297216 -0.000120198 0.00029735 1 0.000556964 0.000119867 -0.000557035 1 0.00938746 0.0282295 0.00334469
FixedParameters: 0 0 0

#Transform 28
Transform: AffineTransform_float_3_3
Parameters: 1 -0.000343508 -9.24516e-05 0.000343632 0.999999 0.000672968 9.19891e-05 -0.000673031 1 0.00259154 -0.00182684 0.0402961
FixedParameters: 0 0 0

#Transform 29
Transform: AffineTransform_float_3_3
Parameters: 1 -0.000297158 -0.000120343 0.000297408 1 0.00104497 0.000119722 -0.00104504 1 -0.00707136 -0.0267183 0.0296871
FixedParameters: 0 0 0

#Transform 30
Transform: AffineTransform_float_3_3
Parameters: 1 -2.79545e-05 3.94278e-06 2.7949e-05 1 0.000693 -3.98152e-06 -0.000693 1 0.0161241 0.02418 0.00534147
FixedParameters: 0 0 0

#Transform 31
Transform: AffineTransform_float_3_3
Parameters: 1 -0.000200658 -0.00034841 0.000201432 1 0.00111093 0.000347963 -0.00111107 1 -0.00291182 0.0340039 0.120803
FixedParameters: 0 0 0

#Transform 32
Transform: AffineTransform_float_3_3
Parameters: 1 -0.000411789 -3.49107e-05 0.000411791 1 3.39856e-05 3.48827e-05 -3.40144e-05 1 0.033185 0.0688313 0.073907
FixedParameters: 0 0 0

#Transform 33
Transform: AffineTransform_float_3_3
Parameters: 1 -0.000272532 -7.89901e-05 0.000273106 1 0.000372978 7.96437e-05 -0.000373022 1 0.0335795 -0.00885365 0.0765392
FixedParameters: 0 0 0

#Transform 34
Transform: AffineTransform_float_3_3
Parameters: 1 -0.000280887 2.19612e-05 0.000280914 1 -0.000621994 -2.16118e-05 0.000622006 1 0.0114512 0.0936401 0.0413554
FixedParameters: 0 0 0

#Transform 35
Transform: AffineTransform_float_3_3
Parameters: 1 -0.00052553 0.000395168 0.000525599 1 -8.67923e-05 -0.000395076 8.72076e-05 1 0.00333326 0.0571323 0.0849169
FixedParameters: 0 0 0

#Transform 36
Transform: AffineTransform_float_3_3
Parameters: 1 -0.000293268 0.000255552 0.000293277 1 -1.69251e-05 -0.000255542 1.70749e-05 1 0.0247514 0.051481 0.040088
FixedParameters: 0 0 0

#Transform 37
Transform: AffineTransform_float_3_3
Parameters: 1 0.000129317 1.05722e-06 -0.000129302 0.99999 -0.004454 -2.20912e-06 0.004454 0.99999 0.0841133 0.253178 -0.0789549
FixedParameters: 0 0 0

#Transform 38
Transform: AffineTransform_float_3_3
Parameters: 1 0.000450282 0.000367036 -0.000443361 0.999836 -0.0181092 -0.000374641 0.0181088 0.999836 0.224786 1.25747 -0.557703
FixedParameters: 0 0 0

#Transform 39
Transform: AffineTransform_float_3_3
Parameters: 1 0.000505444 0.001044 -0.000493993 0.999941 -0.0108701 -0.0010504 0.0108699 0.99994 0.224342 0.809788 -0.531977
FixedParameters: 0 0 0

#Transform 40
Transform: AffineTransform_float_3_3
Parameters: 1 0.000240858 0.00112285 -0.000230466 0.999957 -0.00935026 -0.00112554 0.00934973 0.999955 0.212447 0.688082 -0.449728
FixedParameters: 0 0 0

#Transform 41
Transform: AffineTransform_float_3_3
Parameters: 1 0.000426757 0.000920669 -0.000418352 0.999964 -0.00855039 -0.000924632 0.00854961 0.999963 0.19657 0.632654 -0.435545
FixedParameters: 0 0 0

#Transform 42
Transform: AffineTransform_float_3_3
Parameters: 1 -9.35143e-05 0.00120759 0.000101839 0.999976 -0.00699962 -0.0012069 0.00699939 0.999975 0.193288 0.556911 -0.390704
FixedParameters: 0 0 0

#Transform 43
Transform: AffineTransform_float_3_3
Parameters: 1 5.34456e-05 0.001117 -4.76096e-05 0.999985 -0.00560606 -0.00111705 0.00560594 0.999983 0.166706 0.474343 -0.306391
FixedParameters: 0 0 0

#Transform 44
Transform: AffineTransform_float_3_3
Parameters: 0.999998 0.000294028 0.00158224 -0.000286609 0.999988 -0.00472675 -0.00158395 0.00472624 0.999987 0.161914 0.463324 -0.313809
FixedParameters: 0 0 0

#Transform 45
Transform: AffineTransform_float_3_3
Parameters: 0.999997 7.80547e-05 0.00215242 -6.75227e-05 0.999988 -0.00495519 -0.00215365 0.00495482 0.999985 0.159654 0.484413 -0.322703
FixedParameters: 0 0 0

#Transform 46
Transform: AffineTransform_float_3_3
Parameters: 0.999997 2.65136e-05 0.00244324 -1.65356e-05 0.999993 -0.00397208 -0.00244358 0.00397192 0.999989 0.152891 0.435874 -0.311973
FixedParameters: 0 0 0

#Transform 47
Transform: AffineTransform_float_3_3
Parameters: 0.999996 0.000186876 0.00283845 -0.000178577 0.999994 -0.00327414 -0.0028393 0.00327387 0.999991 0.156168 0.444359 -0.30936
FixedParameters: 0 0 0

#Transform 48
Transform: AffineTransform_float_3_3
Parameters: 0.999996 7.62223e-05 0.00265276 -6.57054e-05 0.999992 -0.00392151 -0.00265297 0.00392149 0.999988 0.170136 0.466114 -0.331267
FixedParameters: 0 0 0

#Transform 49
Transform: AffineTransform_float_3_3
Parameters: 0.999996 -5.53923e-05 0.00280924 6.64214e-05 0.999993 -0.00364232 -0.00280896 0.00364167 0.999989 0.151815 0.460984 -0.318094
FixedParameters: 0 0 0

#Transform 50
Transform: AffineTransform_float_3_3
Parameters: 0.999996 -0.000330001 0.00280549 0.000337522 0.999996 -0.00277756 -0.00280345 0.00277844 0.999992 0.161687 0.403611 -0.283095
FixedParameters: 0 0 0

#Transform 51
Transform: AffineTransform_float_3_3
Parameters: 0.999997 -0.000494256 0.00264633 0.000501547 0.999997 -0.00267345 -0.00264538 0.00267556 0.999993 0.171538 0.417703 -0.323422
FixedParameters: 0 0 0

#Transform 52
Transform: AffineTransform_float_3_3
Parameters: 0.999996 -0.000144232 0.00256356 0.00015162 0.999995 -0.00284612 -0.00256306 0.00284588 0.999993 0.141147 0.401198 -0.323407
FixedParameters: 0 0 0

#Transform 53
Transform: AffineTransform_float_3_3
Parameters: 0.999997 -0.000288203 0.00271117 0.000294207 0.999998 -0.00211897 -0.0027113 0.00212003 0.999994 0.136491 0.356145 -0.279665
FixedParameters: 0 0 0

#Transform 54
Transform: AffineTransform_float_3_3
Parameters: 0.999996 -0.0003024 0.00254124 0.000305093 1 -0.000968432 -0.00254048 0.000968567 0.999996 0.0950862 0.223811 -0.209421
FixedParameters: 0 0 0

#Transform 55
Transform: AffineTransform_float_3_3
Parameters: 0.999998 -0.000504237 0.00218879 0.000505007 0.999999 -0.000293099 -0.00218935 0.0002939 0.999997 0.0901757 0.15591 -0.145184
FixedParameters: 0 0 0

#Transform 56
Transform: AffineTransform_float_3_3
Parameters: 0.999996 -0.000397306 0.00281971 0.000396594 1 0.000370357 -0.00281966 -0.000368644 0.999996 0.0874226 0.186339 -0.122202
FixedParameters: 0 0 0

#Transform 57
Transform: AffineTransform_float_3_3
Parameters: 0.999996 -0.000397652 0.00281967 0.000396249 1 0.000492622 -0.00281971 -0.000491379 0.999996 0.103777 0.153401 -0.135659
FixedParameters: 0 0 0

#Transform 58
Transform: AffineTransform_float_3_3
Parameters: 0.999997 -0.000682467 0.00234403 0.000682614 1 0.000151955 -0.00234475 -0.000151046 0.999997 0.111955 0.183641 -0.155782
FixedParameters: 0 0 0

#Transform 59
Transform: AffineTransform_float_3_3
Parameters: 0.999997 -0.00070367 0.00230955 0.000703128 1 0.000414979 -0.00230979 -0.000414022 0.999997 0.103209 0.171044 -0.14644
FixedParameters: 0 0 0

#Transform 60
Transform: AffineTransform_float_3_3
Parameters: 0.999997 -0.00092958 0.00220226 0.000929424 1 3.64013e-05 -0.00220232 -3.45986e-05 0.999998 0.10994 0.174271 -0.151492
FixedParameters: 0 0 0

#Transform 61
Transform: AffineTransform_float_3_3
Parameters: 0.999997 -0.000612119 0.00245705 0.000614418 0.999999 -0.0010257 -0.00245647 0.0010273 0.999996 0.0989795 0.162743 -0.160472
FixedParameters: 0 0 0

#Transform 62
Transform: AffineTransform_float_3_3
Parameters: 0.999993 -0.0012742 0.0035018 0.00126898 0.999998 0.00160343 -0.00350365 -0.00159957 0.999993 0.145722 0.0707311 0.0260684
FixedParameters: 0 0 0

#Transform 63
Transform: AffineTransform_float_3_3
Parameters: 0.999996 -0.00167548 0.00199572 0.00168045 0.999996 -0.00232145 -0.00199118 0.00232455 0.999995 0.168086 0.234749 -0.0903184
FixedParameters: 0 0 0

#Transform 64
Transform: AffineTransform_float_3_3
Parameters: 0.999996 -0.00129855 0.0024274 0.00130122 0.999999 -0.00122093 -0.00242577 0.00122407 0.999996 0.120127 0.171508 -0.0514053
FixedParameters: 0 0 0

#Transform 65
Transform: AffineTransform_float_3_3
Parameters: 0.999997 -0.00140259 0.00225666 0.00140302 0.999999 -0.000398923 -0.00225588 0.000402078 0.999998 0.139886 0.123148 -0.039908
FixedParameters: 0 0 0

#Transform 66
Transform: AffineTransform_float_3_3
Parameters: 0.999996 -0.00129838 0.00242457 0.0012995 0.999999 -0.000230937 -0.00242397 0.000234061 0.999997 0.119761 0.126441 -0.0425782
FixedParameters: 0 0 0

#Transform 67
Transform: AffineTransform_float_3_3
Parameters: 0.999997 -0.00152912 0.00203275 0.00152921 0.999999 -0.000357686 -0.00203199 0.000360314 0.999997 0.124294 0.122547 -0.0212099
FixedParameters: 0 0 0

#Transform 68
Transform: AffineTransform_float_3_3
Parameters: 0.999997 -0.00116145 0.00186573 0.00116102 0.999999 0.000484257 -0.00186651 -0.000481744 0.999998 0.107237 0.0972128 -0.0311813
FixedParameters: 0 0 0

#Transform 69
Transform: AffineTransform_float_3_3
Parameters: 0.999999 -0.000430867 0.0012837 0.000429977 1 0.000547376 -0.00128332 -0.000547624 0.999999 0.0830379 0.0827824 0.0106705
FixedParameters: 0 0 0

#Transform 70
Transform: AffineTransform_float_3_3
Parameters: 1 -0.000488643 0.00090131 0.000488445 0.999999 0.000109706 -0.000901417 -0.000109294 1 0.0721352 0.104332 -2.85387e-05
FixedParameters: 0 0 0

#Transform 71
Transform: AffineTransform_float_3_3
Parameters: 0.999999 -0.00033665 0.00125332 0.00033644 0.999999 8.36869e-05 -0.00125338 -8.33128e-05 0.999999 0.057602 0.0916388 0.0334937
FixedParameters: 0 0 0

#Transform 72
Transform: AffineTransform_float_3_3
Parameters: 0.999999 -0.000512089 0.00145512 0.000511802 1 0.000393276 -0.00145604 -0.000392725 1 0.0633584 0.0545168 0.05092
FixedParameters: 0 0 0

#Transform 73
Transform: AffineTransform_float_3_3
Parameters: 0.999999 -0.000356194 0.00133153 0.000355897 1 0.000112181 -0.00133161 -0.000110819 0.999999 0.0568348 0.0886238 0.00410987
FixedParameters: 0 0 0

#Transform 74
Transform: AffineTransform_float_3_3
Parameters: 0.999999 -0.000313555 0.00131375 0.000313323 1 0.000415119 -0.00131452 -0.000413881 0.999999 0.0651376 0.0781141 -0.00348435
FixedParameters: 0 0 0

#Transform 75
Transform: AffineTransform_float_3_3
Parameters: 0.999999 -0.000466535 0.00135791 0.000466587 1 0.000296458 -0.0013587 -0.000296543 0.999999 0.0647818 0.0813725 0.0128079
FixedParameters: 0 0 0

#Transform 76
Transform: AffineTransform_float_3_3
Parameters: 0.999999 -0.00060029 0.0013974 0.000599977 1 0.000296662 -0.0013969 -0.000296338 0.999999 0.0645603 0.0665311 0.0409368
FixedParameters: 0 0 0

#Transform 77
Transform: AffineTransform_float_3_3
Parameters: 0.999999 -0.000596635 0.00140406 0.000596247 1 0.000627103 -0.00140447 -0.000625898 0.999999 0.0540047 0.0920423 0.0430079
FixedParameters: 0 0 0

#Transform 78
Transform: AffineTransform_float_3_3
Parameters: 0.999999 -0.000744945 0.00115649 0.000744259 1 0.000296685 -0.00115694 -0.000296315 0.999999 0.0634229 0.100477 0.0635224
FixedParameters: 0 0 0

#Transform 79
Transform: AffineTransform_float_3_3
Parameters: 0.999999 -0.000718212 0.0012016 0.000717769 1 0.000755864 -0.00120234 -0.000754138 0.999999 0.0488872 0.106895 0.0801255
FixedParameters: 0 0 0

#Transform 80
Transform: AffineTransform_float_3_3
Parameters: 0.999998 -0.000492633 0.0015766 0.000491832 1 0.000254306 -0.00157685 -0.000253693 0.999999 0.0532918 0.133757 0.104101
FixedParameters: 0 0 0

#Transform 81
Transform: AffineTransform_float_3_3
Parameters: 1 -0.000340398 0.000989272 0.000339542 0.999999 0.000432601 -0.000989566 -0.000432398 0.999999 0.0424718 0.108979 0.20944
FixedParameters: 0 0 0

#Transform 82
Transform: AffineTransform_float_3_3
Parameters: 1 -3.73493e-06 0.00114767 3.04403e-06 1 0.000301445 -0.00114767 -0.000300555 0.999999 0.0602422 0.124712 0.192778
FixedParameters: 0 0 0

#Transform 83
Transform: AffineTransform_float_3_3
Parameters: 1 -0.000549224 0.000827823 0.000548691 1 0.000322454 -0.000828176 -0.000321545 0.999999 0.062819 0.107031 -0.0483043
FixedParameters: 0 0 0

#Transform 84
Transform: AffineTransform_float_3_3
Parameters: 0.999999 -0.000423997 0.00132406 0.000422904 1 0.000412384 -0.00132441 -0.000412615 0.999999 0.0580717 0.0888838 -0.0493379
FixedParameters: 0 0 0

#Transform 85
Transform: AffineTransform_float_3_3
Parameters: 1 -0.000599998 0.00103085 0.000599189 1 0.000392442 -0.00103132 -0.000392558 0.999999 0.0632029 0.0604835 -0.0226165
FixedParameters: 0 0 0

#Transform 86
Transform: AffineTransform_float_3_3
Parameters: 0.999999 -0.000306859 0.00151875 0.000306214 1 0.000212731 -0.00151888 -0.000212269 0.999999 0.0506641 0.112209 -0.0406735
FixedParameters: 0 0 0

#Transform 87
Transform: AffineTransform_float_3_3
Parameters: 0.999999 -0.000365988 0.00142236 0.000363825 0.999999 0.00124278 -0.00142292 -0.00124221 0.999998 0.0461278 0.070748 0.0212861
FixedParameters: 0 0 0

#Transform 88
Transform: AffineTransform_float_3_3
Parameters: 1 -0.000203318 0.00118535 0.000202148 1 0.000854506 -0.00118622 -0.000854495 0.999999 0.0839275 0.126291 0.00277764
FixedParameters: 0 0 0

#Transform 89
Transform: AffineTransform_float_3_3
Parameters: 0.999999 0.000152495 0.00132536 -0.000153077 0.999999 0.000737504 -0.00132479 -0.000737496 0.999999 0.0481967 0.115759 -0.0215035
FixedParameters: 0 0 0

#Transform 90
Transform: AffineTransform_float_3_3
Parameters: 0.999999 -1.81385e-05 0.0013761 1.64795e-05 0.999999 0.00110129 -0.00137579 -0.00110171 0.999998 0.0612495 0.0854152 -0.0111864
FixedParameters: 0 0 0

#Transform 91
Transform: AffineTransform_float_3_3
Parameters: 1 -7.72747e-05 0.000615517 7.66382e-05 1 0.000517047 -0.000615597 -0.000516952 0.999999 0.0703774 0.110973 0.00800338
FixedParameters: 0 0 0

#Transform 92
Transform: AffineTransform_float_3_3
Parameters: 0.999999 6.51099e-06 0.00101407 -6.77723e-06 1 0.000808435 -0.00101372 -0.000807565 0.999999 0.0629477 0.0840015 0.0529915
FixedParameters: 0 0 0

#Transform 93
Transform: AffineTransform_float_3_3
Parameters: 1 0.000155726 0.000437099 -0.000156954 0.999999 0.00140593 -0.000436659 -0.00140607 0.999999 0.0644438 0.0735698 0.0864686
FixedParameters: 0 0 0

#Transform 94
Transform: AffineTransform_float_3_3
Parameters: 0.999999 0.000401944 0.000617188 -0.000403336 0.999999 0.00182375 -0.000616234 -0.00182425 0.999998 0.0779818 0.101154 0.0811414
FixedParameters: 0 0 0

#Transform 95
Transform: AffineTransform_float_3_3
Parameters: 0.999999 0.00011666 0.000722656 -0.000117834 0.999999 0.00176292 -0.0007219 -0.00176309 0.999998 0.0978265 0.0747529 0.0891265
FixedParameters: 0 0 0

#Transform 96
Transform: AffineTransform_float_3_3
Parameters: 1 -0.000281878 0.000193046 0.00028245 0.999998 0.00206905 -0.000193871 -0.00206894 0.999998 0.104426 0.0769406 0.0591988
FixedParameters: 0 0 0

#Transform 97
Transform: AffineTransform_float_3_3
Parameters: 1 -0.000277326 0.0006273 0.000276163 0.999998 0.00202017 -0.000628076 -0.00201983 0.999998 0.0819283 0.0578325 0.052819
FixedParameters: 0 0 0

#Transform 98
Transform: AffineTransform_float_3_3
Parameters: 1 -0.000323825 0.000218353 0.000323649 0.999998 0.00158307 -0.000218521 -0.00158293 0.999998 0.0885894 0.104125 0.0209487
FixedParameters: 0 0 0

#Transform 99
Transform: AffineTransform_float_3_3
Parameters: 1 -2.99482e-05 -4.61747e-05 3.01345e-05 0.999998 0.00202 4.60533e-05 -0.00202 0.999998 0.106632 0.0509739 0.0997422
FixedParameters: 0 0 0

#Transform 100
Transform: AffineTransform_float_3_3
Parameters: 1 -0.000147114 0.000112492 0.000147208 0.999998 0.00187102 -0.000112186 -0.00187098 0.999998 0.104841 0.0861868 0.0418657
FixedParameters: 0 0 0

#Transform 101
Transform: AffineTransform_float_3_3
Parameters: 1 -8.25237e-05 0.000621587 8.1672e-05 0.999999 0.00178905 -0.000621539 -0.00178895 0.999998 0.0790455 0.0538502 0.00640722
FixedParameters: 0 0 0

#Transform 102
Transform: AffineTransform_float_3_3
Parameters: 1 -0.000939877 0.000237099 0.000939963 0.999999 0.000903782 -0.000237942 -0.000904218 0.999999 0.0695458 0.0733278 -0.0575099
FixedParameters: 0 0 0

#Transform 103
Transform: AffineTransform_float_3_3
Parameters: 1 -0.000269875 0.00108925 0.000267596 0.999999 0.00167556 -0.00108981 -0.00167544 0.999998 0.0152969 0.0747437 -0.00136015
FixedParameters: 0 0 0

#Transform 104
Transform: AffineTransform_float_3_3
Parameters: 1 -3.58372e-05 0.00119893 3.519e-05 0.999999 0.00119931 -0.00119918 -0.00119969 0.999999 -0.00522217 0.0939802 -0.0158189
FixedParameters: 0 0 0

#Transform 105
Transform: AffineTransform_float_3_3
Parameters: 0.999999 -6.85508e-05 0.00132785 6.6456e-05 1 0.00150009 -0.00132686 -0.00149991 0.999998 -0.0028144 0.0752381 -0.00651066
FixedParameters: 0 0 0

#Transform 106
Transform: AffineTransform_float_3_3
Parameters: 0.999998 -0.000115113 0.00161438 0.000112654 0.999999 0.00161145 -0.00161406 -0.00161155 0.999997 -0.0139874 0.0561695 -0.0145849
FixedParameters: 0 0 0

#Transform 107
Transform: AffineTransform_float_3_3
Parameters: 0.999998 -5.63933e-05 0.00171219 5.39455e-05 0.999999 0.00151636 -0.00171167 -0.00151664 0.999997 -0.0163925 0.0888283 -0.0139591
FixedParameters: 0 0 0

#Transform 108
Transform: AffineTransform_float_3_3
Parameters: 0.999999 -0.000305268 0.00129689 0.00030277 0.999999 0.00169139 -0.00129672 -0.00169061 0.999997 -0.0153207 0.0718359 -0.00631258
FixedParameters: 0 0 0

#Transform 109
Transform: AffineTransform_float_3_3
Parameters: 0.999999 -0.00018488 0.00149849 0.000181946 0.999998 0.00189498 -0.0014985 -0.00189402 0.999997 -0.012628 0.0418283 -0.0116201
FixedParameters: 0 0 0

#Transform 110
Transform: AffineTransform_float_3_3
Parameters: 0.999998 -0.000135354 0.00157764 0.000133961 1 0.000441477 -0.00157776 -0.000441522 0.999999 0.00784812 0.0953892 -0.0590303
FixedParameters: 0 0 0

#Transform 111
Transform: AffineTransform_float_3_3
Parameters: 1 -8.10067e-05 0.00122068 8.17453e-05 1 -0.000864636 -0.00122088 0.000864365 0.999999 -0.00779946 0.120174 -0.0716339
FixedParameters: 0 0 0

#Transform 112
Transform: AffineTransform_float_3_3
Parameters: 0.999998 -5.8788e-06 0.00168188 3.31457e-06 0.999999 0.00157827 -0.00168121 -0.00157873 0.999997 -0.0148875 0.0233872 0.0147405
FixedParameters: 0 0 0

#Transform 113
Transform: AffineTransform_float_3_3
Parameters: 1 -9.98377e-05 0.00120555 9.75752e-05 0.999999 0.00150783 -0.0012055 -0.00150717 0.999998 -0.00679024 0.0700405 0.16416
FixedParameters: 0 0 0

#Transform 114
Transform: AffineTransform_float_3_3
Parameters: 1 -0.000303998 0.00118421 0.000301781 0.999999 0.00173336 -0.00118406 -0.00173264 0.999998 -0.0139331 0.0733957 0.106229
FixedParameters: 0 0 0

#Transform 115
Transform: AffineTransform_float_3_3
Parameters: 0.999999 -0.000273412 0.000669958 0.000272992 1 0.000952449 -0.000670993 -0.000952552 1 0.00547001 0.089144 0.0327667
FixedParameters: 0 0 0

#Transform 116
Transform: AffineTransform_float_3_3
Parameters: 1 -0.000110717 -9.77692e-05 0.000110812 0.999993 -0.00388801 9.81155e-05 0.00388799 0.999993 0.0433119 0.311698 -0.109284
FixedParameters: 0 0 0

#Transform 117
Transform: AffineTransform_float_3_3
Parameters: 0.999999 -0.00023454 0.000854678 0.000235314 0.999999 -0.0012558 -0.00085443 0.0012562 0.999999 -0.00653489 0.132314 0.00609452
FixedParameters: 0 0 0

#Transform 118
Transform: AffineTransform_float_3_3
Parameters: 1 -8.53443e-05 0.00113743 8.54012e-05 1 -2.49029e-05 -0.00113743 2.50971e-05 0.999999 -0.00344539 0.0698689 -0.0159579
FixedParameters: 0 0 0

#Transform 119
Transform: AffineTransform_float_3_3
Parameters: 0.999999 -0.000137975 0.000967581 0.000137599 1 -0.000514867 -0.000967782 0.000515133 0.999999 0.0015304 0.132615 -0.035666
FixedParameters: 0 0 0
