#Insight Transform File V1.0
#Transform 0
Transform: AffineTransform_float_3_3
Parameters: 0.999993 -0.000334339 -0.00391174 0.000313224 0.999985 -0.00532557 0.00391362 0.00532443 0.999979 -0.129461 -0.140377 -0.26306
FixedParameters: 0 0 0

#Transform 1
Transform: AffineTransform_float_3_3
Parameters: 0.999985 0.00121967 -0.00529388 -0.00131538 0.999836 -0.0180525 0.0052712 0.0180594 0.999822 -0.127913 -0.154125 -0.522925
FixedParameters: 0 0 0

#Transform 2
Transform: AffineTransform_float_3_3
Parameters: 0.999989 0.00115653 -0.00456262 -0.0011969 0.999961 -0.00875653 0.00455319 0.00876248 0.999952 -0.111537 -0.0536509 -0.40063
FixedParameters: 0 0 0

#Transform 3
Transform: AffineTransform_float_3_3
Parameters: 0.999996 0.000400714 -0.00262764 -0.000412296 0.99999 -0.0044199 0.00262482 0.0044211 0.999987 -0.0621511 -0.101207 -0.162159
FixedParameters: 0 0 0

#Transform 4
Transform: AffineTransform_float_3_3
Parameters: 0.999997 8.06041e-05 -0.00211984 -8.7087e-05 0.999994 -0.00342859 0.00211963 0.00342941 0.999992 -0.0603462 -0.106238 -0.14894
FixedParameters: 0 0 0

#Transform 5
Transform: AffineTransform_float_3_3
Parameters: 0.999998 0.000255288 -0.00192985 -0.000263238 0.999991 -0.00426608 0.00192888 0.00426592 0.999989 -0.0526787 -0.0755875 -0.206539
FixedParameters: 0 0 0

#Transform 6
Transform: AffineTransform_float_3_3
Parameters: 0.999998 0.000258923 -0.00168333 -0.000264619 0.999993 -0.00382135 0.00168215 0.00382165 0.999991 -0.072107 -0.0796221 -0.154994
FixedParameters: 0 0 0

#Transform 7
Transform: AffineTransform_float_3_3
Parameters: 0.999999 0.000159944 -0.00121484 -0.000163323 0.999994 -0.00341959 0.00121458 0.0034194 0.999993 -0.0733916 -0.0718485 -0.11116
FixedParameters: 0 0 0

#Transform 8
Transform: AffineTransform_float_3_3
Parameters: 0.999999 -5.81218e-06 -0.00079514 4.20837e-06 0.999997 -0.00241479 0.000795139 0.0024142 0.999997 -0.0654359 -0.107947 -0.0573393
FixedParameters: 0 0 0

#Transform 9
Transform: AffineTransform_float_3_3
Parameters: 0.999999 -4.75141e-05 -0.000875067 4.47842e-05 0.999996 -0.00283704 0.000875304 0.00283696 0.999995 -0.0520194 -0.059389 -0.105671
FixedParameters: 0 0 0

#Transform 10
Transform: AffineTransform_float_3_3
Parameters: 1 -0.000409001 -0.000449723 0.000408688 1 -0.000348184 0.000450008 0.000347816 1 -0.0508169 -0.0715862 -0.0741729
FixedParameters: 0 0 0

#Transform 11
Transform: AffineTransform_float_3_3
Parameters: 1 -0.000207496 -0.000553421 0.000207287 0.999999 -0.000992708 0.000553376 0.000993292 0.999999 -0.0441492 -0.041243 -0.0822254
FixedParameters: 0 0 0

#Transform 12
Transform: AffineTransform_float_3_3
Parameters: 1 2.77497e-05 -0.000367526 -2.85075e-05 1 -0.00103099 0.000367468 0.00103101 1 -0.0173623 -0.0496025 -0.0938208
FixedParameters: 0 0 0

#Transform 13
Transform: AffineTransform_float_3_3
Parameters: 1 2.35729e-05 -0.000143883 -2.42245e-05 0.999998 -0.002265 0.000143775 0.00226501 0.999998 -0.0239553 -0.0234917 -0.0537749
FixedParameters: 0 0 0

#Transform 14
Transform: AffineTransform_float_3_3
Parameters: 1 -0.000367416 -0.00106736 0.000365571 0.999998 -0.00169698 0.00106769 0.00169701 0.999998 -0.0120872 -0.0205684 -0.114708
FixedParameters: 0 0 0

#Transform 15
Transform: AffineTransform_float_3_3
Parameters: 0.999999 2.74732e-05 0.000741656 -2.74232e-05 0.999999 -0.000633811 -0.000741234 0.000633188 0.999999 0.00862079 -0.0283119 -0.0447332
FixedParameters: 0 0 0

#Transform 16
Transform: AffineTransform_float_3_3
Parameters: 1 -0.0010285 0.000534324 0.00102814 0.999999 0.000767143 -0.000535013 -0.000766857 0.999999 0.0675559 0.133434 -0.0823834
FixedParameters: 0 0 0

#Transform 17
Transform: AffineTransform_float_3_3
Parameters: 1 -0.000292852 0.000350945 0.000292853 0.999999 -0.000650897 -0.000351453 0.000651103 0.999999 0.0152865 -0.00713324 -0.0635505
FixedParameters: 0 0 0

#Transform 18
Transform: AffineTransform_float_3_3
Parameters: 1 -0.000329122 -0.000288529 0.000329348 1 0.000391905 0.000288271 -0.000392095 1 0.0250049 0.104763 -0.109651
FixedParameters: 0 0 0

#Transform 19
Transform: AffineTransform_float_3_3
Parameters: 1 -0.000141481 0.000234538 0.000141343 1 0.000294033 -0.000234621 -0.000293967 1 0.00497467 0.021289 -0.0602294
FixedParameters: 0 0 0

#Transform 20
Transform: AffineTransform_float_3_3
Parameters: 1 -0.000234222 -0.000346215 0.000234111 1 -0.000161081 0.000346291 0.000160919 1 0.00159204 0.00918421 0.00822885
FixedParameters: 0 0 0

#Transform 21
Transform: AffineTransform_float_3_3
Parameters: 0.999999 8.22647e-06 -0.000943334 -7.98108e-06 0.999999 -0.000583377 0.000943757 0.000583624 1 -0.00795168 0.00925485 0.0101654
FixedParameters: 0 0 0

#Transform 22
Transform: AffineTransform_float_3_3
Parameters: 0.999999 0.000100831 -0.000845214 -0.000102274 0.999999 -0.00137991 0.000844476 0.00138009 0.999998 -0.00972166 -0.0386852 -0.0231571
FixedParameters: 0 0 0

#Transform 23
Transform: AffineTransform_float_3_3
Parameters: 1 -0.000125605 -0.000375106 0.000125115 1 -0.000653047 0.000375269 0.000652953 0.999999 -0.0301923 -0.0591279 -0.00416155
FixedParameters: 0 0 0

#Transform 24
Transform: AffineTransform_float_3_3
Parameters: 1 -7.59152e-06 -0.00014571 7.26656e-06 1 -0.001115 0.000145726 0.001115 1 -0.0212254 -0.0342094 -0.0416374
FixedParameters: 0 0 0

#Transform 25
Transform: AffineTransform_float_3_3
Parameters: 1 -0.000236612 0.000291808 0.000237262 1 -0.00111493 -0.000291279 0.00111507 1 -0.005941 -0.0674652 0.0951256
FixedParameters: 0 0 0

#Transform 26
Transform: AffineTransform_float_3_3
Parameters: 1 -0.000413053 5.41501e-05 0.00041315 0.999999 -0.000908977 -5.33991e-05 0.000909021 0.999999 -0.00658467 -0.0503971 0.108399
FixedParameters: 0 0 0

#Transform 27
Transform: AffineTransform_float_3_3
Parameters: 1 -6.40715e-05 0.000202968 6.47097e-05 0.999999 -0.00157299 -0.000202765 0.00157301 0.999998 0.0069001 -0.0216424 0.0723251
FixedParameters: 0 0 0

#Transform 28
Transform: AffineTransform_float_3_3
Parameters: 1 -0.000279358 0.000313726 0.000279901 0.999999 -0.000865912 -0.000313242 0.000866087 0.999999 -0.000134834 -0.0415779 0.0785488
FixedParameters: 0 0 0

#Transform 29
Transform: AffineTransform_float_3_3
Parameters: 1 -0.000272836 0.000184419 0.000273188 1 -0.000955951 -0.000183897 0.000956051 1 -0.000461597 -0.0188362 0.107513
FixedParameters: 0 0 0

#Transform 30
Transform: AffineTransform_float_3_3
Parameters: 1 -0.000279373 0.000313712 0.000279885 0.999999 -0.000816912 -0.000313256 0.000817087 0.999999 -0.00561108 -0.0283334 0.127874
FixedParameters: 0 0 0

#Transform 31
Transform: AffineTransform_float_3_3
Parameters: 1 -0.000279358 0.000313726 0.0002799 0.999999 -0.000864912 -0.000313242 0.000865087 0.999999 0.0041135 -0.0400192 0.122471
FixedParameters: 0 0 0

#Transform 32
Transform: AffineTransform_float_3_3
Parameters: 1 -0.000279353 0.000313731 0.000279906 0.999999 -0.000881911 -0.000313237 0.000882087 0.999999 -0.00560649 -0.0587655 0.115352
FixedParameters: 0 0 0

#Transform 33
Transform: AffineTransform_float_3_3
Parameters: 0.999999 -0.000260182 0.000908644 0.000260385 1 -0.000362763 -0.000909344 0.000363237 0.999999 0.00818263 -0.0236686 0.150584
FixedParameters: 0 0 0

#Transform 34
Transform: AffineTransform_float_3_3
Parameters: 0.999999 -5.10474e-05 0.000921465 5.10783e-05 0.999999 -0.000499744 -0.000920957 0.000499256 0.999999 -0.00426217 -0.0285092 0.138485
FixedParameters: 0 0 0

#Transform 35
Transform: AffineTransform_float_3_3
Parameters: 0.999999 -0.000114154 0.00124285 0.000115015 1 -0.000346242 -0.00124277 0.000346758 1 0.0124687 -0.0217135 0.138461
FixedParameters: 0 0 0

#Transform 36
Transform: AffineTransform_float_3_3
Parameters: 0.999999 -0.000260283 0.00098733 0.000259895 1 -0.000253743 -0.000986741 0.000254257 0.999999 -0.000467015 -0.0269666 0.13459
FixedParameters: 0 0 0

#Transform 37
Transform: AffineTransform_float_3_3
Parameters: 0.999999 0.000122953 0.000794712 -0.000122755 1 -0.000125098 -0.000794742 0.000124902 0.999999 0.00193042 -0.0391327 0.102807
FixedParameters: 0 0 0

#Transform 38
Transform: AffineTransform_float_3_3
Parameters: 1 -0.000436549 0.000937481 0.000437157 0.999999 -0.000324381 -0.000937198 0.000324618 0.999999 0.00910099 -0.0338979 0.108367
FixedParameters: 0 0 0

#Transform 39
Transform: AffineTransform_float_3_3
Parameters: 0.999999 -0.000151294 0.00149321 0.000151039 1 8.58411e-05 -0.00149324 -8.51587e-05 0.999999 0.0278121 -0.0452921 0.122843
FixedParameters: 0 0 0

#Transform 40
Transform: AffineTransform_float_3_3
Parameters: 0.999999 -0.000174365 0.00144788 0.000174592 1 -7.81318e-05 -0.00144785 7.8868e-05 0.999999 0.0276705 -0.0435767 0.126863
FixedParameters: 0 0 0

#Transform 41
Transform: AffineTransform_float_3_3
Parameters: 0.999999 -0.000162887 0.00121694 0.000162565 1 0.000132813 -0.00121698 -0.000132186 1 0.0235921 -0.0468055 0.153198
FixedParameters: 0 0 0

#Transform 42
Transform: AffineTransform_float_3_3
Parameters: 1 -0.000369913 0.001068 0.000369406 0.999999 0.000237603 -0.00106817 -0.000237396 0.999999 0.0199326 -0.0205577 0.154966
FixedParameters: 0 0 0

#Transform 43
Transform: AffineTransform_float_3_3
Parameters: 0.999999 -6.22911e-05 0.00153691 6.15246e-05 1 0.000687305 -0.00153656 -0.000687696 0.999999 -0.0246419 0.0117733 -0.00381178
FixedParameters: 0 0 0

#Transform 44
Transform: AffineTransform_float_3_3
Parameters: 0.999998 0.000952895 0.00207484 -0.000953615 1 0.000387242 -0.00207456 -0.000388758 0.999998 0.0324223 -0.049407 0.0271926
FixedParameters: 0 0 0

#Transform 45
Transform: AffineTransform_float_3_3
Parameters: 0.999995 0.00044495 0.00305777 -0.000444855 0.999999 -1.61073e-05 -0.00305778 1.48925e-05 0.999995 0.0772903 0.143995 0.0333156
FixedParameters: 0 0 0

#Transform 46
Transform: AffineTransform_float_3_3
Parameters: 0.999999 0.000305606 0.00179715 -0.000304907 1 -0.000194933 -0.00179727 0.000194066 0.999998 0.0629123 -0.0245368 0.024623
FixedParameters: 0 0 0

#Transform 47
Transform: AffineTransform_float_3_3
Parameters: 0.999998 0.00136132 -0.00136747 -0.00137109 0.999974 -0.00707174 0.00135788 0.00707326 0.999974 0.0694077 0.0206596 -0.132006
FixedParameters: 0 0 0

#Transform 48
Transform: AffineTransform_float_3_3
Parameters: 0.999998 0.00135341 -0.00152929 -0.00136423 0.999973 -0.00710532 0.00152015 0.00710667 0.999973 0.0220666 0.0225756 -0.140284
FixedParameters: 0 0 0

#Transform 49
Transform: AffineTransform_float_3_3
Parameters: 0.999947 -0.00964382 -0.00364329 0.00967798 0.999907 0.00956342 0.00355023 -0.00959858 0.999948 -0.830082 -0.550637 -1.04538
FixedParameters: 0 0 0

#Transform 50
Transform: AffineTransform_float_3_3
Parameters: 0.999775 -0.0192943 0.00882163 0.0189228 0.999004 0.040402 -0.00959261 -0.0402259 0.999144 -1.24586 -0.929707 -1.78375
FixedParameters: 0 0 0

#Transform 51
Transform: AffineTransform_float_3_3
Parameters: 0.999975 -0.00667264 0.0023122 0.00661968 0.999731 0.0222196 -0.00246048 -0.0222033 0.99975 -0.586123 -0.635901 -1.02649
FixedParameters: 0 0 0

#Transform 52
Transform: AffineTransform_float_3_3
Parameters: 0.999999 0.000404762 -0.00135867 -0.000392936 0.999961 0.00880175 0.0013618 -0.00880124 0.99996 -0.0197279 -0.0840367 -0.444531
FixedParameters: 0 0 0

#Transform 53
Transform: AffineTransform_float_3_3
Parameters: 1 0.000642689 1.57774e-05 -0.000643416 0.999964 0.00849278 -1.02162e-05 -0.00849221 0.999963 -0.0457573 -0.137042 -0.490199
FixedParameters: 0 0 0

#Transform 54
Transform: AffineTransform_float_3_3
Parameters: 1 0.00038584 0.000249464 -0.00038847 0.999953 0.0097119 -0.00024644 -0.00971209 0.999953 -0.0882428 -0.122708 -0.448763
FixedParameters: 0 0 0

#Transform 55
Transform: AffineTransform_float_3_3
Parameters: 0.999999 0.000274265 0.00149944 -0.000287585 0.999958 0.0092102 -0.00149711 -0.00921082 0.999957 -0.0932262 -0.122878 -0.361923
FixedParameters: 0 0 0

#Transform 56
Transform: AffineTransform_float_3_3
Parameters: 0.999997 0.000503909 0.00212126 -0.000520729 0.99997 0.00775693 -0.00211707 -0.00775806 0.999967 -0.0660929 -0.130888 -0.271402
FixedParameters: 0 0 0

#Transform 57
Transform: AffineTransform_float_3_3
Parameters: 0.999997 0.000353668 0.00213047 -0.000371989 0.999964 0.00838945 -0.00212771 -0.00839054 0.999962 -0.0604772 -0.121635 -0.215544
FixedParameters: 0 0 0

#Transform 58
Transform: AffineTransform_float_3_3
Parameters: 0.999997 0.000495833 0.00220687 -0.000513719 0.999967 0.00809912 -0.00220336 -0.00810088 0.999965 -0.0607462 -0.0934792 -0.238996
FixedParameters: 0 0 0

#Transform 59
Transform: AffineTransform_float_3_3
Parameters: 0.999997 0.00016653 0.00214751 -0.000184721 0.999966 0.00829645 -0.00214568 -0.00829755 0.999963 -0.0593713 -0.142448 -0.172194
FixedParameters: 0 0 0

#Transform 60
Transform: AffineTransform_float_3_3
Parameters: 0.999997 0.000240298 0.00263489 -0.000263547 0.999961 0.00882097 -0.00263339 -0.00882102 0.999957 -0.0611566 -0.128316 -0.174326
FixedParameters: 0 0 0

#Transform 61
Transform: AffineTransform_float_3_3
Parameters: 0.999997 0.000316926 0.00264265 -0.000339127 0.999965 0.00843077 -0.0026396 -0.00843123 0.999961 -0.0597735 -0.0997607 -0.183486
FixedParameters: 0 0 0

#Transform 62
Transform: AffineTransform_float_3_3
Parameters: 0.999997 0.000269851 0.00265079 -0.000291581 0.999966 0.0083149 -0.00264861 -0.00831511 0.999962 -0.0594369 -0.0808861 -0.155929
FixedParameters: 0 0 0

#Transform 63
Transform: AffineTransform_float_3_3
Parameters: 0.999995 0.000381465 0.00296881 -0.00040526 0.999967 0.00807209 -0.00296586 -0.00807292 0.999963 -0.0477761 -0.093352 -0.120161
FixedParameters: 0 0 0

#Transform 64
Transform: AffineTransform_float_3_3
Parameters: 0.999998 0.00121328 0.00192509 -0.00122028 0.999992 0.00390047 -0.00191971 -0.00390353 0.999991 -0.05038 -0.0591016 -0.159675
FixedParameters: 0 0 0

#Transform 65
Transform: AffineTransform_float_3_3
Parameters: 0.999998 0.00047959 0.00198547 -0.000491514 0.999981 0.00604006 -0.00198242 -0.00604094 0.99998 -0.0464836 -0.0903789 -0.0936443
FixedParameters: 0 0 0

#Transform 66
Transform: AffineTransform_float_3_3
Parameters: 0.999998 7.72424e-05 0.00192686 -9.38157e-05 0.999963 0.00859486 -0.00192602 -0.00859415 0.999961 -0.118951 -0.0641424 -0.31913
FixedParameters: 0 0 0

#Transform 67
Transform: AffineTransform_float_3_3
Parameters: 0.999999 -0.00142789 0.000459889 0.00142182 0.999928 0.0119143 -0.00047735 -0.0119137 0.999929 -0.17945 -0.188596 -0.543141
FixedParameters: 0 0 0

#Transform 68
Transform: AffineTransform_float_3_3
Parameters: 1 -0.000706302 -0.000632886 0.000711557 0.999967 0.00802196 0.00062738 -0.00802204 0.999968 -0.0543585 -0.102323 -0.2214
FixedParameters: 0 0 0

#Transform 69
Transform: AffineTransform_float_3_3
Parameters: 1 -0.000402896 1.59115e-05 0.000402202 0.999966 0.00821901 -1.89463e-05 -0.008219 0.999966 -0.0542867 -0.119107 -0.224764
FixedParameters: 0 0 0

#Transform 70
Transform: AffineTransform_float_3_3
Parameters: 1 -7.81648e-05 0.000398663 7.44672e-05 0.999963 0.00859303 -0.000398221 -0.00859297 0.999963 -0.063751 -0.098938 -0.251045
FixedParameters: 0 0 0

#Transform 71
Transform: AffineTransform_float_3_3
Parameters: 1 -0.000175719 0.000613655 0.000170261 0.999967 0.00810711 -0.000614274 -0.00810689 0.999967 -0.0726418 -0.101067 -0.246841
FixedParameters: 0 0 0

#Transform 72
Transform: AffineTransform_float_3_3
Parameters: 1 6.25873e-05 0.000703235 -6.74888e-05 0.999974 0.00729896 -0.000702792 -0.00729905 0.999973 -0.0733342 -0.121614 -0.246725
FixedParameters: 0 0 0

#Transform 73
Transform: AffineTransform_float_3_3
Parameters: 0.999999 0.000295596 0.000694286 -0.000300298 0.999974 0.00723779 -0.000692715 -0.0072382 0.999973 -0.0721766 -0.0574972 -0.241183
FixedParameters: 0 0 0

#Transform 74
Transform: AffineTransform_float_3_3
Parameters: 0.999996 -0.00238531 0.00180974 0.00236558 0.999939 0.0107641 -0.00183604 -0.0107599 0.999941 0.0305432 0.470625 -0.441472
FixedParameters: 0 0 0

#Transform 75
Transform: AffineTransform_float_3_3
Parameters: 0.999997 -0.00012466 0.00247818 0.000108434 0.99998 0.00634411 -0.00247849 -0.00634388 0.999976 -0.0302992 0.0509241 -0.291755
FixedParameters: 0 0 0

#Transform 76
Transform: AffineTransform_float_3_3
Parameters: 0.999998 0.00171003 -1.98296e-05 -0.00171008 0.999995 -0.00260559 1.53903e-05 0.00260542 0.999997 -0.157041 -0.0251642 -0.855892
FixedParameters: 0 0 0

#Transform 77
Transform: AffineTransform_float_3_3
Parameters: 0.999999 0.00159401 0.000875466 -0.00159324 0.999997 -0.0017012 -0.000878626 0.0016998 0.999999 0.0153277 -0.105457 -0.243806
FixedParameters: 0 0 0

#Transform 78
Transform: AffineTransform_float_3_3
Parameters: 0.999997 0.00188106 0.00113804 -0.00187734 0.999995 -0.00258815 -0.00114327 0.00258584 0.999996 0.0274626 -0.0456215 -0.346236
FixedParameters: 0 0 0

#Transform 79
Transform: AffineTransform_float_3_3
Parameters: 0.999999 0.00150419 0.00110009 -0.00150286 0.999998 -0.00120367 -0.0011019 0.00120233 0.999998 0.0156652 -0.0578803 -0.30281
FixedParameters: 0 0 0

#Transform 80
Transform: AffineTransform_float_3_3
Parameters: 0.999998 0.00117489 0.00107586 -0.00117461 0.999999 -0.000132066 -0.00107617 0.000130933 0.999999 0.0150161 -0.068396 -0.279157
FixedParameters: 0 0 0

#Transform 81
Transform: AffineTransform_float_3_3
Parameters: 0.999998 0.00132609 0.00139787 -0.0013266 0.999998 0.000817751 -0.00139661 -0.000819249 0.999999 0.0388557 -0.049856 -0.213858
FixedParameters: 0 0 0

#Transform 82
Transform: AffineTransform_float_3_3
Parameters: 0.999999 0.000211772 0.00142477 -0.000215606 0.999998 0.0021311 -0.00142389 -0.0021309 0.999996 0.056119 0.169067 -0.268586
FixedParameters: 0 0 0

#Transform 83
Transform: AffineTransform_float_3_3
Parameters: 0.999999 -0.000220585 0.00149445 0.000217684 0.999998 0.00187194 -0.0014944 -0.00187106 0.999997 0.0754861 0.202443 -0.265702
FixedParameters: 0 0 0

#Transform 84
Transform: AffineTransform_float_3_3
Parameters: 0.999999 0.00017476 0.00135267 -0.000178567 0.999998 0.00223397 -0.0013519 -0.00223503 0.999997 0.0549046 0.0933647 -0.252313
FixedParameters: 0 0 0

#Transform 85
Transform: AffineTransform_float_3_3
Parameters: 0.999999 0.000582973 0.00146066 -0.000586711 0.999996 0.00265596 -0.00145849 -0.00265604 0.999995 0.0297034 0.0539742 -0.213585
FixedParameters: 0 0 0

#Transform 86
Transform: AffineTransform_float_3_3
Parameters: 0.999999 0.00110987 0.00148012 -0.00111305 0.999996 0.00242417 -0.0014779 -0.00242583 0.999997 0.0307515 0.0590748 -0.193015
FixedParameters: 0 0 0

#Transform 87
Transform: AffineTransform_float_3_3
Parameters: 0.999998 0.00105901 0.001697 -0.0010636 0.999997 0.00240401 -0.00169372 -0.00240599 0.999996 0.0332688 0.0511935 -0.153961
FixedParameters: 0 0 0

#Transform 88
Transform: AffineTransform_float_3_3
Parameters: 0.999998 0.000858861 0.00217086 -0.000865034 0.999996 0.00275694 -0.00216795 -0.00275906 0.999993 0.0375448 0.040174 -0.142754
FixedParameters: 0 0 0

#Transform 89
Transform: AffineTransform_float_3_3
Parameters: 0.999998 0.000819119 0.00210135 -0.000824527 0.999997 0.00266609 -0.00209882 -0.00266791 0.999994 0.042272 0.052204 -0.155878
FixedParameters: 0 0 0

#Transform 90
Transform: AffineTransform_float_3_3
Parameters: 0.999998 0.000803398 0.00212512 -0.000809034 0.999996 0.00258172 -0.0021237 -0.00258328 0.999995 0.0400568 0.0384559 -0.121579
FixedParameters: 0 0 0

#Transform 91
Transform: AffineTransform_float_3_3
Parameters: 0.999997 0.000742965 0.00204926 -0.000748362 0.999996 0.00273129 -0.00204704 -0.00273271 0.999994 0.0398168 0.0225451 -0.135129
FixedParameters: 0 0 0

#Transform 92
Transform: AffineTransform_float_3_3
Parameters: 0.999996 0.000759024 0.00277069 -0.000767976 0.999995 0.00298152 -0.0027689 -0.00298448 0.999992 0.0471388 0.0320341 -0.121245
FixedParameters: 0 0 0

#Transform 93
Transform: AffineTransform_float_3_3
Parameters: 0.999997 0.00070093 0.00244212 -0.000708767 0.999994 0.00315492 -0.00244044 -0.00315708 0.999992 0.0424893 0.0336435 -0.102778
FixedParameters: 0 0 0

#Transform 94
Transform: AffineTransform_float_3_3
Parameters: 0.999996 0.000607687 0.0027262 -0.000616878 0.999994 0.00356897 -0.00272373 -0.00357103 0.99999 0.0446979 0.0348255 -0.098326
FixedParameters: 0 0 0

#Transform 95
Transform: AffineTransform_float_3_3
Parameters: 0.999995 0.000536528 0.00310848 -0.000547137 0.999995 0.00321457 -0.00310644 -0.00321643 0.99999 0.0570423 0.0320818 -0.0970698
FixedParameters: 0 0 0

#Transform 96
Transform: AffineTransform_float_3_3
Parameters: 0.999996 0.000347637 0.00289264 -0.000357364 0.999994 0.00330183 -0.00289176 -0.00330317 0.99999 0.0528226 0.0183847 -0.0945955
FixedParameters: 0 0 0

#Transform 97
Transform: AffineTransform_float_3_3
Parameters: 0.999993 0.000339695 0.00373917 -0.000355886 0.99999 0.00431577 -0.00373769 -0.00431722 0.999983 0.0717802 0.0305482 0.0164716
FixedParameters: 0 0 0

#Transform 98
Transform: AffineTransform_float_3_3
Parameters: 0.999997 0.00109303 0.00248209 -0.00110466 0.999987 0.0049459 -0.00247672 -0.0049481 0.999985 0.0788269 0.0210818 0.00966044
FixedParameters: 0 0 0

#Transform 99
Transform: AffineTransform_float_3_3
Parameters: 0.999999 0.00109065 0.000847872 -0.00109231 0.999996 0.00281227 -0.00084445 -0.00281273 0.999996 0.00341677 -0.0306303 -0.487576
FixedParameters: 0 0 0

#Transform 100
Transform: AffineTransform_float_3_3
Parameters: 0.999998 0.00156186 0.000672127 -0.00156267 0.999997 0.00159074 -0.000668958 -0.00159226 0.999999 0.000131943 0.0139889 -0.361801
FixedParameters: 0 0 0

#Transform 101
Transform: AffineTransform_float_3_3
Parameters: 0.999997 0.00146467 0.00164019 -0.00146842 0.999996 0.0023592 -0.00163644 -0.0023618 0.999996 0.00855491 0.0339269 -0.36303
FixedParameters: 0 0 0

#Transform 102
Transform: AffineTransform_float_3_3
Parameters: 0.999949 -0.0101391 0.000677517 0.0101189 0.999645 0.0246318 -0.000926713 -0.0246232 0.999696 -0.485634 -0.198943 -1.23639
FixedParameters: 0 0 0

#Transform 103
Transform: AffineTransform_float_3_3
Parameters: 0.999918 -0.00960691 -0.00846685 0.00975035 0.999806 0.0170969 0.00830126 -0.0171781 0.999817 -0.878465 0.0539321 -2.26652
FixedParameters: 0 0 0

#Transform 104
Transform: AffineTransform_float_3_3
Parameters: 0.999986 0.00106454 -0.00507373 -0.00104394 0.999991 0.00397329 0.00507874 -0.00396771 0.999979 -0.114854 0.340185 -1.0345
FixedParameters: 0 0 0

#Transform 105
Transform: AffineTransform_float_3_3
Parameters: 0.999975 0.00463669 -0.00545318 -0.00466339 0.999977 -0.00492825 0.00542929 0.00495374 0.999973 -0.150864 0.343254 -1.13487
FixedParameters: 0 0 0

#Transform 106
Transform: AffineTransform_float_3_3
Parameters: 0.999966 0.00790541 -0.00237651 -0.00795394 0.999745 -0.0211175 0.00220994 0.0211355 0.999774 -0.14062 0.255936 -1.2277
FixedParameters: 0 0 0

#Transform 107
Transform: AffineTransform_float_3_3
Parameters: 0.999976 0.00682132 -0.000229704 -0.0068231 0.999943 -0.00816308 0.000173749 0.00816492 0.999967 -0.146612 0.389734 -1.12842
FixedParameters: 0 0 0

#Transform 108
Transform: AffineTransform_float_3_3
Parameters: 0.999981 0.00595975 -0.00162329 -0.00595945 0.999982 0.000237305 0.00162518 -0.000227693 0.999999 -0.13528 0.433329 -0.945225
FixedParameters: 0 0 0

#Transform 109
Transform: AffineTransform_float_3_3
Parameters: 0.999992 0.00398629 -0.000671738 -0.0039847 0.999991 0.0012128 0.000676923 -0.0012102 0.999999 -0.0684769 0.0972147 -0.790458
FixedParameters: 0 0 0

#Transform 110
Transform: AffineTransform_float_3_3
Parameters: 0.99999 0.00458302 9.86382e-05 -0.00458401 0.999989 0.000401232 -9.67364e-05 -0.000401767 0.999999 -0.066502 0.149042 -0.755179
FixedParameters: 0 0 0

#Transform 111
Transform: AffineTransform_float_3_3
Parameters: 0.999991 0.0042898 8.3108e-05 -0.00429051 0.99999 0.00126395 -7.76237e-05 -0.00126405 0.999999 -0.065135 0.19095 -0.749371
FixedParameters: 0 0 0

#Transform 112
Transform: AffineTransform_float_3_3
Parameters: 0.999992 0.0040213 0.000497589 -0.00402169 0.999992 0.000803114 -0.000494705 -0.000804887 0.999999 -0.0615706 0.134871 -0.701681
FixedParameters: 0 0 0

#Transform 113
Transform: AffineTransform_float_3_3
Parameters: 0.999991 0.00422166 0.000530429 -0.00422239 0.999991 -0.000148341 -0.000531217 0.000146659 1 -0.0622124 0.147273 -0.713952
FixedParameters: 0 0 0

#Transform 114
Transform: AffineTransform_float_3_3
Parameters: 0.99999 0.00450449 -0.000170636 -0.00450409 0.99999 -0.000189344 0.000169814 0.000190656 1 -0.116719 0.250805 -0.684803
FixedParameters: 0 0 0

#Transform 115
Transform: AffineTransform_float_3_3
Parameters: 0.999991 0.00421309 0.000802021 -0.004212 0.999989 -0.00174009 -0.000809046 0.00173691 0.999998 -0.0679262 0.216496 -0.817199
FixedParameters: 0 0 0

#Transform 116
Transform: AffineTransform_float_3_3
Parameters: 0.99999 0.00443473 0.000696548 -0.00443393 0.99999 -0.00148441 -0.000703425 0.00148159 0.999999 -0.0701521 0.122716 -0.743763
FixedParameters: 0 0 0

#Transform 117
Transform: AffineTransform_float_3_3
Parameters: 0.99999 0.00446107 0.000563312 -0.00446048 0.99999 -0.000496233 -0.000565492 0.000493767 0.999999 -0.0979475 0.168573 -0.76811
FixedParameters: 0 0 0

#Transform 118
Transform: AffineTransform_float_3_3
Parameters: 0.99999 0.00449206 0.000370607 -0.00449188 0.99999 -0.000801795 -0.000374221 0.000800205 0.999999 -0.101224 0.143783 -0.760201
FixedParameters: 0 0 0

#Transform 119
Transform: AffineTransform_float_3_3
Parameters: 0.99999 0.00443332 0.000515071 -0.00443262 0.99999 -0.000655796 -0.000518638 0.0006532 0.999999 -0.100436 0.122927 -0.739897
FixedParameters: 0 0 0
