#Insight Transform File V1.0
#Transform 0
Transform: AffineTransform_float_3_3
Parameters: 0.999999 0.001177 -0.000634277 -0.00117588 0.999997 0.00239533 0.000636407 -0.00239468 0.999997 -0.04877 0.0160327 0.267709
FixedParameters: 0 0 0

#Transform 1
Transform: AffineTransform_float_3_3
Parameters: 0.999998 0.00144368 -0.000819801 -0.00144293 0.999997 0.00186776 0.000823043 -0.00186624 0.999998 -0.0896786 -0.000626691 0.201127
FixedParameters: 0 0 0

#Transform 2
Transform: AffineTransform_float_3_3
Parameters: 0.999999 0.00126897 -0.000734903 -0.0012676 0.999998 0.00159151 0.000737186 -0.00159049 0.999998 -0.0790351 -0.0117183 0.214467
FixedParameters: 0 0 0

#Transform 3
Transform: AffineTransform_float_3_3
Parameters: 0.999999 0.00123452 -0.000770758 -0.0012339 0.999998 0.00159153 0.000773414 -0.00159047 0.999998 -0.0872586 0.0186645 0.187129
FixedParameters: 0 0 0

#Transform 4
Transform: AffineTransform_float_3_3
Parameters: 0.999999 0.00109624 -0.00102292 -0.00109565 0.999999 0.0011897 0.00102425 -0.0011883 0.999999 -0.0543242 0.0271717 0.173282
FixedParameters: 0 0 0

#Transform 5
Transform: AffineTransform_float_3_3
Parameters: 0.999999 0.000912745 -0.000922677 -0.00091149 0.999999 0.000940651 0.000923517 -0.000940347 0.999999 -0.0607974 0.0313756 0.192701
FixedParameters: 0 0 0

#Transform 6
Transform: AffineTransform_float_3_3
Parameters: 0.999999 0.000758247 -0.000509789 -0.000758105 1 0.000611965 0.000509841 -0.000612036 1 -0.0680332 0.00917523 0.200025
FixedParameters: 0 0 0

#Transform 7
Transform: AffineTransform_float_3_3
Parameters: 0.999999 0.000845805 -0.000350305 -0.000845423 1 0.000543874 0.000351225 -0.000544125 1 -0.0485853 0.0208986 0.230906
FixedParameters: 0 0 0

#Transform 8
Transform: AffineTransform_float_3_3
Parameters: 1 0.000888298 -0.000738433 -0.000887676 0.999999 0.000747234 0.000738883 -0.000746766 0.999999 -0.0570657 0.0163108 0.236681
FixedParameters: 0 0 0

#Transform 9
Transform: AffineTransform_float_3_3
Parameters: 1 0.000730613 -0.000888827 -0.000730155 0.999999 0.00102165 0.000889924 -0.00102035 0.999999 -0.0497237 0.016065 0.223082
FixedParameters: 0 0 0

#Transform 10
Transform: AffineTransform_float_3_3
Parameters: 1 0.000848241 -0.000726346 -0.000847204 0.999999 0.00104485 0.000727241 -0.00104415 1 -0.0573096 0.0327598 0.213101
FixedParameters: 0 0 0

#Transform 11
Transform: AffineTransform_float_3_3
Parameters: 0.999999 0.0010042 -0.000726771 -0.00100313 0.999999 0.000734539 0.000728246 -0.000734459 1 -0.0634892 0.0292887 0.21087
FixedParameters: 0 0 0

#Transform 12
Transform: AffineTransform_float_3_3
Parameters: 1 0.00108263 -0.00047992 -0.00108229 0.999999 0.000849098 0.000480882 -0.000848902 0.999999 -0.0561608 0.0253496 0.199561
FixedParameters: 0 0 0

#Transform 13
Transform: AffineTransform_float_3_3
Parameters: 1 0.000979156 -0.000708064 -0.000979059 0.999999 0.00102627 0.000709679 -0.00102573 0.999999 -0.0665521 0.0340097 0.142894
FixedParameters: 0 0 0

#Transform 14
Transform: AffineTransform_float_3_3
Parameters: 0.999999 0.000846285 -0.000349142 -0.000845906 0.999998 0.0019183 0.000350635 -0.0019177 0.999998 -0.0357321 -0.00844025 0.00843538
FixedParameters: 0 0 0

#Transform 15
Transform: AffineTransform_float_3_3
Parameters: 0.999999 0.000845357 -0.000351384 -0.00084539 1 -0.000732125 0.000351023 0.000731875 1 -0.0356987 0.0186168 -0.0301487
FixedParameters: 0 0 0

#Transform 16
Transform: AffineTransform_float_3_3
Parameters: 0.999999 0.000428153 -0.000601623 -0.000428048 1 8.72575e-05 0.000601698 -8.67424e-05 1 -0.021332 0.0153558 0.0597365
FixedParameters: 0 0 0

#Transform 17
Transform: AffineTransform_float_3_3
Parameters: 0.999999 -0.000758463 4.90568e-05 0.000758066 1 -0.000866617 -4.8619e-05 0.000866383 0.999999 0.0154919 0.0359768 -0.027339
FixedParameters: 0 0 0

#Transform 18
Transform: AffineTransform_float_3_3
Parameters: 1 -0.000100706 0.000169583 0.000100888 1 -0.000535983 -0.000169475 0.000536017 1 -0.00852133 0.0174481 0.0345151
FixedParameters: 0 0 0

#Transform 19
Transform: AffineTransform_float_3_3
Parameters: 1 -0.000146539 8.63216e-05 0.000146588 1 -0.000285987 -8.62377e-05 0.000286013 1 -0.00852246 0.0372336 0.0271414
FixedParameters: 0 0 0

#Transform 20
Transform: AffineTransform_float_3_3
Parameters: 1 -0.00028149 -0.000159023 0.000281419 1 -0.000224045 0.000159149 0.000223955 1 -0.00836669 0.00980629 0.01603
FixedParameters: 0 0 0

#Transform 21
Transform: AffineTransform_float_3_3
Parameters: 1 -0.000100811 0.000169521 0.000100783 1 8.20171e-05 -0.000169537 -8.19829e-05 1 0.00975875 5.67439e-05 -0.0402021
FixedParameters: 0 0 0

#Transform 22
Transform: AffineTransform_float_3_3
Parameters: 1 -0.000100937 0.000169445 0.000100657 0.999999 0.000826017 -0.000169612 -0.000825982 0.999999 0.0273602 0.0128759 -0.000602734
FixedParameters: 0 0 0

#Transform 23
Transform: AffineTransform_float_3_3
Parameters: 1 -0.000263075 -0.000125939 0.00026322 1 0.000578967 0.000125634 -0.000579033 1 0.02068 0.0154893 -0.0183825
FixedParameters: 0 0 0

#Transform 24
Transform: AffineTransform_float_3_3
Parameters: 1 -0.000184142 1.79137e-05 0.000184139 1 7.60033e-05 -1.79417e-05 -7.59967e-05 1 0.0206298 0.0127748 -0.0237406
FixedParameters: 0 0 0

#Transform 25
Transform: AffineTransform_float_3_3
Parameters: 1 1.96051e-05 0.000388607 -1.96782e-05 1 9.39924e-05 -0.000388604 -9.40076e-05 1 0.0143987 0.0221949 -0.0411063
FixedParameters: 0 0 0

#Transform 26
Transform: AffineTransform_float_3_3
Parameters: 1 -0.000297044 -0.000186852 0.000296696 0.999999 -0.000929055 0.000187404 0.000928944 0.999999 0.00134098 0.0165266 -0.017914
FixedParameters: 0 0 0

#Transform 27
Transform: AffineTransform_float_3_3
Parameters: 1 -5.24196e-05 -0.000304495 5.19105e-05 0.999999 -0.000836015 0.000304582 0.000835983 0.999999 0.000310733 0.00579067 -0.00053404
FixedParameters: 0 0 0

#Transform 28
Transform: AffineTransform_float_3_3
Parameters: 1 -0.000419795 -0.000410507 0.00041964 1 -0.000188172 0.000410665 0.000187828 1 0.00144658 0.00879706 0.0289554
FixedParameters: 0 0 0

#Transform 29
Transform: AffineTransform_float_3_3
Parameters: 1 -0.000277604 -0.000152068 0.000277596 1 -2.70422e-05 0.000152083 2.69578e-05 1 0.00219991 0.030187 0.00722897
FixedParameters: 0 0 0

#Transform 30
Transform: AffineTransform_float_3_3
Parameters: 1 -0.00011448 -0.000307934 0.000114534 1 8.69647e-05 0.000307914 -8.70352e-05 1 0.0135423 0.00988047 -0.079597
FixedParameters: 0 0 0

#Transform 31
Transform: AffineTransform_float_3_3
Parameters: 1 -0.000333879 -0.000254717 0.000334052 1 0.000338915 0.00025449 -0.000339085 1 0.0131772 -0.00258045 -0.0606505
FixedParameters: 0 0 0

#Transform 32
Transform: AffineTransform_float_3_3
Parameters: 1 -0.0002694 -0.0001372 0.000269421 1 7.7963e-05 0.000137158 -7.80369e-05 1 -0.00527646 0.0079067 -0.0538161
FixedParameters: 0 0 0

#Transform 33
Transform: AffineTransform_float_3_3
Parameters: 1 -0.000269387 -0.000137225 0.000269434 1 0.000173963 0.000137132 -0.000174037 1 -0.00480812 -0.00157364 -0.0522703
FixedParameters: 0 0 0

#Transform 34
Transform: AffineTransform_float_3_3
Parameters: 0.999999 0.000206091 -0.000803098 -0.000207435 1 -0.000836602 0.000802752 0.000836399 1 -0.0201722 -0.0152253 -0.060615
FixedParameters: 0 0 0

#Transform 35
Transform: AffineTransform_float_3_3
Parameters: 0.999999 0.000311331 -0.00138366 -0.0003124 1 -0.000560337 0.00138419 0.000560664 0.999999 -0.0305954 -0.0140109 -0.0706832
FixedParameters: 0 0 0

#Transform 36
Transform: AffineTransform_float_3_3
Parameters: 1 -2.21357e-05 -0.0012004 2.10025e-05 1 -0.00103779 0.00120084 0.00103721 0.999999 -0.0263325 -0.0113829 -0.0604282
FixedParameters: 0 0 0

#Transform 37
Transform: AffineTransform_float_3_3
Parameters: 1 -0.000117423 -3.58535e-06 0.0001174 0.999996 -0.002861 4.25718e-06 0.002861 0.999996 0.0236321 -0.0544818 -0.150905
FixedParameters: 0 0 0

#Transform 38
Transform: AffineTransform_float_3_3
Parameters: 1 -0.000263505 -0.00041879 0.000262417 0.999997 -0.00234411 0.000419541 0.00234389 0.999997 0.00515951 -0.0462875 -0.129883
FixedParameters: 0 0 0

#Transform 39
Transform: AffineTransform_float_3_3
Parameters: 0.99999 0.00187988 0.004189 -0.00193526 0.99991 0.0132537 -0.0041643 -0.0132623 0.999903 -0.043078 0.315085 0.626529
FixedParameters: 0 0 0

#Transform 40
Transform: AffineTransform_float_3_3
Parameters: 0.999986 0.00307246 0.00429309 -0.00316717 0.999746 0.0223019 -0.00422338 -0.0223151 0.999743 -0.156044 0.484072 0.948069
FixedParameters: 0 0 0

#Transform 41
Transform: AffineTransform_float_3_3
Parameters: 0.999991 0.00268615 0.00307647 -0.00274016 0.999841 0.0176267 -0.00302853 -0.0176353 0.999839 -0.120883 0.309376 0.749209
FixedParameters: 0 0 0

#Transform 42
Transform: AffineTransform_float_3_3
Parameters: 0.999992 0.00229214 0.00308898 -0.00234767 0.999831 0.0182574 -0.00304673 -0.0182646 0.999829 -0.0894997 0.343405 0.713516
FixedParameters: 0 0 0

#Transform 43
Transform: AffineTransform_float_3_3
Parameters: 0.999986 0.00270408 0.00469214 -0.00280146 0.999779 0.0208413 -0.00463529 -0.0208537 0.999772 -0.0802122 0.523855 0.799586
FixedParameters: 0 0 0

#Transform 44
Transform: AffineTransform_float_3_3
Parameters: 0.999991 0.00161807 0.00374062 -0.00167685 0.999874 0.0157915 -0.00371415 -0.0157975 0.999868 -0.129087 0.267121 0.664413
FixedParameters: 0 0 0

#Transform 45
Transform: AffineTransform_float_3_3
Parameters: 0.999994 0.00126778 0.00306567 -0.00131016 0.999902 0.0139164 -0.00304756 -0.0139206 0.999898 -0.076775 0.233024 0.5507
FixedParameters: 0 0 0

#Transform 46
Transform: AffineTransform_float_3_3
Parameters: 0.999996 0.00168315 0.00219703 -0.00171339 0.9999 0.0140765 -0.00217326 -0.0140795 0.999898 -0.0714818 0.247598 0.516478
FixedParameters: 0 0 0

#Transform 47
Transform: AffineTransform_float_3_3
Parameters: 0.999996 0.00174727 0.00193189 -0.00177098 0.999921 0.0124627 -0.00191046 -0.0124663 0.999921 -0.0726252 0.217722 0.506698
FixedParameters: 0 0 0

#Transform 48
Transform: AffineTransform_float_3_3
Parameters: 0.999996 0.00175034 0.00225881 -0.00177821 0.999924 0.0121815 -0.00223745 -0.0121855 0.999923 -0.0759117 0.208135 0.445646
FixedParameters: 0 0 0

#Transform 49
Transform: AffineTransform_float_3_3
Parameters: 0.999996 0.00185518 0.00244947 -0.00188342 0.999934 0.0112989 -0.00242886 -0.0113041 0.999933 -0.0920222 0.183526 0.423031
FixedParameters: 0 0 0

#Transform 50
Transform: AffineTransform_float_3_3
Parameters: 0.999995 0.00186633 0.0024683 -0.00189435 0.999938 0.0109916 -0.0024481 -0.0109964 0.999936 -0.0928017 0.206434 0.463672
FixedParameters: 0 0 0

#Transform 51
Transform: AffineTransform_float_3_3
Parameters: 0.999994 0.0018559 0.00267005 -0.00188471 0.99994 0.0108157 -0.00264995 -0.0108203 0.999938 -0.0936948 0.197719 0.485385
FixedParameters: 0 0 0

#Transform 52
Transform: AffineTransform_float_3_3
Parameters: 0.999994 0.00196818 0.00258451 -0.00199358 0.999947 0.0100778 -0.00256485 -0.0100832 0.999946 -0.109999 0.214117 0.488659
FixedParameters: 0 0 0

#Transform 53
Transform: AffineTransform_float_3_3
Parameters: 0.999996 0.00183238 0.00209833 -0.00185514 0.999941 0.010722 -0.00207889 -0.010726 0.99994 -0.112836 0.183566 0.478154
FixedParameters: 0 0 0

#Transform 54
Transform: AffineTransform_float_3_3
Parameters: 0.999994 0.00198684 0.0027623 -0.00201736 0.999936 0.0111576 -0.0027403 -0.0111624 0.999934 -0.137107 0.19151 0.491726
FixedParameters: 0 0 0

#Transform 55
Transform: AffineTransform_float_3_3
Parameters: 0.999994 0.00212607 0.00268036 -0.00215802 0.999926 0.0119234 -0.00265467 -0.0119286 0.999925 -0.126114 0.237324 0.496296
FixedParameters: 0 0 0

#Transform 56
Transform: AffineTransform_float_3_3
Parameters: 0.999996 0.00209778 0.00178072 -0.00211707 0.999936 0.0111327 -0.0017574 -0.0111374 0.999937 -0.11556 0.211973 0.452554
FixedParameters: 0 0 0

#Transform 57
Transform: AffineTransform_float_3_3
Parameters: 0.999995 0.00214276 0.00201343 -0.00216364 0.999943 0.0104777 -0.00199016 -0.0104813 0.999943 -0.120527 0.198952 0.428388
FixedParameters: 0 0 0

#Transform 58
Transform: AffineTransform_float_3_3
Parameters: 0.999997 0.00182688 0.00193431 -0.00184743 0.999943 0.0104783 -0.00191582 -0.0104817 0.999943 -0.108211 0.192528 0.416116
FixedParameters: 0 0 0

#Transform 59
Transform: AffineTransform_float_3_3
Parameters: 0.999997 0.00177423 0.00207583 -0.00179479 0.999946 0.0102088 -0.00205814 -0.0102122 0.999946 -0.103201 0.181854 0.396331
FixedParameters: 0 0 0

#Transform 60
Transform: AffineTransform_float_3_3
Parameters: 0.999996 0.0016142 0.00200908 -0.00163282 0.999957 0.00920379 -0.00199378 -0.00920722 0.999956 -0.101728 0.1728 0.37905
FixedParameters: 0 0 0

#Transform 61
Transform: AffineTransform_float_3_3
Parameters: 0.999998 0.00177527 0.00145986 -0.00178785 0.99996 0.00873479 -0.0014449 -0.0087372 0.99996 -0.0993855 0.161358 0.380241
FixedParameters: 0 0 0

#Transform 62
Transform: AffineTransform_float_3_3
Parameters: 0.999996 0.00191386 0.00213414 -0.00193408 0.999955 0.00931971 -0.00211693 -0.00932429 0.999954 -0.115099 0.182915 0.372369
FixedParameters: 0 0 0

#Transform 63
Transform: AffineTransform_float_3_3
Parameters: 0.999997 0.00188651 0.00189802 -0.00190496 0.999954 0.00942623 -0.00188085 -0.00942978 0.999954 -0.116713 0.163781 0.364478
FixedParameters: 0 0 0

#Transform 64
Transform: AffineTransform_float_3_3
Parameters: 0.999997 0.00183238 0.00173 -0.00184712 0.999961 0.00864221 -0.00171444 -0.00864579 0.999961 -0.110549 0.162936 0.362414
FixedParameters: 0 0 0

#Transform 65
Transform: AffineTransform_float_3_3
Parameters: 0.999997 0.00189682 0.00193282 -0.00191346 0.999959 0.00880737 -0.00191559 -0.00881163 0.99996 -0.111457 0.163086 0.362626
FixedParameters: 0 0 0

#Transform 66
Transform: AffineTransform_float_3_3
Parameters: 0.999996 0.00183021 0.00185638 -0.00184613 0.999958 0.00897622 -0.00183971 -0.00898079 0.999958 -0.103814 0.165328 0.366762
FixedParameters: 0 0 0

#Transform 67
Transform: AffineTransform_float_3_3
Parameters: 0.999996 0.00168772 0.00196454 -0.00170404 0.999962 0.00847471 -0.00195077 -0.00847828 0.999962 -0.109302 0.166823 0.355408
FixedParameters: 0 0 0

#Transform 68
Transform: AffineTransform_float_3_3
Parameters: 0.999997 0.00147394 0.00189228 -0.00148972 0.999963 0.00844382 -0.00187951 -0.00844718 0.999962 -0.10313 0.158686 0.352942
FixedParameters: 0 0 0

#Transform 69
Transform: AffineTransform_float_3_3
Parameters: 0.999998 0.00143005 0.0018013 -0.00144593 0.999961 0.00865945 -0.00178818 -0.00866154 0.999961 -0.106694 0.153096 0.342979
FixedParameters: 0 0 0

#Transform 70
Transform: AffineTransform_float_3_3
Parameters: 0.999998 0.00163771 0.00161486 -0.00164981 0.999969 0.00764239 -0.00160231 -0.00764461 0.99997 -0.126834 0.136237 0.274254
FixedParameters: 0 0 0

#Transform 71
Transform: AffineTransform_float_3_3
Parameters: 0.999996 0.00227355 0.00130229 -0.00228373 0.999968 0.0076412 -0.00128529 -0.0076438 0.99997 -0.163329 0.13657 0.296299
FixedParameters: 0 0 0

#Transform 72
Transform: AffineTransform_float_3_3
Parameters: 0.999998 0.00143042 0.00137551 -0.00144059 0.999971 0.00748465 -0.00136426 -0.00748635 0.999971 -0.108161 0.134593 0.279785
FixedParameters: 0 0 0

#Transform 73
Transform: AffineTransform_float_3_3
Parameters: 0.999998 0.000920449 0.00145989 -0.000929742 0.999976 0.0067995 -0.00145309 -0.0068005 0.999976 -0.0947621 0.110401 0.264244
FixedParameters: 0 0 0

#Transform 74
Transform: AffineTransform_float_3_3
Parameters: 0.999999 0.000734897 3.96342e-05 -0.000734328 0.999995 0.00283197 -3.81895e-05 -0.00283203 0.999996 -0.135172 0.0543227 0.0760023
FixedParameters: 0 0 0

#Transform 75
Transform: AffineTransform_float_3_3
Parameters: 1 0.0005374 0.000147549 -0.000537879 0.999995 0.00297934 -0.000145704 -0.00297866 0.999996 -0.134475 0.0550533 0.098505
FixedParameters: 0 0 0

#Transform 76
Transform: AffineTransform_float_3_3
Parameters: 1 0.000546925 0.00020043 -0.000547699 0.999995 0.00292689 -0.000198585 -0.00292711 0.999995 -0.122316 0.0481704 0.123323
FixedParameters: 0 0 0

#Transform 77
Transform: AffineTransform_float_3_3
Parameters: 1 0.000584311 0.000281414 -0.00058555 0.999996 0.0029136 -0.000279364 -0.00291339 0.999995 -0.124623 0.0544995 0.133222
FixedParameters: 0 0 0

#Transform 78
Transform: AffineTransform_float_3_3
Parameters: 1 0.000440865 0.000112371 -0.000441049 0.999996 0.00258495 -0.000111449 -0.00258505 0.999996 -0.109158 0.0384256 0.100034
FixedParameters: 0 0 0

#Transform 79
Transform: AffineTransform_float_3_3
Parameters: 1 0.00043306 0.000241982 -0.000433909 0.999996 0.00257489 -0.000241107 -0.0025751 0.999996 -0.091702 0.0446176 0.0971512
FixedParameters: 0 0 0

#Transform 80
Transform: AffineTransform_float_3_3
Parameters: 1 0.000432113 0.000242584 -0.000433103 0.999996 0.00285889 -0.000241468 -0.0028591 0.999996 -0.101638 0.045812 0.10553
FixedParameters: 0 0 0

#Transform 81
Transform: AffineTransform_float_3_3
Parameters: 1 0.00035679 0.000152729 -0.000357314 0.999995 0.00301537 -0.000151934 -0.00301463 0.999996 -0.0937083 0.0391411 0.0932726
FixedParameters: 0 0 0

#Transform 82
Transform: AffineTransform_float_3_3
Parameters: 1 0.000571682 0.000166322 -0.000572198 0.999996 0.00275091 -0.000164533 -0.0027511 0.999996 -0.110146 0.0210549 0.097789
FixedParameters: 0 0 0

#Transform 83
Transform: AffineTransform_float_3_3
Parameters: 1 0.000572645 0.000165548 -0.000572989 0.999998 0.00223691 -0.000164344 -0.0022371 0.999998 -0.107305 0.0467869 0.0752715
FixedParameters: 0 0 0

#Transform 84
Transform: AffineTransform_float_3_3
Parameters: 0.999998 0.000952276 0.00205823 -0.000974886 0.999938 0.0110773 -0.00204717 -0.0110787 0.999936 -0.132978 0.273568 0.475089
FixedParameters: 0 0 0

#Transform 85
Transform: AffineTransform_float_3_3
Parameters: 0.999999 9.77303e-05 0.0017838 -0.000134495 0.999783 0.0208294 -0.00178132 -0.0208295 0.999781 -0.0521046 0.251099 1.15737
FixedParameters: 0 0 0

#Transform 86
Transform: AffineTransform_float_3_3
Parameters: 0.999993 0.00121374 0.0033801 -0.00127888 0.999812 0.0193568 -0.00335632 -0.0193612 0.999807 -0.0479086 0.352468 0.986669
FixedParameters: 0 0 0

#Transform 87
Transform: AffineTransform_float_3_3
Parameters: 0.999996 0.000562503 0.00273191 -0.000596576 0.999923 0.0124254 -0.00272464 -0.0124276 0.99992 -0.0181265 0.262517 0.616907
FixedParameters: 0 0 0

#Transform 88
Transform: AffineTransform_float_3_3
Parameters: 0.999996 0.000396871 0.00256683 -0.000418755 0.999964 0.00850826 -0.00256387 -0.00850974 0.99996 -0.00107446 0.10226 0.457881
FixedParameters: 0 0 0

#Transform 89
Transform: AffineTransform_float_3_3
Parameters: 0.999997 0.000348217 0.00240204 -0.000366399 0.999972 0.00749087 -0.00239962 -0.00749113 0.999969 0.0146836 0.0684607 0.420181
FixedParameters: 0 0 0

#Transform 90
Transform: AffineTransform_float_3_3
Parameters: 0.999999 0.00041835 0.00178486 -0.000430641 0.999976 0.00693532 -0.00178124 -0.00693568 0.999975 -0.00822523 0.0535236 0.394778
FixedParameters: 0 0 0

#Transform 91
Transform: AffineTransform_float_3_3
Parameters: 0.999998 -0.000150876 0.00190872 0.000141841 0.999988 0.00483317 -0.0019096 -0.00483283 0.999987 -0.00818795 0.0355404 0.321768
FixedParameters: 0 0 0

#Transform 92
Transform: AffineTransform_float_3_3
Parameters: 0.999997 0.000424736 0.00214835 -0.000434811 0.999991 0.00420138 -0.00214684 -0.00420261 0.999989 -0.00444652 0.0236156 0.319189
FixedParameters: 0 0 0

#Transform 93
Transform: AffineTransform_float_3_3
Parameters: 0.999998 0.000502764 0.00228094 -0.000513443 0.999989 0.00458015 -0.00227847 -0.00458185 0.999987 -0.0236077 0.0424967 0.372625
FixedParameters: 0 0 0

#Transform 94
Transform: AffineTransform_float_3_3
Parameters: 0.99999 0.000694705 0.0043001 -0.000721611 0.99998 0.0062833 -0.00429584 -0.0062867 0.999971 -0.0568318 0.1695 0.353109
FixedParameters: 0 0 0

#Transform 95
Transform: AffineTransform_float_3_3
Parameters: 0.999997 0.000520466 0.00265483 -0.000529907 0.999993 0.00344457 -0.00265379 -0.00344643 0.999991 -0.0827682 -0.0335126 0.334525
FixedParameters: 0 0 0

#Transform 96
Transform: AffineTransform_float_3_3
Parameters: 0.999994 0.00019058 0.00340543 -0.0002041 0.999991 0.00408218 -0.00340482 -0.00408282 0.999986 -0.0464519 0.0358985 0.258596
FixedParameters: 0 0 0

#Transform 97
Transform: AffineTransform_float_3_3
Parameters: 0.999992 0.00187581 0.00369014 -0.00189426 0.999986 0.00506143 -0.00368029 -0.00506857 0.99998 -0.157515 0.0822871 0.194735
FixedParameters: 0 0 0

#Transform 98
Transform: AffineTransform_float_3_3
Parameters: 0.999991 0.00394787 0.00167067 -0.00395734 0.999972 0.00634321 -0.00164512 -0.0063498 0.999979 -0.2675 0.0684474 0.238648
FixedParameters: 0 0 0

#Transform 99
Transform: AffineTransform_float_3_3
Parameters: 0.999994 0.00280383 0.00210489 -0.00281337 0.999984 0.00501864 -0.00209101 -0.00502437 0.999985 -0.194343 0.0615081 0.193539
FixedParameters: 0 0 0

#Transform 100
Transform: AffineTransform_float_3_3
Parameters: 0.999994 0.00229408 0.0027968 -0.00230672 0.999987 0.00451307 -0.00278636 -0.00451893 0.999986 -0.174536 0.0649777 0.262786
FixedParameters: 0 0 0

#Transform 101
Transform: AffineTransform_float_3_3
Parameters: 0.999993 0.00229379 0.00279702 -0.00230699 0.999987 0.00461265 -0.00278612 -0.00461935 0.999986 -0.168866 0.0340019 0.264868
FixedParameters: 0 0 0

#Transform 102
Transform: AffineTransform_float_3_3
Parameters: 0.999996 0.00193386 0.00213308 -0.00194299 0.999989 0.0042711 -0.00212492 -0.0042749 0.999988 -0.120307 0.0293043 0.229916
FixedParameters: 0 0 0

#Transform 103
Transform: AffineTransform_float_3_3
Parameters: 0.999996 0.00193392 0.00213303 -0.00194293 0.999989 0.0042451 -0.00212497 -0.0042489 0.999989 -0.123569 0.0323612 0.221472
FixedParameters: 0 0 0

#Transform 104
Transform: AffineTransform_float_3_3
Parameters: 0.999996 0.00152672 0.00235451 -0.00153508 0.999992 0.00372286 -0.00234929 -0.00372615 0.99999 -0.122166 0.0323939 0.211105
FixedParameters: 0 0 0

#Transform 105
Transform: AffineTransform_float_3_3
Parameters: 0.999997 0.00170719 0.00186641 -0.00171347 0.999993 0.00330642 -0.00186069 -0.00331057 0.999993 -0.140769 0.0260919 0.208288
FixedParameters: 0 0 0

#Transform 106
Transform: AffineTransform_float_3_3
Parameters: 0.999997 0.00152957 0.00182094 -0.00153532 0.999993 0.00337525 -0.00181532 -0.00337775 0.999993 -0.121972 0.0289633 0.229878
FixedParameters: 0 0 0

#Transform 107
Transform: AffineTransform_float_3_3
Parameters: 0.999997 0.00139514 0.00166186 -0.00140046 0.999994 0.0033073 -0.00165686 -0.00330971 0.999993 -0.13555 0.0311981 0.231901
FixedParameters: 0 0 0

#Transform 108
Transform: AffineTransform_float_3_3
Parameters: 0.999997 0.00167069 0.00188058 -0.00167632 0.999993 0.00323766 -0.00187446 -0.00324034 0.999992 -0.143844 0.0261361 0.246886
FixedParameters: 0 0 0

#Transform 109
Transform: AffineTransform_float_3_3
Parameters: 0.999998 0.00116521 0.00168931 -0.00117072 0.999993 0.0033083 -0.00168583 -0.0033097 0.999994 -0.118843 0.0230175 0.202097
FixedParameters: 0 0 0

#Transform 110
Transform: AffineTransform_float_3_3
Parameters: 0.999998 0.00111901 0.00160155 -0.00112279 0.999996 0.00255005 -0.00159824 -0.00255195 0.999995 -0.115092 -0.00147674 0.139905
FixedParameters: 0 0 0

#Transform 111
Transform: AffineTransform_float_3_3
Parameters: 0.999998 0.0012615 0.00145269 -0.00126408 0.999997 0.00179559 -0.0014496 -0.00179841 0.999997 -0.111928 -0.00397459 0.136769
FixedParameters: 0 0 0

#Transform 112
Transform: AffineTransform_float_3_3
Parameters: 0.999999 0.00107159 0.00150977 -0.00107409 0.999999 0.0012458 -0.00150893 -0.0012482 0.999998 -0.109762 -0.018209 0.125991
FixedParameters: 0 0 0

#Transform 113
Transform: AffineTransform_float_3_3
Parameters: 0.999997 0.00121406 0.00177041 -0.00121691 0.999998 0.00140946 -0.0017693 -0.00141154 0.999997 -0.126897 0.00172538 0.139798
FixedParameters: 0 0 0

#Transform 114
Transform: AffineTransform_float_3_3
Parameters: 0.999998 0.0011945 0.00173435 -0.00119648 0.999999 0.00132754 -0.00173262 -0.00132946 0.999997 -0.131005 0.00145748 0.127318
FixedParameters: 0 0 0

#Transform 115
Transform: AffineTransform_float_3_3
Parameters: 0.999996 0.00142428 0.00214991 -0.00142523 0.999998 0.000627204 -0.00214908 -0.000630796 0.999997 -0.131308 -0.02964 0.104501
FixedParameters: 0 0 0

#Transform 116
Transform: AffineTransform_float_3_3
Parameters: 0.999998 0.000969648 0.00166483 -0.000971069 0.999999 0.000689229 -0.00166397 -0.00069077 0.999998 -0.129156 -0.0385183 0.0877232
FixedParameters: 0 0 0

#Transform 117
Transform: AffineTransform_float_3_3
Parameters: 0.999998 0.00120112 0.00174429 -0.00120229 0.999999 0.000838171 -0.00174324 -0.000839829 0.999999 -0.131124 -0.0252421 0.0910817
FixedParameters: 0 0 0

#Transform 118
Transform: AffineTransform_float_3_3
Parameters: 0.999998 0.00102777 0.00174815 -0.00102954 0.999999 0.000755046 -0.00174707 -0.000756952 0.999998 -0.103062 -0.026748 0.109297
FixedParameters: 0 0 0

#Transform 119
Transform: AffineTransform_float_3_3
Parameters: 0.999999 0.000892248 0.00162632 -0.000893306 0.999999 0.000863393 -0.00162574 -0.000864607 0.999998 -0.108568 -0.0161355 0.0902656
FixedParameters: 0 0 0
