#Insight Transform File V1.0
#Transform 0
Transform: AffineTransform_float_3_3
Parameters: 0.999998 -0.000152839 -0.00230374 0.000154073 1 0.000442817 0.0023042 -0.000443183 0.999997 -0.0468657 0.0126747 0.055851
FixedParameters: 0 0 0

#Transform 1
Transform: AffineTransform_float_3_3
Parameters: 0.999997 -0.000457626 -0.00239099 0.000458997 1 0.000454421 0.00239116 -0.000456578 0.999997 -0.0460051 0.0256938 0.0151603
FixedParameters: 0 0 0

#Transform 2
Transform: AffineTransform_float_3_3
Parameters: 0.999998 -0.000602293 -0.00197667 0.000602295 1 1.08741e-07 0.00197667 -8.91256e-07 0.999998 -0.0318977 0.0105521 0.0813647
FixedParameters: 0 0 0

#Transform 3
Transform: AffineTransform_float_3_3
Parameters: 0.999999 -0.000954751 -0.00109098 0.00095531 1 0.000256087 0.00109049 -0.000256912 0.999999 0.0104037 0.0412386 0.0891852
FixedParameters: 0 0 0

#Transform 4
Transform: AffineTransform_float_3_3
Parameters: 0.999999 -0.000264367 -0.00151466 0.000265373 0.999999 0.000598422 0.00151493 -0.000598578 0.999998 -0.0236014 -0.00142156 0.0931609
FixedParameters: 0 0 0

#Transform 5
Transform: AffineTransform_float_3_3
Parameters: 0.999998 -0.000714195 -0.00149621 0.000715328 1 0.000918408 0.00149607 -0.000919594 0.999999 -0.0295759 0.00383809 0.0583207
FixedParameters: 0 0 0

#Transform 6
Transform: AffineTransform_float_3_3
Parameters: 0.999998 -0.000837303 -0.00145876 0.000837244 1 -2.07453e-05 0.0014588 1.92546e-05 0.999999 -0.0108143 0.0121522 0.0280164
FixedParameters: 0 0 0

#Transform 7
Transform: AffineTransform_float_3_3
Parameters: 1 -0.000887133 -0.000662788 0.000888031 0.999999 0.000677888 0.000661585 -0.000678111 1 -0.00204092 0.0303856 0.0968684
FixedParameters: 0 0 0

#Transform 8
Transform: AffineTransform_float_3_3
Parameters: 0.999999 -0.000776215 -0.00120002 0.000776881 0.999999 0.000613544 0.00119966 -0.000614455 0.999999 -0.0158675 0.0229692 0.0686986
FixedParameters: 0 0 0

#Transform 9
Transform: AffineTransform_float_3_3
Parameters: 1 -0.000538642 -0.0010502 0.000538832 1 0.000474911 0.00105027 -0.00047509 0.999999 -0.021817 0.021832 0.074828
FixedParameters: 0 0 0

#Transform 10
Transform: AffineTransform_float_3_3
Parameters: 0.999999 -0.000737391 -0.00132354 0.000738378 0.999999 0.000677846 0.00132313 -0.000679153 0.999999 -0.0128969 0.0118212 0.0810431
FixedParameters: 0 0 0

#Transform 11
Transform: AffineTransform_float_3_3
Parameters: 0.999998 -0.0005293 -0.0014985 0.00053093 1 0.00081303 0.00149822 -0.000813972 0.999999 0.00588663 0.00937748 0.0834121
FixedParameters: 0 0 0

#Transform 12
Transform: AffineTransform_float_3_3
Parameters: 0.999999 -0.000743654 -0.00133255 0.000744489 0.999999 0.000837484 0.00133108 -0.000838514 0.999998 -0.0193636 0.0104389 0.0465323
FixedParameters: 0 0 0

#Transform 13
Transform: AffineTransform_float_3_3
Parameters: 0.999998 -0.000979336 -0.00131313 0.000979959 0.999999 0.000852666 0.00131264 -0.000853334 0.999999 -0.0206499 0.0214372 0.0339958
FixedParameters: 0 0 0

#Transform 14
Transform: AffineTransform_float_3_3
Parameters: 0.999999 -0.000731063 -0.00131457 0.000731156 0.999999 0.000566515 0.00131352 -0.000567485 0.999999 -0.0316505 0.0274998 0.0261237
FixedParameters: 0 0 0

#Transform 15
Transform: AffineTransform_float_3_3
Parameters: 0.999999 -0.000934365 -0.00159333 0.000934989 0.999999 0.00044881 0.00159308 -0.00045019 0.999999 -0.0110378 -0.0002528 0.018489
FixedParameters: 0 0 0

#Transform 16
Transform: AffineTransform_float_3_3
Parameters: 0.999999 -0.0010649 -0.00108759 0.00106527 0.999999 0.000912447 0.00108683 -0.000912553 0.999999 -0.00245624 0.00665329 0.0368698
FixedParameters: 0 0 0

#Transform 17
Transform: AffineTransform_float_3_3
Parameters: 0.999999 -0.00102318 -0.000993993 0.00102309 1 -4.38881e-05 0.000994082 4.31118e-05 0.999999 0.0136462 0.0304449 -0.0334971
FixedParameters: 0 0 0

#Transform 18
Transform: AffineTransform_float_3_3
Parameters: 0.999999 -0.00106292 -0.00104786 0.00106311 0.999999 -0.000298638 0.0010479 0.000297362 0.999999 -0.00251069 0.0102384 -0.0290828
FixedParameters: 0 0 0

#Transform 19
Transform: AffineTransform_float_3_3
Parameters: 0.999999 -0.000722646 -0.00129994 0.000721745 0.999999 -0.000657463 0.0013003 0.000656537 0.999999 0.00152885 0.0227024 -0.026138
FixedParameters: 0 0 0

#Transform 20
Transform: AffineTransform_float_3_3
Parameters: 0.999999 -0.000278708 -0.000821576 0.000278462 0.999999 -0.000149882 0.000821659 0.000149118 1 0.0177879 0.0133187 0.0153969
FixedParameters: 0 0 0

#Transform 21
Transform: AffineTransform_float_3_3
Parameters: 0.999999 -0.000642495 -0.000472102 0.000642534 1 4.06967e-05 0.000472049 -4.13033e-05 1 0.0181546 0.0316575 -0.0199645
FixedParameters: 0 0 0

#Transform 22
Transform: AffineTransform_float_3_3
Parameters: 1 -0.000444493 0.000183059 0.000444506 1 -3.49186e-05 -0.000183028 3.50814e-05 1 0.00441934 0.0322926 -0.0648087
FixedParameters: 0 0 0

#Transform 23
Transform: AffineTransform_float_3_3
Parameters: 0.999999 -0.000806504 0.000158064 0.000806302 0.999999 0.000638127 -0.000159093 -0.000637871 1 0.0252983 0.019703 0.0549248
FixedParameters: 0 0 0

#Transform 24
Transform: AffineTransform_float_3_3
Parameters: 0.999999 -0.000471514 0.000713216 0.000471136 1 0.00067786 -0.000713047 -0.00067814 0.999999 0.014347 0.035285 0.036934
FixedParameters: 0 0 0

#Transform 25
Transform: AffineTransform_float_3_3
Parameters: 0.999999 -0.000626348 0.00112606 0.000626029 0.999999 0.00102405 -0.00112632 -0.00102295 0.999999 0.0240902 0.0241077 0.0031794
FixedParameters: 0 0 0

#Transform 26
Transform: AffineTransform_float_3_3
Parameters: 1 -0.000556729 0.00107651 0.000556895 1 0.000196471 -0.00107592 -0.00019653 1 0.0504057 0.0348071 -0.0274593
FixedParameters: 0 0 0

#Transform 27
Transform: AffineTransform_float_3_3
Parameters: 0.999998 -0.000372755 0.00167433 0.00037152 1 0.000610317 -0.00167537 -0.000609682 0.999999 0.0547358 0.00528636 -0.0029311
FixedParameters: 0 0 0

#Transform 28
Transform: AffineTransform_float_3_3
Parameters: 0.999999 -0.000263354 0.0013995 0.000263703 1 0.000374717 -0.00139948 -0.000374285 0.999999 0.0275966 -0.000372436 -0.0217195
FixedParameters: 0 0 0

#Transform 29
Transform: AffineTransform_float_3_3
Parameters: 0.999998 -0.000420033 0.00160896 0.000418885 1 0.000357022 -0.00160926 -0.000355978 0.999999 0.0556363 0.0252374 -0.0192013
FixedParameters: 0 0 0

#Transform 30
Transform: AffineTransform_float_3_3
Parameters: 0.999998 -0.000528739 0.00181096 0.000528026 1 0.000197651 -0.00181117 -0.000196348 0.999999 0.0593952 0.0121135 -0.00971323
FixedParameters: 0 0 0

#Transform 31
Transform: AffineTransform_float_3_3
Parameters: 0.999997 -0.00041839 0.00212962 0.000418914 1 -0.000122414 -0.00212951 0.000123586 0.999997 0.0828027 0.0249487 -0.0580863
FixedParameters: 0 0 0

#Transform 32
Transform: AffineTransform_float_3_3
Parameters: 0.999998 -0.000173727 0.00223382 0.000172337 1 0.00031108 -0.00223393 -0.000310918 0.999997 0.0990305 0.0509612 -0.0759298
FixedParameters: 0 0 0

#Transform 33
Transform: AffineTransform_float_3_3
Parameters: 0.999997 -0.000379255 0.00238409 0.000378883 1 7.85978e-05 -0.00238415 -7.74016e-05 0.999996 0.135826 0.0447189 -0.101883
FixedParameters: 0 0 0

#Transform 34
Transform: AffineTransform_float_3_3
Parameters: 0.999997 -0.000378605 0.00238419 0.000379533 0.999999 -0.000194054 -0.00238405 0.000194944 0.999997 0.114607 0.0299417 -0.0836413
FixedParameters: 0 0 0

#Transform 35
Transform: AffineTransform_float_3_3
Parameters: 0.999998 -0.000420748 0.00201335 0.00042163 1 -0.000565458 -0.00201309 0.000566542 0.999998 0.0899962 0.0272822 -0.0476296
FixedParameters: 0 0 0

#Transform 36
Transform: AffineTransform_float_3_3
Parameters: 0.999997 -0.000640823 0.00202408 0.00064229 1 -0.000507483 -0.00202424 0.000508517 0.999998 0.07118 0.0300149 -0.0841045
FixedParameters: 0 0 0

#Transform 37
Transform: AffineTransform_float_3_3
Parameters: 0.999997 -0.000240218 0.0021739 0.000241643 1 -0.000648306 -0.00217381 0.000649694 0.999997 0.0542568 0.0224751 -0.143217
FixedParameters: 0 0 0

#Transform 38
Transform: AffineTransform_float_3_3
Parameters: 0.999997 -0.000256915 0.00216982 0.000260029 0.999999 -0.00122574 -0.00216882 0.00122625 0.999997 0.0775547 0.0328075 -0.16449
FixedParameters: 0 0 0

#Transform 39
Transform: AffineTransform_float_3_3
Parameters: 1 -0.000179329 0.000564646 0.000179275 1 -0.0011899 -0.000564438 0.0011901 0.999999 0.0558049 0.0162919 -0.0882454
FixedParameters: 0 0 0

#Transform 40
Transform: AffineTransform_float_3_3
Parameters: 1 -0.000397399 0.000834652 0.000397092 0.999999 -0.000300321 -0.000833824 0.000300678 1 0.0709401 0.0189647 -0.108838
FixedParameters: 0 0 0

#Transform 41
Transform: AffineTransform_float_3_3
Parameters: 0.999998 0.000138925 0.00192897 -0.000137258 1 -0.000432571 -0.00192909 0.000431427 0.999998 0.0202505 0.0388409 -0.0972595
FixedParameters: 0 0 0

#Transform 42
Transform: AffineTransform_float_3_3
Parameters: 0.999998 -0.000567064 0.00153497 0.000565687 1 0.000641217 -0.00153489 -0.000639783 0.999999 0.0573827 0.0306597 -0.0520221
FixedParameters: 0 0 0

#Transform 43
Transform: AffineTransform_float_3_3
Parameters: 0.999996 -0.000131517 0.00276944 0.000130333 1 0.000465751 -0.00276934 -0.000466249 0.999996 0.0287703 0.0363387 -0.0523961
FixedParameters: 0 0 0

#Transform 44
Transform: AffineTransform_float_3_3
Parameters: 0.999997 -0.00131079 0.00230045 0.00130531 0.999996 0.00231062 -0.00230282 -0.00230838 0.999995 0.0298763 0.0458716 -0.121785
FixedParameters: 0 0 0

#Transform 45
Transform: AffineTransform_float_3_3
Parameters: 0.999994 -0.00136135 0.00298961 0.00135945 0.999999 0.000884505 -0.00299077 -0.000879497 0.999995 0.0578435 0.0645617 -0.116849
FixedParameters: 0 0 0

#Transform 46
Transform: AffineTransform_float_3_3
Parameters: 0.99999 -0.000173303 0.00434467 0.000165279 0.999998 0.00172781 -0.00434416 -0.00172719 0.999989 -0.0877224 0.0425288 -0.0665297
FixedParameters: 0 0 0

#Transform 47
Transform: AffineTransform_float_3_3
Parameters: 0.999998 0.00049297 0.00153261 -0.000495953 0.999997 0.00241307 -0.00153096 -0.00241393 0.999996 -0.0564649 0.0769404 -0.0492977
FixedParameters: 0 0 0

#Transform 48
Transform: AffineTransform_float_3_3
Parameters: 0.999998 -0.000247773 0.00199184 0.000243813 0.999998 0.00189818 -0.00199292 -0.00189782 0.999996 -0.0265853 0.0180296 -0.0551398
FixedParameters: 0 0 0

#Transform 49
Transform: AffineTransform_float_3_3
Parameters: 0.999999 7.68513e-05 0.00183195 -7.9539e-05 0.999999 0.0014962 -0.00183128 -0.0014968 0.999997 -0.0508577 0.0409227 -0.0509469
FixedParameters: 0 0 0

#Transform 50
Transform: AffineTransform_float_3_3
Parameters: 0.999995 -0.000575307 0.00294086 0.00057064 0.999999 0.00126942 -0.00294187 -0.00126758 0.999995 -0.0548695 0.0606525 -0.0632554
FixedParameters: 0 0 0

#Transform 51
Transform: AffineTransform_float_3_3
Parameters: 0.999996 -0.000670907 0.00280977 0.000666529 0.999999 0.00138227 -0.00281037 -0.00137973 0.999995 -0.0327994 0.0532991 -0.0894213
FixedParameters: 0 0 0

#Transform 52
Transform: AffineTransform_float_3_3
Parameters: 0.999999 -0.000522878 0.00175714 0.000519245 0.999999 0.00159926 -0.00175778 -0.00159774 0.999997 -0.0484999 0.049393 -0.0804319
FixedParameters: 0 0 0

#Transform 53
Transform: AffineTransform_float_3_3
Parameters: 0.999998 -0.000238225 0.00174492 0.000234724 0.999998 0.00203511 -0.00174604 -0.00203489 0.999997 -0.0364681 0.0392797 -0.111
FixedParameters: 0 0 0

#Transform 54
Transform: AffineTransform_float_3_3
Parameters: 0.999998 -0.000615649 0.00202029 0.000612769 0.999999 0.00140494 -0.00202157 -0.00140306 0.999997 -0.00111401 0.0373129 -0.14303
FixedParameters: 0 0 0

#Transform 55
Transform: AffineTransform_float_3_3
Parameters: 0.999998 -0.000257673 0.0020461 0.000254363 0.999999 0.00183322 -0.00204639 -0.00183278 0.999996 -0.0116808 0.0648034 -0.119111
FixedParameters: 0 0 0

#Transform 56
Transform: AffineTransform_float_3_3
Parameters: 0.999996 -0.000647409 0.00248105 0.000641602 0.999997 0.00241516 -0.00248248 -0.00241384 0.999994 0.00370539 0.0105261 -0.0914019
FixedParameters: 0 0 0

#Transform 57
Transform: AffineTransform_float_3_3
Parameters: 0.999994 -7.09968e-05 0.00327588 6.24509e-05 0.999996 0.00249378 -0.00327571 -0.00249422 0.999992 -0.0237792 -0.0317121 0.0251811
FixedParameters: 0 0 0

#Transform 58
Transform: AffineTransform_float_3_3
Parameters: 0.999996 -0.000213378 0.00307383 0.000209668 1 0.00105804 -0.00307384 -0.00105796 0.999994 -0.0299439 0.126853 -0.21322
FixedParameters: 0 0 0

#Transform 59
Transform: AffineTransform_float_3_3
Parameters: 0.999996 -5.67399e-05 0.00306868 4.69392e-05 0.999995 0.00322602 -0.00306888 -0.00322598 0.99999 -0.00630967 -0.00895189 -0.214863
FixedParameters: 0 0 0

#Transform 60
Transform: AffineTransform_float_3_3
Parameters: 0.999995 0.000689663 0.00304414 -0.000692462 0.999999 0.000820712 -0.00304338 -0.000823286 0.999995 -0.0718687 0.0565661 -0.1199
FixedParameters: 0 0 0

#Transform 61
Transform: AffineTransform_float_3_3
Parameters: 0.999993 0.000704423 0.00365529 -0.000712701 0.999997 0.0022274 -0.00365302 -0.0022306 0.999991 -0.0398234 0.0134857 -0.0404156
FixedParameters: 0 0 0

#Transform 62
Transform: AffineTransform_float_3_3
Parameters: 0.999992 0.00041703 0.00394642 -0.000423988 0.999999 0.00182085 -0.00394659 -0.00182315 0.99999 -0.0319566 0.0382847 -0.0665313
FixedParameters: 0 0 0

#Transform 63
Transform: AffineTransform_float_3_3
Parameters: 0.999993 -0.000460293 0.00366922 0.000454205 0.999998 0.00178211 -0.00366976 -0.00178089 0.999992 0.0433061 0.0254455 -0.0710622
FixedParameters: 0 0 0

#Transform 64
Transform: AffineTransform_float_3_3
Parameters: 0.999999 0.000164028 0.0014529 -0.000166755 0.999998 0.00197524 -0.00145321 -0.00197476 0.999997 -0.0141509 0.0136761 -0.112355
FixedParameters: 0 0 0

#Transform 65
Transform: AffineTransform_float_3_3
Parameters: 0.999999 -0.000179491 0.0014893 0.000176767 0.999999 0.00138361 -0.00148958 -0.00138339 0.999997 0.0100225 0.045967 -0.161058
FixedParameters: 0 0 0

#Transform 66
Transform: AffineTransform_float_3_3
Parameters: 0.999999 -7.64367e-05 0.00146122 7.34458e-05 0.999999 0.00150146 -0.00146123 -0.00150154 0.999998 0.0169931 0.0341188 -0.132574
FixedParameters: 0 0 0

#Transform 67
Transform: AffineTransform_float_3_3
Parameters: 0.999998 -0.000173547 0.00160195 0.000170737 0.999998 0.00174897 -0.00160211 -0.00174903 0.999997 -0.023518 0.0324048 -0.147018
FixedParameters: 0 0 0

#Transform 68
Transform: AffineTransform_float_3_3
Parameters: 0.999998 -0.00040064 0.00229408 0.000396691 0.999998 0.00146995 -0.00229482 -0.00146904 0.999996 0.0087257 0.0870748 -0.259426
FixedParameters: 0 0 0

#Transform 69
Transform: AffineTransform_float_3_3
Parameters: 0.999998 0.000792153 0.00210203 -0.000791096 1 -0.000252364 -0.00210243 0.000250634 0.999997 -0.0497647 0.0410744 -0.066776
FixedParameters: 0 0 0

#Transform 70
Transform: AffineTransform_float_3_3
Parameters: 1 0.000311077 0.00113014 -0.000312016 0.999999 0.00139147 -0.00112964 -0.00139153 0.999999 0.00669802 -0.0323971 -0.0213216
FixedParameters: 0 0 0

#Transform 71
Transform: AffineTransform_float_3_3
Parameters: 0.999999 -2.14439e-05 0.00137183 2.02207e-05 0.999999 0.00146485 -0.00137146 -0.00146415 0.999998 -0.0246914 0.045418 -0.098877
FixedParameters: 0 0 0

#Transform 72
Transform: AffineTransform_float_3_3
Parameters: 0.999998 -0.000137032 0.00206466 0.000131083 0.999996 0.00265145 -0.00206531 -0.00265055 0.999994 -0.00831716 0.0498046 -0.034369
FixedParameters: 0 0 0

#Transform 73
Transform: AffineTransform_float_3_3
Parameters: 0.999998 -0.000208472 0.00230042 0.000200798 0.999994 0.00336151 -0.00230129 -0.00336149 0.999992 0.0189896 0.0424973 0.0171538
FixedParameters: 0 0 0

#Transform 74
Transform: AffineTransform_float_3_3
Parameters: 0.999996 -0.000414183 0.00256254 0.000409372 0.999998 0.00191457 -0.00256405 -0.00191243 0.999995 0.0181194 0.0320264 0.0191528
FixedParameters: 0 0 0

#Transform 75
Transform: AffineTransform_float_3_3
Parameters: 0.999995 -0.000640222 0.00291994 0.000637973 0.999999 0.000864126 -0.00292061 -0.000862874 0.999995 0.0488336 0.0418621 -0.0554136
FixedParameters: 0 0 0

#Transform 76
Transform: AffineTransform_float_3_3
Parameters: 0.999996 -0.000270104 0.00287736 0.000266073 1 0.00118616 -0.00287756 -0.00118584 0.999995 0.0313101 0.0434985 -0.0409991
FixedParameters: 0 0 0

#Transform 77
Transform: AffineTransform_float_3_3
Parameters: 0.999996 -0.000368772 0.0027458 0.00036588 1 0.000889049 -0.00274542 -0.000887949 0.999995 0.0438859 0.0356046 -0.0551689
FixedParameters: 0 0 0

#Transform 78
Transform: AffineTransform_float_3_3
Parameters: 0.999996 0.000133062 0.00258494 -0.000135302 1 0.000703646 -0.00258453 -0.000703353 0.999997 0.0289073 0.0312138 -0.0760467
FixedParameters: 0 0 0

#Transform 79
Transform: AffineTransform_float_3_3
Parameters: 0.999997 0.000525986 0.00229846 -0.000527744 0.999999 0.00103744 -0.00229832 -0.00103857 0.999997 -0.0123623 0.0456404 -0.0760358
FixedParameters: 0 0 0

#Transform 80
Transform: AffineTransform_float_3_3
Parameters: 0.999995 -0.000368992 0.00295047 0.000366756 0.999999 0.000716297 -0.00294997 -0.000714703 0.999996 0.0371898 0.0335676 -0.0640886
FixedParameters: 0 0 0

#Transform 81
Transform: AffineTransform_float_3_3
Parameters: 0.999996 -0.00124355 0.00254543 0.00124289 0.999999 0.000404255 -0.00254622 -0.000400746 0.999996 0.0428166 0.065391 -0.125743
FixedParameters: 0 0 0

#Transform 82
Transform: AffineTransform_float_3_3
Parameters: 0.999996 -0.00173916 0.00186536 0.00173809 0.999998 0.000605163 -0.00186585 -0.000601838 0.999998 0.0492105 0.0841687 -0.171931
FixedParameters: 0 0 0

#Transform 83
Transform: AffineTransform_float_3_3
Parameters: 0.999997 -0.000964834 0.00197565 0.000964434 0.999999 0.000605125 -0.00197579 -0.000602877 0.999998 0.0438003 0.0730136 -0.0882526
FixedParameters: 0 0 0

#Transform 84
Transform: AffineTransform_float_3_3
Parameters: 0.999996 -0.000253684 0.00288923 0.000251213 0.999999 0.00105159 -0.00288991 -0.00105041 0.999995 0.0609797 0.0627336 0.011085
FixedParameters: 0 0 0

#Transform 85
Transform: AffineTransform_float_3_3
Parameters: 0.999996 -0.000999566 0.00288011 0.000998429 0.999999 0.000339137 -0.00288137 -0.000335862 0.999996 0.0984466 0.0226577 -0.048231
FixedParameters: 0 0 0

#Transform 86
Transform: AffineTransform_float_3_3
Parameters: 0.999993 -5.86059e-05 0.00378375 5.70832e-05 1 0.000570603 -0.00378338 -0.0005704 0.999993 0.0762242 0.0050364 -0.0444368
FixedParameters: 0 0 0

#Transform 87
Transform: AffineTransform_float_3_3
Parameters: 0.999989 -0.00094528 0.00444027 0.000954583 0.999998 -0.00198979 -0.0044378 0.00199421 0.999988 0.0966979 0.116883 -0.200949
FixedParameters: 0 0 0

#Transform 88
Transform: AffineTransform_float_3_3
Parameters: 0.999991 -0.000620342 0.00420357 0.000630118 0.999997 -0.00232525 -0.00420219 0.00232775 0.999988 0.108851 0.0639755 -0.155725
FixedParameters: 0 0 0

#Transform 89
Transform: AffineTransform_float_3_3
Parameters: 0.999995 -0.00111843 0.0031788 0.00112217 0.999999 -0.00124466 -0.00317667 0.00124834 0.999994 0.0762569 0.0660224 -0.153255
FixedParameters: 0 0 0

#Transform 90
Transform: AffineTransform_float_3_3
Parameters: 0.999994 -0.0010961 0.00321274 0.00109883 0.999999 -0.000732343 -0.00321215 0.000735656 0.999995 0.104317 0.0958647 -0.182783
FixedParameters: 0 0 0

#Transform 91
Transform: AffineTransform_float_3_3
Parameters: 0.999994 -0.000706909 0.00319823 0.000709166 1 -0.000662 -0.00319832 0.000665 0.999995 0.101466 0.0512347 -0.135141
FixedParameters: 0 0 0

#Transform 92
Transform: AffineTransform_float_3_3
Parameters: 0.999996 0.000513719 0.00278382 -0.000515363 1 0.000836039 -0.00278392 -0.000836964 0.999996 0.040328 0.0645337 -0.083266
FixedParameters: 0 0 0

#Transform 93
Transform: AffineTransform_float_3_3
Parameters: 0.999995 -0.000580432 0.00317627 0.000574845 0.999998 0.00153992 -0.00317739 -0.00153808 0.999994 0.0538379 0.0102018 -0.0697093
FixedParameters: 0 0 0

#Transform 94
Transform: AffineTransform_float_3_3
Parameters: 0.999995 -0.000486995 0.00329982 0.000484976 1 0.000306685 -0.00330012 -0.000305312 0.999995 0.0525781 0.0211085 -0.0917771
FixedParameters: 0 0 0

#Transform 95
Transform: AffineTransform_float_3_3
Parameters: 0.999994 -0.000561517 0.00319934 0.00055856 1 0.000773527 -0.00319918 -0.000771472 0.999995 0.048442 0.0409548 -0.08079
FixedParameters: 0 0 0

#Transform 96
Transform: AffineTransform_float_3_3
Parameters: 0.999998 -0.000260158 0.0022647 0.000257354 1 0.000927627 -0.00226496 -0.000927372 0.999997 0.038743 0.049373 -0.0817508
FixedParameters: 0 0 0

#Transform 97
Transform: AffineTransform_float_3_3
Parameters: 0.999997 -0.000138895 0.00271236 0.000138022 0.999999 0.00016124 -0.00271241 -0.000160759 0.999996 0.0667757 0.0529171 -0.105075
FixedParameters: 0 0 0

#Transform 98
Transform: AffineTransform_float_3_3
Parameters: 0.999996 -0.000713941 0.00298796 0.000713479 1 0.000177045 -0.0029874 -0.000174955 0.999995 0.0717324 0.0405242 -0.135652
FixedParameters: 0 0 0

#Transform 99
Transform: AffineTransform_float_3_3
Parameters: 0.999994 -0.000408289 0.00328569 0.000407485 1 0.000335424 -0.00328574 -0.000334578 0.999995 0.0443758 0.06571 -0.141714
FixedParameters: 0 0 0

#Transform 100
Transform: AffineTransform_float_3_3
Parameters: 0.999993 -6.41794e-05 0.00357945 6.34218e-05 1 0.000301264 -0.00357927 -0.000300737 0.999993 0.0501523 0.0351552 -0.106946
FixedParameters: 0 0 0

#Transform 101
Transform: AffineTransform_float_3_3
Parameters: 0.999993 -0.000750893 0.00361372 0.000755153 1 -0.00124967 -0.0036133 0.00125233 0.999993 0.0761003 0.0905704 -0.201689
FixedParameters: 0 0 0

#Transform 102
Transform: AffineTransform_float_3_3
Parameters: 0.999996 -1.80426e-05 0.00300243 1.90484e-05 1 -0.000167732 -0.00300242 0.000167267 0.999996 0.0513788 0.0669188 -0.0754433
FixedParameters: 0 0 0

#Transform 103
Transform: AffineTransform_float_3_3
Parameters: 0.999994 0.000304572 0.00351234 -0.000303901 1 -0.000210905 -0.00351187 0.000210096 0.999994 0.0112725 0.0487909 -0.0312822
FixedParameters: 0 0 0

#Transform 104
Transform: AffineTransform_float_3_3
Parameters: 0.999996 -5.09705e-05 0.00302599 5.07586e-05 1 3.50184e-05 -0.00302599 -3.49813e-05 0.999995 0.0443991 0.0298047 -0.0684247
FixedParameters: 0 0 0

#Transform 105
Transform: AffineTransform_float_3_3
Parameters: 0.999997 -0.000330768 0.00264219 0.000330699 1 1.32624e-05 -0.0026422 -1.27375e-05 0.999997 0.0379032 0.0361562 -0.0759303
FixedParameters: 0 0 0

#Transform 106
Transform: AffineTransform_float_3_3
Parameters: 0.999997 -0.00056661 0.00243631 0.000566358 1 0.000172946 -0.0024357 -0.000172055 0.999997 0.0676249 0.030779 -0.0496003
FixedParameters: 0 0 0

#Transform 107
Transform: AffineTransform_float_3_3
Parameters: 0.999996 -0.000952527 0.0024293 0.000954126 0.999999 -0.000737248 -0.00242892 0.000738753 0.999997 0.0612103 0.0496587 -0.069129
FixedParameters: 0 0 0

#Transform 108
Transform: AffineTransform_float_3_3
Parameters: 0.999995 -0.00108691 0.00302615 0.0010868 1 0.000116073 -0.00302559 -0.000112929 0.999996 0.00106158 0.074677 -0.104334
FixedParameters: 0 0 0

#Transform 109
Transform: AffineTransform_float_3_3
Parameters: 0.999999 -0.000550268 0.00175333 0.000550756 1 -0.000306341 -0.0017538 0.00030766 0.999999 -0.0243436 0.128698 -0.303856
FixedParameters: 0 0 0

#Transform 110
Transform: AffineTransform_float_3_3
Parameters: 0.999998 -0.000354957 0.00160987 0.000354781 1 0.000305919 -0.00161068 -0.000305082 0.999999 0.0125012 -0.00463795 -0.0118663
FixedParameters: 0 0 0

#Transform 111
Transform: AffineTransform_float_3_3
Parameters: 1 -0.000232305 0.00101283 0.00023096 1 0.000663758 -0.00101313 -0.000664241 0.999999 0.017268 0.0358182 -0.00898357
FixedParameters: 0 0 0

#Transform 112
Transform: AffineTransform_float_3_3
Parameters: 1 -0.000374758 0.000276986 0.000374753 1 1.01038e-05 -0.000276993 -9.89619e-06 1 0.00139631 0.0520776 -0.156377
FixedParameters: 0 0 0

#Transform 113
Transform: AffineTransform_float_3_3
Parameters: 0.999999 -0.000547388 0.000800867 0.00054723 1 0.00046631 -0.00080057 -0.000466691 1 0.0228311 0.0550213 -0.164347
FixedParameters: 0 0 0

#Transform 114
Transform: AffineTransform_float_3_3
Parameters: 1 0.00017348 -0.000984125 -0.000172002 0.999998 0.00146052 0.000984411 -0.00146048 0.999998 -0.0108532 0.0187204 -0.0838574
FixedParameters: 0 0 0

#Transform 115
Transform: AffineTransform_float_3_3
Parameters: 1 0.000219297 9.78412e-05 -0.000218919 0.999997 0.00220098 -9.74659e-05 -0.00220102 0.999997 -0.0151167 0.0582123 -0.0641965
FixedParameters: 0 0 0

#Transform 116
Transform: AffineTransform_float_3_3
Parameters: 0.999999 0.000828034 0.000223089 -0.000827939 0.999997 0.00209681 -0.000221603 -0.00209718 0.999998 -0.00285292 0.0760768 -0.0585831
FixedParameters: 0 0 0

#Transform 117
Transform: AffineTransform_float_3_3
Parameters: 1 -0.000142743 -0.00044738 0.000144463 0.999996 0.00282594 0.000447158 -0.00282606 0.999996 -0.0197419 0.041449 0.0392384
FixedParameters: 0 0 0

#Transform 118
Transform: AffineTransform_float_3_3
Parameters: 0.999997 0.00031491 -0.00245806 -0.000307614 0.999997 0.00262081 0.00245882 -0.00262019 0.999994 -0.0739896 0.0501835 0.160461
FixedParameters: 0 0 0

#Transform 119
Transform: AffineTransform_float_3_3
Parameters: 0.999998 0.0010459 0.00120201 -0.00104963 0.999994 0.00323822 -0.00119817 -0.00323978 0.999994 -0.0898507 0.0663067 0.0591574
FixedParameters: 0 0 0
