# transform file /out/sourcedata/freesurfer/sub-v1s18x0051250_ses-1/mri/transforms/cc_up.lta
# created by oesteban on Mon Mar  9 07:26:27 2026

type      = 0 # LINEAR_VOX_TO_VOX
nxforms   = 1
mean      = 129.0000 127.0000 121.0000
sigma     = 10000.0000
1 4 4
9.933766722679138e-01 6.947521120309830e-02 9.152047336101532e-02 -1.956730461120605e+01 
-6.918222457170486e-02 9.975836873054504e-01 -6.373805925250053e-03 2.801066780090332e+01 
-9.174215793609619e-02 0.000000000000000e+00 9.957828521728516e-01 3.346947479248047e+01 
0.000000000000000e+00 0.000000000000000e+00 0.000000000000000e+00 1.000000000000000e+00 
src volume info
valid = 1  # volume info valid
filename = /out/sourcedata/freesurfer/sub-v1s18x0051250_ses-1/mri/norm.mgz
volume = 256 256 256
voxelsize = 1.000000000000000e+00 1.000000000000000e+00 1.000000000000000e+00
xras   = -1.000000000000000e+00 0.000000000000000e+00 0.000000000000000e+00
yras   = 0.000000000000000e+00 0.000000000000000e+00 -1.000000000000000e+00
zras   = 0.000000000000000e+00 1.000000000000000e+00 0.000000000000000e+00
cras   = 3.626502990722656e+00 7.047958374023438e+00 2.581840515136719e+01
dst volume info
valid = 1  # volume info valid
filename = /out/sourcedata/freesurfer/sub-v1s18x0051250_ses-1/mri/norm.mgz
volume = 256 256 256
voxelsize = 1.000000000000000e+00 1.000000000000000e+00 1.000000000000000e+00
xras   = -1.000000000000000e+00 0.000000000000000e+00 0.000000000000000e+00
yras   = 0.000000000000000e+00 0.000000000000000e+00 -1.000000000000000e+00
zras   = 0.000000000000000e+00 1.000000000000000e+00 0.000000000000000e+00
cras   = 3.626502990722656e+00 7.047958374023438e+00 2.581840515136719e+01
