#Insight Transform File V1.0
#Transform 0
Transform: AffineTransform_float_3_3
Parameters: 0.999996 -0.00273665 -0.000261942 0.00273512 0.999982 -0.00527136 0.000276283 0.00527064 0.999986 0.141281 -0.0189249 0.160981
FixedParameters: 0 0 0

#Transform 1
Transform: AffineTransform_float_3_3
Parameters: 0.999998 -0.00204691 -0.000465739 0.00204408 0.999984 -0.00518322 0.000476371 0.00518278 0.999987 0.138209 0.0275149 0.179823
FixedParameters: 0 0 0

#Transform 2
Transform: AffineTransform_float_3_3
Parameters: 0.999997 -0.00261718 -0.000557554 0.002616 0.999991 -0.00321091 0.000565745 0.00320909 0.999995 0.0893522 -0.0948205 0.173714
FixedParameters: 0 0 0

#Transform 3
Transform: AffineTransform_float_3_3
Parameters: 0.999996 -0.00244104 0.000983538 0.00244475 0.999989 -0.00375809 -0.000973638 0.00375991 0.999992 0.030478 0.0206891 0.0857474
FixedParameters: 0 0 0

#Transform 4
Transform: AffineTransform_float_3_3
Parameters: 0.999998 -0.001896 0.00120245 0.00190248 0.999985 -0.00520503 -0.00119273 0.00520698 0.999986 0.0910219 0.0310157 0.207714
FixedParameters: 0 0 0

#Transform 5
Transform: AffineTransform_float_3_3
Parameters: 0.999999 -0.000714856 4.37908e-05 0.000715641 0.999991 -0.00431515 -4.07525e-05 0.00431485 0.99999 0.145892 -0.00233296 0.174918
FixedParameters: 0 0 0

#Transform 6
Transform: AffineTransform_float_3_3
Parameters: 0.999999 -0.000704437 -0.000497005 0.000703901 0.999999 -0.00133739 0.000497719 0.00133761 0.999999 0.109459 -0.167911 0.300688
FixedParameters: 0 0 0

#Transform 7
Transform: AffineTransform_float_3_3
Parameters: 1 -0.000234175 -0.000282528 0.000233244 0.999995 -0.00337707 0.000283919 0.00337694 0.999995 0.0902421 -0.000917522 0.141528
FixedParameters: 0 0 0

#Transform 8
Transform: AffineTransform_float_3_3
Parameters: 1 0.000104633 0.000249603 -0.000103712 0.999992 -0.00380802 -0.000250209 0.00380797 0.999992 0.0579582 0.0739697 0.0768675
FixedParameters: 0 0 0

#Transform 9
Transform: AffineTransform_float_3_3
Parameters: 1 8.2681e-05 0.000272202 -8.1331e-05 0.999991 -0.00428002 -0.000272716 0.00427998 0.999991 0.0591108 0.0383968 0.145646
FixedParameters: 0 0 0

#Transform 10
Transform: AffineTransform_float_3_3
Parameters: 1 -0.000259326 -6.06642e-05 0.000258728 0.999995 -0.00336202 6.14236e-05 0.00336199 0.999995 0.0985068 0.00664986 0.12891
FixedParameters: 0 0 0

#Transform 11
Transform: AffineTransform_float_3_3
Parameters: 1 -0.000449937 -0.000458046 0.00044878 0.999997 -0.0021292 0.00045879 0.00212879 0.999997 0.120947 0.0332715 0.0705044
FixedParameters: 0 0 0

#Transform 12
Transform: AffineTransform_float_3_3
Parameters: 1 -0.000558536 -2.33861e-06 0.000558338 0.999998 -0.001904 3.48286e-06 0.001904 0.999998 0.103362 -0.0378196 0.088036
FixedParameters: 0 0 0

#Transform 13
Transform: AffineTransform_float_3_3
Parameters: 0.999999 -0.00065121 -0.000346079 0.000650766 0.999998 -0.00178723 0.000347236 0.00178678 0.999999 0.0689993 0.0438396 0.0137618
FixedParameters: 0 0 0

#Transform 14
Transform: AffineTransform_float_3_3
Parameters: 0.999999 -0.000866077 -0.000358085 0.000865983 0.999999 -0.00123935 0.000359062 0.00123965 0.999999 0.0871428 0.00776399 0.0161899
FixedParameters: 0 0 0

#Transform 15
Transform: AffineTransform_float_3_3
Parameters: 0.999999 -0.00125751 0.000148684 0.00125766 0.999998 -0.00112081 -0.000146847 0.00112119 1 0.0507871 0.0197178 -0.0254725
FixedParameters: 0 0 0

#Transform 16
Transform: AffineTransform_float_3_3
Parameters: 0.999999 -0.0012341 0.000567783 0.0012342 0.999999 -0.00112045 -0.000565812 0.00112055 1 0.0280337 0.00481705 -0.0709181
FixedParameters: 0 0 0

#Transform 17
Transform: AffineTransform_float_3_3
Parameters: 1 -0.000656504 3.29326e-05 0.000656537 0.999999 -0.000510978 -3.22616e-05 0.000511021 1 0.00244912 0.0656568 -0.0894068
FixedParameters: 0 0 0

#Transform 18
Transform: AffineTransform_float_3_3
Parameters: 1 -0.000265611 -0.000153869 0.000265497 1 -0.000371041 0.000154066 0.000370959 1 0.0152635 0.0538099 -0.120877
FixedParameters: 0 0 0

#Transform 19
Transform: AffineTransform_float_3_3
Parameters: 1 -0.000280918 -0.000233309 0.000280546 0.999999 -0.000795065 0.000233756 0.000794934 0.999999 0.00317218 0.14502 -0.120192
FixedParameters: 0 0 0

#Transform 20
Transform: AffineTransform_float_3_3
Parameters: 1 -9.59276e-05 -0.000550781 9.58835e-05 1 -4.00528e-05 0.000550789 3.99472e-05 1 0.0204249 -0.0116755 -0.0191955
FixedParameters: 0 0 0

#Transform 21
Transform: AffineTransform_float_3_3
Parameters: 0.999999 0.000931414 4.20971e-05 -0.000931403 0.999999 -0.000131039 -4.23412e-05 0.000130961 1 0.0324027 0.104876 -0.0610162
FixedParameters: 0 0 0

#Transform 22
Transform: AffineTransform_float_3_3
Parameters: 0.999999 0.00129257 0.000501584 -0.00129243 0.999999 -0.000933684 -0.000502828 0.000933316 1 0.0209628 0.145521 -0.0931246
FixedParameters: 0 0 0

#Transform 23
Transform: AffineTransform_float_3_3
Parameters: 0.999999 0.00133668 0.000732628 -0.00133638 0.999999 -0.000749015 -0.000733459 0.000747986 1 0.0310851 0.138106 -0.0563705
FixedParameters: 0 0 0

#Transform 24
Transform: AffineTransform_float_3_3
Parameters: 1 0.000858342 0.000645413 -0.000858017 0.999999 -0.000251589 -0.000645845 0.000251411 0.999999 0.00903339 0.140655 -0.0830671
FixedParameters: 0 0 0

#Transform 25
Transform: AffineTransform_float_3_3
Parameters: 1 0.000641735 -0.000195209 -0.000641842 1 -0.000753059 0.000195225 0.000752942 0.999999 0.0421794 0.182546 -0.137106
FixedParameters: 0 0 0

#Transform 26
Transform: AffineTransform_float_3_3
Parameters: 1 0.000491935 0.000219608 -0.000491833 1 -0.000231108 -0.000219835 0.000230892 1 0.0180358 0.17265 -0.121868
FixedParameters: 0 0 0

#Transform 27
Transform: AffineTransform_float_3_3
Parameters: 0.999999 0.000273128 0.000964869 -0.000273161 1 -0.000491115 -0.00096495 0.000491886 1 0.00893825 0.141841 -0.10869
FixedParameters: 0 0 0

#Transform 28
Transform: AffineTransform_float_3_3
Parameters: 0.999999 0.000318034 0.00083714 -0.000317016 1 -0.000608082 -0.000837526 0.000607918 1 0.0364278 0.20141 -0.0911914
FixedParameters: 0 0 0

#Transform 29
Transform: AffineTransform_float_3_3
Parameters: 1 0.000420097 0.00113646 -0.000420659 1 0.000246706 -0.00113625 -0.000247294 1 0.022336 0.126543 -0.0724349
FixedParameters: 0 0 0

#Transform 30
Transform: AffineTransform_float_3_3
Parameters: 0.999999 0.00139249 -0.000289091 -0.00139251 0.999999 -2.97464e-05 0.000289008 2.92535e-05 1 0.0722511 0.111623 -0.0660659
FixedParameters: 0 0 0

#Transform 31
Transform: AffineTransform_float_3_3
Parameters: 0.999999 0.00118317 0.000572523 -0.00118327 1 8.21035e-05 -0.000572328 -8.28964e-05 1 0.0205858 0.158311 -0.0788826
FixedParameters: 0 0 0

#Transform 32
Transform: AffineTransform_float_3_3
Parameters: 1 0.000996342 0.00054195 -0.000996839 0.999999 0.00119246 -0.000540742 -0.00119354 0.999999 -0.014672 0.0838077 -0.0684207
FixedParameters: 0 0 0

#Transform 33
Transform: AffineTransform_float_3_3
Parameters: 0.999999 0.000880296 0.0011571 -0.000881297 1 0.000856946 -0.00115578 -0.000858054 0.999999 -0.039601 0.105283 -0.0540743
FixedParameters: 0 0 0

#Transform 34
Transform: AffineTransform_float_3_3
Parameters: 0.999999 0.00107155 0.00107247 -0.0010724 0.999999 0.000309999 -0.00107279 -0.000311001 1 0.0105706 0.158781 -0.0623133
FixedParameters: 0 0 0

#Transform 35
Transform: AffineTransform_float_3_3
Parameters: 1 0.000745684 0.000842886 -0.000744751 0.999999 -0.000553444 -0.00084371 0.000552555 1 0.00277261 0.20621 -0.114974
FixedParameters: 0 0 0

#Transform 36
Transform: AffineTransform_float_3_3
Parameters: 1 0.000919442 0.000556767 -0.000919708 0.999999 0.000239453 -0.000556327 -0.000239547 0.999999 -0.00554188 0.21564 -0.164708
FixedParameters: 0 0 0

#Transform 37
Transform: AffineTransform_float_3_3
Parameters: 0.999999 0.000828668 0.00100301 -0.000829367 1 0.000838169 -0.00100181 -0.000839831 0.999999 -0.0196457 0.174841 -0.108707
FixedParameters: 0 0 0

#Transform 38
Transform: AffineTransform_float_3_3
Parameters: 1 0.000283194 0.00110661 -0.000284503 1 0.00103565 -0.00110621 -0.00103535 0.999999 -0.0152779 0.175778 -0.138686
FixedParameters: 0 0 0

#Transform 39
Transform: AffineTransform_float_3_3
Parameters: 0.999999 -0.000217561 0.00145697 0.000216114 0.999999 0.0012355 -0.0014569 -0.0012345 0.999998 -0.0295733 0.139244 -0.160892
FixedParameters: 0 0 0

#Transform 40
Transform: AffineTransform_float_3_3
Parameters: 0.999998 -0.000505405 0.00225304 0.0005018 0.999999 0.00171357 -0.00225453 -0.00171243 0.999996 -0.0312164 0.109242 -0.158522
FixedParameters: 0 0 0

#Transform 41
Transform: AffineTransform_float_3_3
Parameters: 0.999995 -0.00108148 0.00272265 0.00107729 0.999998 0.00141545 -0.00272332 -0.00141255 0.999995 -0.0348708 0.113136 -0.0792404
FixedParameters: 0 0 0

#Transform 42
Transform: AffineTransform_float_3_3
Parameters: 0.999998 -0.000633726 0.00222495 0.00063068 0.999999 0.00116884 -0.00222582 -0.00116715 0.999997 -0.0187523 0.170821 -0.123323
FixedParameters: 0 0 0

#Transform 43
Transform: AffineTransform_float_3_3
Parameters: 0.999997 -0.000529484 0.00215318 0.000527126 0.999999 0.00127558 -0.0021541 -0.00127442 0.999997 -0.029097 0.161908 -0.110026
FixedParameters: 0 0 0

#Transform 44
Transform: AffineTransform_float_3_3
Parameters: 0.999998 -0.000261232 0.00206152 0.000258323 0.999999 0.00146594 -0.00206187 -0.00146506 0.999997 -0.0266536 0.167049 -0.112792
FixedParameters: 0 0 0

#Transform 45
Transform: AffineTransform_float_3_3
Parameters: 0.999998 -0.000460595 0.00197329 0.000459056 0.999999 0.00118416 -0.00197396 -0.00118384 0.999997 -0.0256613 0.149028 -0.0574119
FixedParameters: 0 0 0

#Transform 46
Transform: AffineTransform_float_3_3
Parameters: 0.999996 -0.000228143 0.00274126 0.000224474 0.999999 0.00142043 -0.00274167 -0.00141957 0.999996 -0.0671158 0.145834 -0.100826
FixedParameters: 0 0 0

#Transform 47
Transform: AffineTransform_float_3_3
Parameters: 0.999998 -0.000140398 0.00226945 0.00013594 0.999998 0.00188875 -0.00226974 -0.00188925 0.999996 -0.0478223 0.151624 -0.124136
FixedParameters: 0 0 0

#Transform 48
Transform: AffineTransform_float_3_3
Parameters: 0.999997 0.000412021 0.00245825 -0.0004158 0.999998 0.00156753 -0.0024577 -0.00156846 0.999995 -0.0230004 0.20902 -0.127797
FixedParameters: 0 0 0

#Transform 49
Transform: AffineTransform_float_3_3
Parameters: 0.999997 1.85958e-05 0.0026995 -2.37651e-05 0.999999 0.00171957 -0.00269919 -0.00172043 0.999995 -0.0436415 0.196409 -0.115192
FixedParameters: 0 0 0

#Transform 50
Transform: AffineTransform_float_3_3
Parameters: 0.999997 0.000141058 0.00244217 -0.000146139 0.999998 0.00208424 -0.00244152 -0.00208476 0.999995 -0.0315679 0.176717 -0.155279
FixedParameters: 0 0 0

#Transform 51
Transform: AffineTransform_float_3_3
Parameters: 0.999996 0.000195965 0.0030344 -0.000201302 0.999998 0.00168835 -0.00303466 -0.00168865 0.999994 -0.0350362 0.190986 -0.110748
FixedParameters: 0 0 0

#Transform 52
Transform: AffineTransform_float_3_3
Parameters: 0.999993 -0.00062644 0.00352235 0.000619485 0.999998 0.00190411 -0.0035229 -0.00190289 0.999992 -0.00301065 0.135361 -0.0477097
FixedParameters: 0 0 0

#Transform 53
Transform: AffineTransform_float_3_3
Parameters: 0.999991 -0.000841447 0.00420059 0.000838018 0.999999 0.000921879 -0.00420092 -0.000919123 0.999991 0.015477 0.223803 -0.0421309
FixedParameters: 0 0 0

#Transform 54
Transform: AffineTransform_float_3_3
Parameters: 0.999993 -0.000528579 0.00368854 0.0005234 0.999999 0.001527 -0.00369028 -0.001525 0.999992 0.0141009 0.162268 -0.0548264
FixedParameters: 0 0 0

#Transform 55
Transform: AffineTransform_float_3_3
Parameters: 0.999995 -0.000232305 0.00311487 0.000225397 0.999997 0.00227255 -0.00311525 -0.00227245 0.999993 -0.00130319 0.169273 -0.0695244
FixedParameters: 0 0 0

#Transform 56
Transform: AffineTransform_float_3_3
Parameters: 0.999995 -0.000232713 0.00311483 0.000224989 0.999997 0.00240355 -0.00311528 -0.00240344 0.999992 0.0316982 0.150719 -0.0364488
FixedParameters: 0 0 0

#Transform 57
Transform: AffineTransform_float_3_3
Parameters: 0.999994 -0.0006465 0.00319271 0.000638475 0.999997 0.00242174 -0.00319419 -0.00242025 0.999992 -0.00283119 0.148781 -0.0282959
FixedParameters: 0 0 0

#Transform 58
Transform: AffineTransform_float_3_3
Parameters: 0.999995 -0.000537408 0.00317289 0.000532258 0.999998 0.00179957 -0.00317397 -0.00179843 0.999993 0.0107636 0.13781 0.0171701
FixedParameters: 0 0 0

#Transform 59
Transform: AffineTransform_float_3_3
Parameters: 0.999996 -0.000294998 0.00277114 0.000290733 0.999998 0.00151262 -0.0027718 -0.00151138 0.999995 0.0157145 0.191369 0.0101884
FixedParameters: 0 0 0

#Transform 60
Transform: AffineTransform_float_3_3
Parameters: 0.999997 -7.36175e-05 0.00266379 6.85284e-05 0.999998 0.00209696 -0.00266423 -0.00209604 0.999995 0.00943584 0.184465 -0.0428756
FixedParameters: 0 0 0

#Transform 61
Transform: AffineTransform_float_3_3
Parameters: 0.999994 0.000161641 0.00327702 -0.000167367 0.999999 0.00162245 -0.00327743 -0.00162355 0.999994 0.0232915 0.1854 -0.00708351
FixedParameters: 0 0 0

#Transform 62
Transform: AffineTransform_float_3_3
Parameters: 0.999996 -0.000369798 0.00271983 0.000364857 0.999998 0.00188062 -0.00272019 -0.00187938 0.999994 0.0482832 0.17385 0.0010731
FixedParameters: 0 0 0

#Transform 63
Transform: AffineTransform_float_3_3
Parameters: 0.999996 -0.000326202 0.00259747 0.000320765 0.999997 0.00206446 -0.00259778 -0.00206354 0.999994 0.0384618 0.160477 0.0205786
FixedParameters: 0 0 0

#Transform 64
Transform: AffineTransform_float_3_3
Parameters: 0.999995 -0.000290762 0.00321831 0.000283123 0.999996 0.00246595 -0.00321926 -0.00246505 0.999992 -0.000748854 0.184806 -0.0496389
FixedParameters: 0 0 0

#Transform 65
Transform: AffineTransform_float_3_3
Parameters: 0.999995 -0.000121992 0.00308296 0.000114698 0.999998 0.00216917 -0.00308362 -0.00216883 0.999993 0.00919937 0.156725 0.0233411
FixedParameters: 0 0 0

#Transform 66
Transform: AffineTransform_float_3_3
Parameters: 0.999994 -4.04216e-05 0.00351142 3.38526e-05 0.999998 0.00194131 -0.0035119 -0.0019407 0.999992 -0.0269127 0.164824 0.0288555
FixedParameters: 0 0 0

#Transform 67
Transform: AffineTransform_float_3_3
Parameters: 0.999996 -0.000150802 0.00278196 0.000143873 0.999997 0.00237222 -0.00278181 -0.00237178 0.999994 0.0264444 0.103094 0.0647253
FixedParameters: 0 0 0

#Transform 68
Transform: AffineTransform_float_3_3
Parameters: 0.999993 9.72697e-05 0.0035695 -0.000107096 0.999997 0.00264081 -0.00356966 -0.00264119 0.99999 -0.0175381 0.139042 0.0326421
FixedParameters: 0 0 0

#Transform 69
Transform: AffineTransform_float_3_3
Parameters: 0.999997 0.000133353 0.00253099 -0.000138926 0.999997 0.00249624 -0.00253064 -0.00249676 0.999993 0.0540209 0.145489 0.0625029
FixedParameters: 0 0 0

#Transform 70
Transform: AffineTransform_float_3_3
Parameters: 0.999997 0.000157509 0.00263154 -0.000161228 0.999998 0.00167535 -0.00263096 -0.00167565 0.999995 0.0804964 0.208975 0.0589687
FixedParameters: 0 0 0

#Transform 71
Transform: AffineTransform_float_3_3
Parameters: 0.999996 -3.94637e-05 0.00260258 3.54976e-05 0.999999 0.00174169 -0.00260267 -0.00174132 0.999995 0.0931112 0.201643 0.0391494
FixedParameters: 0 0 0

#Transform 72
Transform: AffineTransform_float_3_3
Parameters: 0.999994 3.79072e-05 0.0033108 -4.22129e-05 0.999999 0.00127186 -0.00331046 -0.00127214 0.999994 0.1153 0.250582 0.0418531
FixedParameters: 0 0 0

#Transform 73
Transform: AffineTransform_float_3_3
Parameters: 0.999995 -0.000381493 0.00315926 0.000377853 0.999999 0.00122804 -0.00315996 -0.00122696 0.999994 0.145461 0.258153 0.0346909
FixedParameters: 0 0 0

#Transform 74
Transform: AffineTransform_float_3_3
Parameters: 0.999994 0.000533444 0.00345317 -0.000534568 1 0.00030426 -0.00345303 -0.000305739 0.999994 0.19867 0.245913 0.0933604
FixedParameters: 0 0 0

#Transform 75
Transform: AffineTransform_float_3_3
Parameters: 0.999996 0.000421563 0.00255004 -0.000426985 0.999997 0.00221865 -0.00254928 -0.00221935 0.999994 0.129808 0.186481 -0.0318296
FixedParameters: 0 0 0

#Transform 76
Transform: AffineTransform_float_3_3
Parameters: 0.999995 -0.000448014 0.00334332 0.000442677 0.999998 0.00173652 -0.00334403 -0.00173449 0.999993 0.093525 0.217811 -0.0146701
FixedParameters: 0 0 0

#Transform 77
Transform: AffineTransform_float_3_3
Parameters: 0.999994 -0.000366938 0.00348225 0.000362853 0.999999 0.0011783 -0.00348287 -0.0011767 0.999993 0.127706 0.234899 0.0362797
FixedParameters: 0 0 0

#Transform 78
Transform: AffineTransform_float_3_3
Parameters: 0.999996 -0.000385427 0.0027375 0.000382102 0.999999 0.00135967 -0.00273831 -0.00135833 0.999995 0.127652 0.240704 -0.0204425
FixedParameters: 0 0 0

#Transform 79
Transform: AffineTransform_float_3_3
Parameters: 0.999996 0.000166344 0.00275414 -0.000169627 0.999999 0.00134331 -0.00275346 -0.00134369 0.999996 0.106974 0.28074 -0.063803
FixedParameters: 0 0 0

#Transform 80
Transform: AffineTransform_float_3_3
Parameters: 0.999997 0.000567681 0.00267818 -0.000572972 0.999998 0.00190421 -0.00267694 -0.00190579 0.999995 0.091644 0.257485 -0.0432096
FixedParameters: 0 0 0

#Transform 81
Transform: AffineTransform_float_3_3
Parameters: 0.999995 0.000337814 0.00296888 -0.000342656 0.999999 0.00183973 -0.00296777 -0.00184027 0.999994 0.103473 0.267408 -0.0240029
FixedParameters: 0 0 0

#Transform 82
Transform: AffineTransform_float_3_3
Parameters: 0.999997 0.000532054 0.0026849 -0.000536892 0.999998 0.0016323 -0.0026839 -0.0016337 0.999995 0.102578 0.271857 -0.0381211
FixedParameters: 0 0 0

#Transform 83
Transform: AffineTransform_float_3_3
Parameters: 0.999996 0.000961732 0.00260414 -0.000968866 0.999996 0.002654 -0.00260131 -0.002657 0.999993 0.0607717 0.238885 -0.1027
FixedParameters: 0 0 0

#Transform 84
Transform: AffineTransform_float_3_3
Parameters: 0.999995 0.000744088 0.0028588 -0.000752457 0.999995 0.00297678 -0.00285702 -0.00297922 0.999992 0.0581477 0.215256 -0.0594661
FixedParameters: 0 0 0

#Transform 85
Transform: AffineTransform_float_3_3
Parameters: 0.999996 0.000816098 0.00291529 -0.000822029 0.999998 0.00219632 -0.002913 -0.00219869 0.999993 0.0809964 0.263374 -0.0548369
FixedParameters: 0 0 0

#Transform 86
Transform: AffineTransform_float_3_3
Parameters: 0.999996 0.000818627 0.00292596 -0.000824794 0.999998 0.00202848 -0.00292473 -0.00203052 0.999994 0.103438 0.274005 -0.0437695
FixedParameters: 0 0 0

#Transform 87
Transform: AffineTransform_float_3_3
Parameters: 0.999995 0.000493794 0.00313274 -0.000500694 0.999997 0.00219836 -0.00313187 -0.00219964 0.999992 0.0616339 0.233294 -0.0321132
FixedParameters: 0 0 0

#Transform 88
Transform: AffineTransform_float_3_3
Parameters: 0.999996 0.00107331 0.00285057 -0.00107962 0.999997 0.00227763 -0.00284795 -0.00228137 0.999993 0.11018 0.26199 -0.032587
FixedParameters: 0 0 0

#Transform 89
Transform: AffineTransform_float_3_3
Parameters: 0.999995 0.000918397 0.00322458 -0.000924461 0.999998 0.00182391 -0.00322332 -0.00182709 0.999993 0.105874 0.312242 -0.0446265
FixedParameters: 0 0 0

#Transform 90
Transform: AffineTransform_float_3_3
Parameters: 0.999994 0.0013729 0.00314687 -0.00137764 0.999997 0.00181453 -0.00314416 -0.00181948 0.999993 0.104479 0.270852 -0.0459181
FixedParameters: 0 0 0

#Transform 91
Transform: AffineTransform_float_3_3
Parameters: 0.999996 0.00152689 0.00264556 -0.0015366 0.999992 0.0037754 -0.002639 -0.0037796 0.999989 0.124567 0.176629 0.0123961
FixedParameters: 0 0 0

#Transform 92
Transform: AffineTransform_float_3_3
Parameters: 0.999996 0.00124465 0.00249154 -0.0012526 0.999993 0.00345456 -0.00248773 -0.00345744 0.999991 0.117389 0.167878 0.0340514
FixedParameters: 0 0 0

#Transform 93
Transform: AffineTransform_float_3_3
Parameters: 0.999996 0.00119155 0.0026157 -0.00119856 0.999996 0.00239454 -0.00261306 -0.00239746 0.999994 0.109917 0.217392 0.0847713
FixedParameters: 0 0 0

#Transform 94
Transform: AffineTransform_float_3_3
Parameters: 0.999995 0.00130935 0.00282795 -0.00131724 0.999994 0.00289214 -0.00282399 -0.00289586 0.999992 0.120642 0.20534 0.0204223
FixedParameters: 0 0 0

#Transform 95
Transform: AffineTransform_float_3_3
Parameters: 0.999996 0.00150365 0.00261608 -0.00151053 0.999996 0.00252151 -0.00261273 -0.00252549 0.999993 0.141791 0.212297 0.0264851
FixedParameters: 0 0 0

#Transform 96
Transform: AffineTransform_float_3_3
Parameters: 0.999994 0.00156135 0.00291262 -0.00156619 0.999998 0.00160808 -0.00291048 -0.00161292 0.999994 0.179828 0.280163 0.015915
FixedParameters: 0 0 0

#Transform 97
Transform: AffineTransform_float_3_3
Parameters: 0.999997 0.00183015 0.00196494 -0.00183617 0.999994 0.00284167 -0.00195957 -0.00284533 0.999994 0.175588 0.236627 0.0177055
FixedParameters: 0 0 0

#Transform 98
Transform: AffineTransform_float_3_3
Parameters: 0.999995 0.0019676 0.00238544 -0.00197247 0.999996 0.00193172 -0.00238171 -0.00193628 0.999996 0.174372 0.273936 0.0344393
FixedParameters: 0 0 0

#Transform 99
Transform: AffineTransform_float_3_3
Parameters: 0.999995 0.00192503 0.00255548 -0.00192943 0.999997 0.00136249 -0.00255275 -0.00136751 0.999996 0.177198 0.31668 0.0368175
FixedParameters: 0 0 0

#Transform 100
Transform: AffineTransform_float_3_3
Parameters: 0.999996 0.00181966 0.00241311 -0.00182375 0.999996 0.00174802 -0.00241062 -0.00175198 0.999995 0.174864 0.277706 0.0399589
FixedParameters: 0 0 0

#Transform 101
Transform: AffineTransform_float_3_3
Parameters: 0.999997 0.00169948 0.00178519 -0.0017023 0.999997 0.00150808 -0.00178258 -0.00151192 0.999997 0.173345 0.330382 0.00808472
FixedParameters: 0 0 0

#Transform 102
Transform: AffineTransform_float_3_3
Parameters: 0.999998 0.00126667 0.00191113 -0.00127012 0.999997 0.00183188 -0.00190919 -0.00183413 0.999997 0.147203 0.284889 0.046013
FixedParameters: 0 0 0

#Transform 103
Transform: AffineTransform_float_3_3
Parameters: 0.999997 0.00135456 0.0020234 -0.00136009 0.999996 0.00248856 -0.00201954 -0.00249145 0.999995 0.123987 0.254884 -0.00130307
FixedParameters: 0 0 0

#Transform 104
Transform: AffineTransform_float_3_3
Parameters: 0.999997 0.00145786 0.00196291 -0.00146184 0.999997 0.0021694 -0.00195947 -0.0021716 0.999996 0.127707 0.284058 -0.00191481
FixedParameters: 0 0 0

#Transform 105
Transform: AffineTransform_float_3_3
Parameters: 0.999996 0.0016175 0.00230665 -0.00162361 0.999996 0.00248153 -0.00230267 -0.00248547 0.999994 0.118253 0.253392 -0.00571
FixedParameters: 0 0 0

#Transform 106
Transform: AffineTransform_float_3_3
Parameters: 0.999996 0.00118325 0.00263634 -0.00118844 0.999997 0.00203154 -0.00263461 -0.00203446 0.999994 0.11889 0.294453 0.00901232
FixedParameters: 0 0 0

#Transform 107
Transform: AffineTransform_float_3_3
Parameters: 0.999996 0.00145516 0.00270714 -0.00146149 0.999997 0.00200668 -0.00270418 -0.00201031 0.999994 0.10608 0.300107 0.00707316
FixedParameters: 0 0 0

#Transform 108
Transform: AffineTransform_float_3_3
Parameters: 0.999996 0.00135519 0.00257674 -0.00136098 0.999996 0.00238513 -0.00257353 -0.00238787 0.999994 0.10463 0.285635 -0.0151215
FixedParameters: 0 0 0

#Transform 109
Transform: AffineTransform_float_3_3
Parameters: 0.999995 0.0014697 0.00255535 -0.00147632 0.999996 0.00256769 -0.00255106 -0.00257131 0.999993 0.0870067 0.239141 -0.0409621
FixedParameters: 0 0 0

#Transform 110
Transform: AffineTransform_float_3_3
Parameters: 0.999996 0.00141205 0.00266994 -0.00141916 0.999996 0.0025137 -0.00266708 -0.0025183 0.999993 0.1104 0.284125 -0.0248406
FixedParameters: 0 0 0

#Transform 111
Transform: AffineTransform_float_3_3
Parameters: 0.999994 0.000596874 0.00356919 -0.000604799 0.999997 0.00234796 -0.00356806 -0.00235004 0.999991 0.13584 0.272072 0.0544309
FixedParameters: 0 0 0

#Transform 112
Transform: AffineTransform_float_3_3
Parameters: 0.999993 0.000439868 0.00358645 -0.000449665 0.999996 0.00276151 -0.00358489 -0.00276249 0.999989 0.0984114 0.242271 -0.00172162
FixedParameters: 0 0 0

#Transform 113
Transform: AffineTransform_float_3_3
Parameters: 0.999994 0.00111365 0.00345938 -0.00111905 0.999998 0.00174618 -0.00345778 -0.00174983 0.999992 0.153988 0.308231 0.0923353
FixedParameters: 0 0 0

#Transform 114
Transform: AffineTransform_float_3_3
Parameters: 0.999993 0.00124224 0.00356598 -0.00124587 0.999999 0.0010576 -0.00356409 -0.0010624 0.999993 0.185903 0.307109 0.117529
FixedParameters: 0 0 0

#Transform 115
Transform: AffineTransform_float_3_3
Parameters: 0.999995 0.00116676 0.00288645 -0.00117106 0.999999 0.00156233 -0.00288471 -0.00156667 0.999995 0.168907 0.315689 0.0450894
FixedParameters: 0 0 0

#Transform 116
Transform: AffineTransform_float_3_3
Parameters: 0.999997 0.000994218 0.00233113 -0.000998305 0.999997 0.0021002 -0.00232905 -0.0021028 0.999995 0.16127 0.323014 -0.00833821
FixedParameters: 0 0 0

#Transform 117
Transform: AffineTransform_float_3_3
Parameters: 0.999995 0.00133533 0.00292838 -0.00134085 0.999997 0.00225275 -0.00292483 -0.00225725 0.999993 0.138785 0.305854 -0.0156593
FixedParameters: 0 0 0

#Transform 118
Transform: AffineTransform_float_3_3
Parameters: 0.999994 0.00159697 0.00282361 -0.00160237 0.999997 0.00175912 -0.00282087 -0.00176388 0.999994 0.173449 0.299239 0.0311399
FixedParameters: 0 0 0

#Transform 119
Transform: AffineTransform_float_3_3
Parameters: 0.999994 0.0015272 0.00289754 -0.0015353 0.999996 0.0024862 -0.00289418 -0.0024908 0.999993 0.148096 0.316856 0.00934849
FixedParameters: 0 0 0
