#Insight Transform File V1.0
#Transform 0
Transform: AffineTransform_float_3_3
Parameters: 0.999997 0.00219625 0.000205048 -0.00219716 0.999978 0.00633847 -0.000190528 -0.00633945 0.99998 -0.104753 -0.0212655 0.221256
FixedParameters: 0 0 0

#Transform 1
Transform: AffineTransform_float_3_3
Parameters: 0.999999 0.000783417 -0.00147094 -0.000780499 0.999998 0.00164516 0.00147213 -0.0016436 0.999997 -0.0670662 0.0215046 0.0831364
FixedParameters: 0 0 0

#Transform 2
Transform: AffineTransform_float_3_3
Parameters: 1 5.59145e-05 -0.000420887 -5.65284e-05 0.999998 -0.00193402 0.000420407 0.00193422 0.999998 -0.0020649 -0.113471 -0.0439713
FixedParameters: 0 0 0

#Transform 3
Transform: AffineTransform_float_3_3
Parameters: 1 -0.000146104 0.000236154 0.000145936 0.999997 -0.00245844 -0.000235645 0.00245838 0.999997 -0.0212629 -0.118556 -0.0428275
FixedParameters: 0 0 0

#Transform 4
Transform: AffineTransform_float_3_3
Parameters: 1 1.26967e-05 -0.0001262 -1.27705e-05 0.999995 -0.00297873 0.000125357 0.00297885 0.999995 -0.0554714 -0.101355 -0.00747961
FixedParameters: 0 0 0

#Transform 5
Transform: AffineTransform_float_3_3
Parameters: 0.999999 -0.000183796 -0.00130414 0.000179351 0.999996 -0.00304713 0.00130488 0.00304679 0.999995 -0.00984149 -0.0868722 -0.173262
FixedParameters: 0 0 0

#Transform 6
Transform: AffineTransform_float_3_3
Parameters: 0.999999 7.1751e-06 -0.00112722 -1.03331e-05 0.999997 -0.00266557 0.00112761 0.00266568 0.999996 -0.00957874 -0.0836329 -0.104278
FixedParameters: 0 0 0

#Transform 7
Transform: AffineTransform_float_3_3
Parameters: 0.999999 0.000118021 -0.000558175 -0.000119261 0.999997 -0.00245653 0.000557784 0.00245655 0.999997 0.00942514 -0.0672735 -0.0990185
FixedParameters: 0 0 0

#Transform 8
Transform: AffineTransform_float_3_3
Parameters: 1 -7.1314e-05 6.04621e-05 7.15283e-05 0.999995 -0.00298416 -6.02542e-05 0.00298422 0.999995 0.0351566 -0.0757902 -0.122574
FixedParameters: 0 0 0

#Transform 9
Transform: AffineTransform_float_3_3
Parameters: 1 -0.00014113 -0.000254343 0.000140549 0.999995 -0.00317644 0.00025501 0.0031766 0.999995 0.0540284 -0.0921787 -0.244958
FixedParameters: 0 0 0

#Transform 10
Transform: AffineTransform_float_3_3
Parameters: 1 -0.000515553 -2.43527e-06 0.000515341 0.999995 -0.00335126 3.82534e-06 0.00335119 0.999995 0.0687426 -0.0820717 -0.18511
FixedParameters: 0 0 0

#Transform 11
Transform: AffineTransform_float_3_3
Parameters: 1 -0.000600553 5.47936e-05 0.000600979 0.999992 -0.00398904 -5.17783e-05 0.00398912 0.999992 0.0682788 -0.0782461 -0.190561
FixedParameters: 0 0 0

#Transform 12
Transform: AffineTransform_float_3_3
Parameters: 0.999999 -0.000968251 0.000302629 0.000969552 0.999992 -0.00392498 -0.000298385 0.0039253 0.999992 0.0653595 -0.0663135 -0.161488
FixedParameters: 0 0 0

#Transform 13
Transform: AffineTransform_float_3_3
Parameters: 0.999999 -0.00110007 8.99234e-05 0.00110051 0.999992 -0.00386381 -8.53317e-05 0.0038638 0.999993 0.0497311 -0.0616798 -0.0526267
FixedParameters: 0 0 0

#Transform 14
Transform: AffineTransform_float_3_3
Parameters: 0.999999 -0.00102023 0.000400332 0.00102178 0.999993 -0.00373408 -0.000396609 0.0037336 0.999993 0.0596166 -0.06313 -0.141755
FixedParameters: 0 0 0

#Transform 15
Transform: AffineTransform_float_3_3
Parameters: 0.999999 -0.00117628 0.000639636 0.00117926 0.99999 -0.00426627 -0.000635037 0.00426719 0.999991 0.0365112 -0.0522525 -0.111876
FixedParameters: 0 0 0

#Transform 16
Transform: AffineTransform_float_3_3
Parameters: 0.999999 -0.00151772 -0.000597947 0.00151495 0.999991 -0.00404688 0.000604745 0.00404541 0.999991 0.0142549 -0.0315685 -0.109429
FixedParameters: 0 0 0

#Transform 17
Transform: AffineTransform_float_3_3
Parameters: 0.999998 -0.00129179 -0.00113634 0.00128669 0.999992 -0.00381224 0.00114085 0.00381133 0.999992 0.0394235 -0.0589375 -0.0980997
FixedParameters: 0 0 0

#Transform 18
Transform: AffineTransform_float_3_3
Parameters: 0.999999 -0.00139935 -0.000385681 0.0013974 0.999987 -0.00471365 0.000392548 0.0047134 0.999989 0.0543852 -0.0473971 -0.09896
FixedParameters: 0 0 0

#Transform 19
Transform: AffineTransform_float_3_3
Parameters: 0.999998 -0.00146345 3.03277e-05 0.00146361 0.999988 -0.00487808 -2.30279e-05 0.0048782 0.999988 0.0548971 -0.0522855 -0.105279
FixedParameters: 0 0 0

#Transform 20
Transform: AffineTransform_float_3_3
Parameters: 1 0.0006343 0.000188664 -0.000634868 0.999999 0.00106043 -0.00018757 -0.00106069 1 -0.00700741 0.0428776 0.0700289
FixedParameters: 0 0 0

#Transform 21
Transform: AffineTransform_float_3_3
Parameters: 1 0.000309655 6.93609e-05 -0.000308879 0.999986 -0.00531889 -7.05479e-05 0.00531972 0.999986 0.0831374 0.0186361 0.137811
FixedParameters: 0 0 0

#Transform 22
Transform: AffineTransform_float_3_3
Parameters: 0.999999 -9.91945e-05 0.000940466 0.000104248 0.999982 -0.00592627 -0.000939478 0.00592605 0.999982 0.105076 -0.00259272 -0.0935993
FixedParameters: 0 0 0

#Transform 23
Transform: AffineTransform_float_3_3
Parameters: 0.999999 -0.000623053 0.000782975 0.000628641 0.999975 -0.00710152 -0.000778764 0.00710195 0.999975 0.107128 -0.027111 -0.1361
FixedParameters: 0 0 0

#Transform 24
Transform: AffineTransform_float_3_3
Parameters: 0.999999 -0.000656067 0.00101202 0.000663708 0.999973 -0.00734342 -0.00100775 0.00734397 0.999973 0.106756 -0.00606837 -0.146032
FixedParameters: 0 0 0

#Transform 25
Transform: AffineTransform_float_3_3
Parameters: 0.999998 -0.00162834 0.0016238 0.00163903 0.999979 -0.0063346 -0.00161452 0.00633675 0.999979 0.127185 -0.0448219 -0.105377
FixedParameters: 0 0 0

#Transform 26
Transform: AffineTransform_float_3_3
Parameters: 0.999999 -0.00101763 0.000622883 0.00102092 0.999978 -0.00650182 -0.000616769 0.00650232 0.999979 0.116336 -0.0128074 -0.19978
FixedParameters: 0 0 0

#Transform 27
Transform: AffineTransform_float_3_3
Parameters: 0.999998 -0.00177183 0.000567288 0.00177588 0.999968 -0.00770758 -0.00055393 0.00770842 0.99997 0.150418 -0.00491594 -0.09444
FixedParameters: 0 0 0

#Transform 28
Transform: AffineTransform_float_3_3
Parameters: 0.999998 -0.00172619 4.88509e-05 0.00172597 0.999972 -0.0074215 -3.66906e-05 0.00742138 0.999972 0.118597 -0.0394768 -0.108798
FixedParameters: 0 0 0

#Transform 29
Transform: AffineTransform_float_3_3
Parameters: 0.999998 -0.00156265 0.000425067 0.00156675 0.999967 -0.00790846 -0.000412982 0.00790999 0.999969 0.107218 0.00158363 -0.227253
FixedParameters: 0 0 0

#Transform 30
Transform: AffineTransform_float_3_3
Parameters: 0.999999 -0.000534044 0.000653256 0.000539519 0.999965 -0.00824966 -0.000648721 0.00825006 0.999966 0.0794793 -0.0313552 -0.188206
FixedParameters: 0 0 0

#Transform 31
Transform: AffineTransform_float_3_3
Parameters: 1 -0.000387907 0.000554092 0.0003924 0.999968 -0.00789463 -0.000550704 0.00789497 0.999969 0.0796344 -0.000108189 -0.229814
FixedParameters: 0 0 0

#Transform 32
Transform: AffineTransform_float_3_3
Parameters: 0.999999 -0.000524447 0.0012731 0.000535975 0.999964 -0.00851568 -0.00126854 0.00851615 0.999963 0.0918281 -0.0221107 -0.20444
FixedParameters: 0 0 0

#Transform 33
Transform: AffineTransform_float_3_3
Parameters: 0.999999 4.78002e-05 0.00154653 -3.48527e-05 0.999965 -0.00842771 -0.00154703 0.00842801 0.999963 0.080928 0.00379734 -0.151022
FixedParameters: 0 0 0

#Transform 34
Transform: AffineTransform_float_3_3
Parameters: 0.999999 0.000121511 0.0012869 -0.000110511 0.999962 -0.00871949 -0.00128828 0.00871954 0.999962 0.0848046 0.00344334 -0.178248
FixedParameters: 0 0 0

#Transform 35
Transform: AffineTransform_float_3_3
Parameters: 0.999999 0.000116859 0.00149671 -0.000103451 0.999959 -0.00906334 -0.00149764 0.00906355 0.999958 0.0451772 0.0101983 -0.131899
FixedParameters: 0 0 0

#Transform 36
Transform: AffineTransform_float_3_3
Parameters: 1 -2.87114e-05 0.000801582 3.59472e-05 0.999964 -0.00844987 -0.000801587 0.00844985 0.999964 0.0436971 0.00843315 -0.119071
FixedParameters: 0 0 0

#Transform 37
Transform: AffineTransform_float_3_3
Parameters: 1 -4.4187e-05 0.00121204 5.47699e-05 0.99996 -0.0089456 -0.00121148 0.00894646 0.999959 0.0435556 -0.00425422 -0.146579
FixedParameters: 0 0 0

#Transform 38
Transform: AffineTransform_float_3_3
Parameters: 0.999999 -0.000245277 0.000837518 0.000253202 0.999965 -0.00843587 -0.000835458 0.00843611 0.999964 0.0731079 -0.00117467 -0.163441
FixedParameters: 0 0 0

#Transform 39
Transform: AffineTransform_float_3_3
Parameters: 0.999999 0.000119786 0.00126663 -0.000108559 0.999964 -0.0084259 -0.0012677 0.00842515 0.999964 0.0686525 -0.0314083 -0.141165
FixedParameters: 0 0 0

#Transform 40
Transform: AffineTransform_float_3_3
Parameters: 0.999998 9.24395e-05 0.00167423 -7.70531e-05 0.999958 -0.009147 -0.00167521 0.00914704 0.999957 0.0612783 -0.00282746 -0.197256
FixedParameters: 0 0 0

#Transform 41
Transform: AffineTransform_float_3_3
Parameters: 0.999999 6.39829e-05 0.00162783 -5.09749e-05 0.999969 -0.00789063 -0.00162815 0.00788954 0.999968 0.0713307 -0.0175584 -0.177048
FixedParameters: 0 0 0

#Transform 42
Transform: AffineTransform_float_3_3
Parameters: 0.999998 0.000132208 0.00176123 -0.000117341 0.999965 -0.00841103 -0.00176203 0.0084109 0.999963 0.054119 -0.0181627 -0.169551
FixedParameters: 0 0 0

#Transform 43
Transform: AffineTransform_float_3_3
Parameters: 0.999999 0.000115112 0.00152617 -0.000101591 0.999963 -0.0085117 -0.00152711 0.00851156 0.999963 0.0395088 -0.0166443 -0.183317
FixedParameters: 0 0 0

#Transform 44
Transform: AffineTransform_float_3_3
Parameters: 0.999998 0.000309255 0.00164083 -0.00029534 0.999965 -0.00836149 -0.00164275 0.00836111 0.999964 0.0318361 -0.0173942 -0.180163
FixedParameters: 0 0 0

#Transform 45
Transform: AffineTransform_float_3_3
Parameters: 0.999998 0.000250808 0.0016804 -0.000237396 0.999964 -0.00851758 -0.00168217 0.00851713 0.999963 0.0259213 -0.0258399 -0.160219
FixedParameters: 0 0 0

#Transform 46
Transform: AffineTransform_float_3_3
Parameters: 0.999999 0.000218833 0.00185342 -0.000202552 0.999961 -0.00873033 -0.0018545 0.00873038 0.999961 0.0203625 0.0150596 -0.163018
FixedParameters: 0 0 0

#Transform 47
Transform: AffineTransform_float_3_3
Parameters: 0.999999 -0.000298641 0.00160105 0.000312083 0.999964 -0.00850251 -0.00159866 0.00850226 0.999962 0.0467134 -0.00252023 -0.174447
FixedParameters: 0 0 0

#Transform 48
Transform: AffineTransform_float_3_3
Parameters: 0.999997 0.000429062 0.00259118 -0.000411908 0.999978 -0.00653611 -0.00259354 0.0065349 0.999976 0.0748197 0.0531677 -0.13031
FixedParameters: 0 0 0

#Transform 49
Transform: AffineTransform_float_3_3
Parameters: 0.999997 0.000632215 0.00251382 -0.00061463 0.999977 -0.00683212 -0.00251873 0.00683081 0.999973 0.0474807 0.021036 -0.0730772
FixedParameters: 0 0 0

#Transform 50
Transform: AffineTransform_float_3_3
Parameters: 0.999995 0.00110203 0.00276196 -0.0010835 0.999977 -0.00678249 -0.00276906 0.00677964 0.999973 0.0445281 0.0109403 -0.0603084
FixedParameters: 0 0 0

#Transform 51
Transform: AffineTransform_float_3_3
Parameters: 0.999997 0.00132354 0.00203326 -0.00131065 0.999977 -0.00654226 -0.00204209 0.00653987 0.999977 0.0214278 0.0242976 -0.0887328
FixedParameters: 0 0 0

#Transform 52
Transform: AffineTransform_float_3_3
Parameters: 0.999996 0.000666231 0.00261248 -0.000645193 0.999967 -0.00810823 -0.00261746 0.00810641 0.999963 0.043348 0.0601345 -0.140783
FixedParameters: 0 0 0

#Transform 53
Transform: AffineTransform_float_3_3
Parameters: 0.999995 0.000418423 0.00305671 -0.000392731 0.999966 -0.00825621 -0.00305962 0.00825531 0.999961 0.0486765 0.0317109 -0.0824971
FixedParameters: 0 0 0

#Transform 54
Transform: AffineTransform_float_3_3
Parameters: 0.999997 0.000312484 0.00241878 -0.000293408 0.999969 -0.00783324 -0.00242149 0.00783299 0.999967 0.0525969 0.0336195 -0.0860892
FixedParameters: 0 0 0

#Transform 55
Transform: AffineTransform_float_3_3
Parameters: 0.999996 0.000223071 0.00276381 -0.000201042 0.999968 -0.00808934 -0.00276564 0.00808888 0.999964 0.0691507 0.0220709 -0.0981693
FixedParameters: 0 0 0

#Transform 56
Transform: AffineTransform_float_3_3
Parameters: 0.999996 0.000266226 0.00276591 -0.000244246 0.999969 -0.00786404 -0.00276837 0.00786344 0.999965 0.0644838 0.0392901 -0.149518
FixedParameters: 0 0 0

#Transform 57
Transform: AffineTransform_float_3_3
Parameters: 0.999996 0.000147507 0.00292661 -0.000122111 0.999962 -0.00875804 -0.00292859 0.0087585 0.999957 0.0769748 0.00251107 -0.17502
FixedParameters: 0 0 0

#Transform 58
Transform: AffineTransform_float_3_3
Parameters: 0.999996 0.000729668 0.00286291 -0.000703741 0.999959 -0.00893846 -0.00286885 0.00893665 0.999956 0.070153 0.0145729 -0.13627
FixedParameters: 0 0 0

#Transform 59
Transform: AffineTransform_float_3_3
Parameters: 0.999996 0.000971303 0.00269867 -0.000949372 0.999965 -0.00835736 -0.00270626 0.00835515 0.999961 0.0482014 0.0212161 -0.120114
FixedParameters: 0 0 0

#Transform 60
Transform: AffineTransform_float_3_3
Parameters: 0.999996 0.00112503 0.00279834 -0.00110023 0.999962 -0.00868156 -0.00280835 0.00867834 0.999958 0.0220013 0.0522188 -0.099019
FixedParameters: 0 0 0

#Transform 61
Transform: AffineTransform_float_3_3
Parameters: 0.999996 0.000543291 0.00283377 -0.000517887 0.999959 -0.00901064 -0.00283884 0.00900968 0.999955 0.0374227 0.0630831 -0.161425
FixedParameters: 0 0 0

#Transform 62
Transform: AffineTransform_float_3_3
Parameters: 0.999996 0.000996779 0.00258295 -0.000973863 0.99996 -0.00884607 -0.00259134 0.00884415 0.999958 0.0102253 0.0530627 -0.104205
FixedParameters: 0 0 0

#Transform 63
Transform: AffineTransform_float_3_3
Parameters: 0.999995 0.0012567 0.00290218 -0.00123172 0.999962 -0.00861606 -0.00291234 0.00861317 0.999958 0.0103462 0.0458038 -0.123724
FixedParameters: 0 0 0

#Transform 64
Transform: AffineTransform_float_3_3
Parameters: 0.999994 0.00152462 0.00315936 -0.00149909 0.999966 -0.0081059 -0.00317182 0.00810148 0.999962 0.039302 0.0302242 -0.0744385
FixedParameters: 0 0 0

#Transform 65
Transform: AffineTransform_float_3_3
Parameters: 0.999996 0.000469219 0.00272326 -0.000444734 0.999961 -0.00885263 -0.0027278 0.00885103 0.999957 0.0526256 0.0707482 -0.16413
FixedParameters: 0 0 0

#Transform 66
Transform: AffineTransform_float_3_3
Parameters: 0.999996 0.000440327 0.00303201 -0.000411711 0.999952 -0.00978229 -0.00303656 0.00978083 0.999948 0.0241255 0.0481764 -0.109191
FixedParameters: 0 0 0

#Transform 67
Transform: AffineTransform_float_3_3
Parameters: 0.999995 0.000914613 0.00303043 -0.000885519 0.999951 -0.00979534 -0.00303959 0.00979314 0.999947 0.0142042 0.0522714 -0.0878575
FixedParameters: 0 0 0

#Transform 68
Transform: AffineTransform_float_3_3
Parameters: 0.999995 0.00140623 0.00292695 -0.00137868 0.999957 -0.00919206 -0.00293959 0.00918831 0.999953 -0.0093062 0.0466305 -0.0655573
FixedParameters: 0 0 0

#Transform 69
Transform: AffineTransform_float_3_3
Parameters: 0.999996 0.00136685 0.00229674 -0.00134612 0.999958 -0.00909412 -0.00230929 0.00909142 0.999955 -0.0130993 0.0639033 -0.117609
FixedParameters: 0 0 0

#Transform 70
Transform: AffineTransform_float_3_3
Parameters: 0.999997 0.00138827 0.00195295 -0.00136801 0.999944 -0.0104829 -0.00196744 0.0104797 0.999943 0.00276368 0.113839 -0.204753
FixedParameters: 0 0 0

#Transform 71
Transform: AffineTransform_float_3_3
Parameters: 0.999997 0.00154808 0.00209543 -0.00152505 0.999937 -0.0111381 -0.00211236 0.0111351 0.999936 0.0168082 0.0872158 -0.238779
FixedParameters: 0 0 0

#Transform 72
Transform: AffineTransform_float_3_3
Parameters: 0.999997 0.00139151 0.00220355 -0.00136804 0.999942 -0.0106558 -0.00221741 0.0106526 0.999941 -0.015345 0.0437876 -0.157457
FixedParameters: 0 0 0

#Transform 73
Transform: AffineTransform_float_3_3
Parameters: 0.999996 0.00135903 0.00222613 -0.00133609 0.999945 -0.0103792 -0.00224028 0.0103755 0.999944 -0.00650226 0.0520029 -0.141857
FixedParameters: 0 0 0

#Transform 74
Transform: AffineTransform_float_3_3
Parameters: 0.999995 0.00118272 0.00287012 -0.00115315 0.999949 -0.0100402 -0.00288156 0.0100368 0.999946 0.012356 0.0536745 -0.0717099
FixedParameters: 0 0 0

#Transform 75
Transform: AffineTransform_float_3_3
Parameters: 0.999996 0.0013583 0.00245456 -0.00133284 0.999946 -0.0102988 -0.00246914 0.0102955 0.999944 0.0145216 0.0635276 -0.0927227
FixedParameters: 0 0 0

#Transform 76
Transform: AffineTransform_float_3_3
Parameters: 0.999996 0.00125472 0.00221731 -0.00123115 0.999945 -0.0104455 -0.00223017 0.0104427 0.999943 0.0489236 0.0667558 -0.15314
FixedParameters: 0 0 0

#Transform 77
Transform: AffineTransform_float_3_3
Parameters: 0.999996 0.00163321 0.00214652 -0.00161204 0.999951 -0.00985479 -0.00216274 0.00985124 0.999949 0.0284102 0.0724566 -0.135362
FixedParameters: 0 0 0

#Transform 78
Transform: AffineTransform_float_3_3
Parameters: 0.999994 0.00224039 0.00239194 -0.00221595 0.999944 -0.0103548 -0.00241535 0.0103494 0.999944 -0.00592181 0.0589197 -0.0774782
FixedParameters: 0 0 0

#Transform 79
Transform: AffineTransform_float_3_3
Parameters: 0.999994 0.00203135 0.00281592 -0.0020041 0.999951 -0.0096435 -0.00283552 0.00963781 0.999949 0.00211133 0.0700626 0.0512505
FixedParameters: 0 0 0

#Transform 80
Transform: AffineTransform_float_3_3
Parameters: 0.999994 0.00170722 0.0030358 -0.00167555 0.999943 -0.0104825 -0.00305423 0.0104769 0.999941 -0.0229762 0.071304 -0.0354647
FixedParameters: 0 0 0

#Transform 81
Transform: AffineTransform_float_3_3
Parameters: 0.999993 0.00151728 0.00343637 -0.00148397 0.999951 -0.00972512 -0.00345107 0.00972036 0.999947 0.00255889 0.0765697 -0.0812646
FixedParameters: 0 0 0

#Transform 82
Transform: AffineTransform_float_3_3
Parameters: 0.999991 0.00220134 0.00347374 -0.00216861 0.999953 -0.00940161 -0.00349488 0.00939418 0.99995 -0.0300888 0.0383519 0.00136352
FixedParameters: 0 0 0

#Transform 83
Transform: AffineTransform_float_3_3
Parameters: 0.99999 0.00202028 0.00415013 -0.0019803 0.999952 -0.0096401 -0.00416947 0.00963173 0.999945 -0.00292476 0.0607722 0.0549517
FixedParameters: 0 0 0

#Transform 84
Transform: AffineTransform_float_3_3
Parameters: 0.999982 -0.000582224 0.0059272 0.000638343 0.999955 -0.00951355 -0.00592128 0.00951651 0.999937 0.117698 0.0433425 0.0313259
FixedParameters: 0 0 0

#Transform 85
Transform: AffineTransform_float_3_3
Parameters: 0.999989 0.00115104 0.00464165 -0.00110119 0.999941 -0.0107676 -0.0046539 0.0107622 0.999931 0.0581666 0.138169 -0.103828
FixedParameters: 0 0 0

#Transform 86
Transform: AffineTransform_float_3_3
Parameters: 0.999993 0.0010742 0.00373271 -0.00103739 0.999951 -0.00977017 -0.00374324 0.00976638 0.999945 0.0433269 0.098507 0.0789173
FixedParameters: 0 0 0

#Transform 87
Transform: AffineTransform_float_3_3
Parameters: 0.999993 0.0014419 0.00350476 -0.00140792 0.999952 -0.0096898 -0.00351876 0.00968486 0.999947 0.0025048 0.084591 2.09447e-05
FixedParameters: 0 0 0

#Transform 88
Transform: AffineTransform_float_3_3
Parameters: 0.999989 0.00113685 0.00447556 -0.00109131 0.999947 -0.0102244 -0.00448727 0.0102198 0.999938 0.000590931 0.0611094 0.0368958
FixedParameters: 0 0 0

#Transform 89
Transform: AffineTransform_float_3_3
Parameters: 0.99999 0.00133217 0.00421777 -0.00129193 0.999953 -0.00956179 -0.00423029 0.00955626 0.999945 -0.0398046 0.0787519 0.0186197
FixedParameters: 0 0 0

#Transform 90
Transform: AffineTransform_float_3_3
Parameters: 0.99999 0.0014491 0.00422754 -0.00141002 0.999956 -0.00930129 -0.00424027 0.00929492 0.999948 -0.0473763 0.0866921 0.00357197
FixedParameters: 0 0 0

#Transform 91
Transform: AffineTransform_float_3_3
Parameters: 0.999991 0.00122374 0.0039791 -0.00118368 0.99995 -0.00999849 -0.00399074 0.00999414 0.999942 -0.0308075 0.106783 -0.0892518
FixedParameters: 0 0 0

#Transform 92
Transform: AffineTransform_float_3_3
Parameters: 0.999988 0.00219407 0.00430565 -0.00215006 0.999946 -0.0102428 -0.00432801 0.0102335 0.999939 -0.116158 0.109411 0.0346357
FixedParameters: 0 0 0

#Transform 93
Transform: AffineTransform_float_3_3
Parameters: 0.999987 0.00193407 0.00473533 -0.00188562 0.999948 -0.010107 -0.00475514 0.0100978 0.999938 -0.0383546 0.119451 -0.0520416
FixedParameters: 0 0 0

#Transform 94
Transform: AffineTransform_float_3_3
Parameters: 0.999987 0.00189672 0.00476101 -0.00185091 0.999952 -0.00966211 -0.00477884 0.00965366 0.999942 -0.0127383 0.108521 -0.0989395
FixedParameters: 0 0 0

#Transform 95
Transform: AffineTransform_float_3_3
Parameters: 0.999987 0.00175919 0.00485493 -0.00171252 0.999953 -0.00955856 -0.0048717 0.00955051 0.999942 -0.0146659 0.119758 0.0283111
FixedParameters: 0 0 0

#Transform 96
Transform: AffineTransform_float_3_3
Parameters: 0.999985 0.00209044 0.00496524 -0.00204101 0.999949 -0.00986876 -0.00498561 0.00985885 0.999939 -0.0196078 0.108968 0.00571181
FixedParameters: 0 0 0

#Transform 97
Transform: AffineTransform_float_3_3
Parameters: 0.999985 0.00282382 0.00468789 -0.00277894 0.999949 -0.00968033 -0.00471513 0.00966664 0.999942 0.00800543 0.102313 -0.0412347
FixedParameters: 0 0 0

#Transform 98
Transform: AffineTransform_float_3_3
Parameters: 0.999984 0.00307731 0.00469296 -0.00303146 0.999949 -0.00961149 -0.00472188 0.00959751 0.999943 0.0283152 0.118269 -0.123671
FixedParameters: 0 0 0

#Transform 99
Transform: AffineTransform_float_3_3
Parameters: 0.999985 0.003201 0.00435958 -0.00315991 0.99995 -0.00943101 -0.00439004 0.00941776 0.999946 -0.000638391 0.105417 -0.113366
FixedParameters: 0 0 0

#Transform 100
Transform: AffineTransform_float_3_3
Parameters: 0.999984 0.00342142 0.00445997 -0.00337898 0.99995 -0.00939758 -0.00449265 0.0093822 0.999946 -0.0259027 0.106103 -0.0511867
FixedParameters: 0 0 0

#Transform 101
Transform: AffineTransform_float_3_3
Parameters: 0.999987 0.00294958 0.00429727 -0.00290837 0.99995 -0.00955569 -0.0043254 0.00954361 0.999945 -0.0176086 0.128252 -0.0501951
FixedParameters: 0 0 0

#Transform 102
Transform: AffineTransform_float_3_3
Parameters: 0.999987 0.00217882 0.00463583 -0.00213783 0.99996 -0.00875487 -0.00465483 0.00874432 0.999951 0.0293089 0.0896172 -0.0260168
FixedParameters: 0 0 0

#Transform 103
Transform: AffineTransform_float_3_3
Parameters: 0.99999 0.00172369 0.00415696 -0.00168755 0.999961 -0.00873597 -0.0041716 0.00872827 0.999953 0.0142649 0.116529 -0.0350529
FixedParameters: 0 0 0

#Transform 104
Transform: AffineTransform_float_3_3
Parameters: 0.999987 0.00362939 0.00371124 -0.00359301 0.999946 -0.00967386 -0.00374582 0.00966022 0.999946 -0.0320911 0.140538 -0.0721599
FixedParameters: 0 0 0

#Transform 105
Transform: AffineTransform_float_3_3
Parameters: 0.999986 0.00262179 0.00465435 -0.00257831 0.999954 -0.00918936 -0.00467856 0.00917746 0.999947 0.0244087 0.10627 -0.010713
FixedParameters: 0 0 0

#Transform 106
Transform: AffineTransform_float_3_3
Parameters: 0.999985 0.00243652 0.00487778 -0.00238783 0.999947 -0.0100156 -0.0049023 0.0100046 0.999938 0.0329998 0.120259 -0.0456345
FixedParameters: 0 0 0

#Transform 107
Transform: AffineTransform_float_3_3
Parameters: 0.999984 0.00240925 0.0051264 -0.00235691 0.999946 -0.0100901 -0.0051508 0.0100781 0.999936 0.0337306 0.101345 -0.0387498
FixedParameters: 0 0 0

#Transform 108
Transform: AffineTransform_float_3_3
Parameters: 0.999985 0.00201365 0.0051668 -0.00196374 0.999951 -0.00970843 -0.0051865 0.00969728 0.999939 0.0438184 0.0985564 -0.0581925
FixedParameters: 0 0 0

#Transform 109
Transform: AffineTransform_float_3_3
Parameters: 0.999985 0.00200735 0.005171 -0.001957 0.99995 -0.00975834 -0.00519102 0.00974815 0.999939 0.0540288 0.106836 -0.0190136
FixedParameters: 0 0 0

#Transform 110
Transform: AffineTransform_float_3_3
Parameters: 0.999985 0.00202048 0.00516206 -0.00197123 0.999951 -0.00965266 -0.00518168 0.00964239 0.99994 0.0517083 0.104823 -0.0605722
FixedParameters: 0 0 0

#Transform 111
Transform: AffineTransform_float_3_3
Parameters: 0.999985 0.00207835 0.0051223 -0.00202497 0.999944 -0.0104043 -0.00514444 0.0103934 0.999932 0.0367538 0.124774 -0.100784
FixedParameters: 0 0 0

#Transform 112
Transform: AffineTransform_float_3_3
Parameters: 0.999983 0.00246685 0.0052709 -0.00242077 0.99996 -0.00859457 -0.00529198 0.00858209 0.999949 -0.0138531 0.204274 0.0222422
FixedParameters: 0 0 0

#Transform 113
Transform: AffineTransform_float_3_3
Parameters: 0.999969 0.00594474 0.00516233 -0.0059243 0.999974 -0.00396917 -0.00518635 0.00393802 0.999979 -0.00177933 0.268227 0.292994
FixedParameters: 0 0 0

#Transform 114
Transform: AffineTransform_float_3_3
Parameters: 0.999957 0.00748568 0.00549109 -0.00744906 0.999951 -0.00648332 -0.0055391 0.00644221 0.999965 -0.0677123 0.256149 0.0763271
FixedParameters: 0 0 0

#Transform 115
Transform: AffineTransform_float_3_3
Parameters: 0.999961 0.00777114 0.00435241 -0.00776299 0.999968 -0.0019141 -0.00436725 0.00187986 0.999988 -0.065435 0.320047 0.431441
FixedParameters: 0 0 0

#Transform 116
Transform: AffineTransform_float_3_3
Parameters: 0.999958 0.00804835 0.00434573 -0.00800498 0.999919 -0.00990692 -0.00442505 0.00987108 0.999941 -0.0514852 0.244735 0.0576942
FixedParameters: 0 0 0

#Transform 117
Transform: AffineTransform_float_3_3
Parameters: 0.999945 0.00981058 0.0037296 -0.00979351 0.999942 -0.0046216 -0.00377481 0.00458479 0.999982 -0.152462 0.246562 0.451864
FixedParameters: 0 0 0

#Transform 118
Transform: AffineTransform_float_3_3
Parameters: 0.99996 0.00818202 0.0037242 -0.00813595 0.999892 -0.0122066 -0.00382336 0.0121765 0.999919 -0.0897747 0.239408 0.161089
FixedParameters: 0 0 0

#Transform 119
Transform: AffineTransform_float_3_3
Parameters: 0.999961 0.00804729 0.00361367 -0.00800233 0.999895 -0.0121046 -0.00371028 0.0120748 0.99992 -0.0837141 0.213753 -0.0818168
FixedParameters: 0 0 0
