# transform file /out/sourcedata/freesurfer/sub-v1s18x0051228_ses-1/mri/transforms/cc_up.lta
# created by oesteban on Mon Mar  9 06:20:38 2026

type      = 0 # LINEAR_VOX_TO_VOX
nxforms   = 1
mean      = 123.0000 103.0000 134.0000
sigma     = 10000.0000
1 4 4
9.995307922363281e-01 8.243880234658718e-03 2.950034663081169e-02 -3.282693386077881e+00 
-8.240291848778725e-03 9.999660253524780e-01 -2.432055916870013e-04 4.607950210571289e+01 
-2.950134873390198e-02 1.455191522836685e-11 9.995647668838501e-01 7.800651550292969e+00 
0.000000000000000e+00 0.000000000000000e+00 0.000000000000000e+00 1.000000000000000e+00 
src volume info
valid = 1  # volume info valid
filename = /out/sourcedata/freesurfer/sub-v1s18x0051228_ses-1/mri/norm.mgz
volume = 256 256 256
voxelsize = 1.000000000000000e+00 1.000000000000000e+00 1.000000000000000e+00
xras   = -1.000000000000000e+00 0.000000000000000e+00 0.000000000000000e+00
yras   = 0.000000000000000e+00 0.000000000000000e+00 -1.000000000000000e+00
zras   = 0.000000000000000e+00 1.000000000000000e+00 0.000000000000000e+00
cras   = -3.032112121582031e+00 -1.171716308593750e+01 -1.897578430175781e+01
dst volume info
valid = 1  # volume info valid
filename = /out/sourcedata/freesurfer/sub-v1s18x0051228_ses-1/mri/norm.mgz
volume = 256 256 256
voxelsize = 1.000000000000000e+00 1.000000000000000e+00 1.000000000000000e+00
xras   = -1.000000000000000e+00 0.000000000000000e+00 0.000000000000000e+00
yras   = 0.000000000000000e+00 0.000000000000000e+00 -1.000000000000000e+00
zras   = 0.000000000000000e+00 1.000000000000000e+00 0.000000000000000e+00
cras   = -3.032112121582031e+00 -1.171716308593750e+01 -1.897578430175781e+01
