# transform file /out/sourcedata/freesurfer/sub-v1s18x0051224_ses-1/mri/transforms/cc_up.lta
# created by oesteban on Mon Mar  9 05:32:36 2026

type      = 0 # LINEAR_VOX_TO_VOX
nxforms   = 1
mean      = 129.0000 108.0000 125.0000
sigma     = 10000.0000
1 4 4
9.909910559654236e-01 -1.058863941580057e-02 1.335093080997467e-01 -1.617111968994141e+01 
1.049383543431759e-02 9.999439716339111e-01 1.413761288858950e-03 3.646829223632812e+01 
-1.335167884826660e-01 -1.164153357047226e-10 9.910465478897095e-01 3.353177642822266e+01 
0.000000000000000e+00 0.000000000000000e+00 0.000000000000000e+00 1.000000000000000e+00 
src volume info
valid = 1  # volume info valid
filename = /out/sourcedata/freesurfer/sub-v1s18x0051224_ses-1/mri/norm.mgz
volume = 256 256 256
voxelsize = 1.000000000000000e+00 1.000000000000000e+00 1.000000000000000e+00
xras   = -1.000000000000000e+00 0.000000000000000e+00 0.000000000000000e+00
yras   = 0.000000000000000e+00 0.000000000000000e+00 -1.000000000000000e+00
zras   = 0.000000000000000e+00 1.000000000000000e+00 0.000000000000000e+00
cras   = 4.837135314941406e+00 2.810668945312500e+00 1.492251586914062e+01
dst volume info
valid = 1  # volume info valid
filename = /out/sourcedata/freesurfer/sub-v1s18x0051224_ses-1/mri/norm.mgz
volume = 256 256 256
voxelsize = 1.000000000000000e+00 1.000000000000000e+00 1.000000000000000e+00
xras   = -1.000000000000000e+00 0.000000000000000e+00 0.000000000000000e+00
yras   = 0.000000000000000e+00 0.000000000000000e+00 -1.000000000000000e+00
zras   = 0.000000000000000e+00 1.000000000000000e+00 0.000000000000000e+00
cras   = 4.837135314941406e+00 2.810668945312500e+00 1.492251586914062e+01
