#Insight Transform File V1.0
#Transform 0
Transform: AffineTransform_float_3_3
Parameters: 0.999996 -0.00183655 -0.00176374 0.00183215 0.999995 -0.00261841 0.00176871 0.00261542 0.999995 0.0359329 -0.0713178 0.13846
FixedParameters: 0 0 0

#Transform 1
Transform: AffineTransform_float_3_3
Parameters: 0.999999 -0.00121678 -0.000874091 0.00121609 0.999998 -0.00131993 0.000875758 0.00131917 0.999999 0.0130214 -0.0193722 0.155285
FixedParameters: 0 0 0

#Transform 2
Transform: AffineTransform_float_3_3
Parameters: 0.999998 -0.00146316 -0.00122128 0.00146247 0.999999 -0.000286563 0.00122203 0.000283773 0.999999 0.00576988 -0.0766455 0.195097
FixedParameters: 0 0 0

#Transform 3
Transform: AffineTransform_float_3_3
Parameters: 0.999998 -0.00161126 -0.000997875 0.00161047 0.999999 -0.000421307 0.000999137 0.000419657 0.999999 0.00530085 -0.0514293 0.162231
FixedParameters: 0 0 0

#Transform 4
Transform: AffineTransform_float_3_3
Parameters: 0.999998 -0.00177275 -0.000896935 0.00177253 0.999998 -0.000490082 0.000897307 0.000488462 0.999999 0.00934136 -0.0660627 0.186663
FixedParameters: 0 0 0

#Transform 5
Transform: AffineTransform_float_3_3
Parameters: 0.999998 -0.001461 -0.00122185 0.00146081 0.999999 -0.000466621 0.0012228 0.000463805 0.999999 0.00655823 -0.0236091 0.171945
FixedParameters: 0 0 0

#Transform 6
Transform: AffineTransform_float_3_3
Parameters: 0.999998 -0.00116051 -0.00118588 0.00115967 0.999999 -0.000369961 0.00118673 0.000368613 0.999999 0.0107629 -0.0625263 0.155472
FixedParameters: 0 0 0

#Transform 7
Transform: AffineTransform_float_3_3
Parameters: 0.999998 -0.00104359 -0.0012236 0.0010431 0.999999 -0.000218321 0.00122404 0.000217172 0.999999 0.0147815 -0.0595556 0.155141
FixedParameters: 0 0 0

#Transform 8
Transform: AffineTransform_float_3_3
Parameters: 0.999998 -0.00108838 -0.00135201 0.00108782 0.999999 -0.000218516 0.00135247 0.000216977 0.999999 0.0239221 -0.0516007 0.134249
FixedParameters: 0 0 0

#Transform 9
Transform: AffineTransform_float_3_3
Parameters: 0.999999 -0.00107257 -0.00103729 0.00107162 1 -0.00077304 0.00103766 0.000771593 0.999999 0.0247163 -0.0550837 0.102269
FixedParameters: 0 0 0

#Transform 10
Transform: AffineTransform_float_3_3
Parameters: 0.999999 -0.00123882 0.000151487 0.00123984 0.999999 -0.000337562 -0.000151048 0.000337288 1 0.0323153 -0.0619915 0.175087
FixedParameters: 0 0 0

#Transform 11
Transform: AffineTransform_float_3_3
Parameters: 0.999999 -0.00114428 0.000802255 0.0011423 0.999995 0.00307786 -0.00080685 -0.00307677 0.999995 0.0171119 -0.0783071 0.335447
FixedParameters: 0 0 0

#Transform 12
Transform: AffineTransform_float_3_3
Parameters: 0.999999 -0.00107786 0.000924003 0.00107624 0.999997 0.00245035 -0.000926975 -0.0024491 0.999996 0.00985569 0.0908248 0.228181
FixedParameters: 0 0 0

#Transform 13
Transform: AffineTransform_float_3_3
Parameters: 0.999999 -0.00153314 0.000570482 0.00153125 0.999989 0.00436809 -0.000577928 -0.00436712 0.999991 0.0153726 -0.0830241 0.29384
FixedParameters: 0 0 0

#Transform 14
Transform: AffineTransform_float_3_3
Parameters: 0.999998 -0.00130531 -0.00142149 0.00130703 0.999998 0.00114037 0.0014201 -0.00114264 0.999998 0.0172224 0.182213 -0.0289876
FixedParameters: 0 0 0

#Transform 15
Transform: AffineTransform_float_3_3
Parameters: 0.999998 -0.00143008 -0.00130903 0.00142936 0.999998 -0.00028885 0.00130984 0.000287131 1 0.0238667 0.0245035 -0.0507984
FixedParameters: 0 0 0

#Transform 16
Transform: AffineTransform_float_3_3
Parameters: 0.999999 -0.00113867 -0.000687667 0.00113884 0.999999 9.67207e-05 0.000687435 -9.68822e-05 1 0.0105898 0.0115663 -0.0626578
FixedParameters: 0 0 0

#Transform 17
Transform: AffineTransform_float_3_3
Parameters: 0.999999 -0.000933446 0.000283342 0.000933413 1 0.000637046 -0.000283589 -0.000637161 1 0.0196937 -0.00145263 -0.0299797
FixedParameters: 0 0 0

#Transform 18
Transform: AffineTransform_float_3_3
Parameters: 0.999999 -0.000858562 3.79967e-05 0.000858863 1 0.000798292 -3.84376e-05 -0.000798088 0.999999 0.029616 0.0138912 -0.0156019
FixedParameters: 0 0 0

#Transform 19
Transform: AffineTransform_float_3_3
Parameters: 1 -0.000345179 0.000241101 0.000344943 1 -0.000191716 -0.00024191 0.000191905 1 0.00376692 0.0378352 -0.0403476
FixedParameters: 0 0 0

#Transform 20
Transform: AffineTransform_float_3_3
Parameters: 1 5.6803e-05 -0.000206218 -5.69336e-05 1 -0.000316792 0.000206182 0.000316816 1 -0.00335786 -0.000513179 0.0100662
FixedParameters: 0 0 0

#Transform 21
Transform: AffineTransform_float_3_3
Parameters: 1 0.000265056 -0.000278478 -0.000264669 0.999999 0.000756063 0.000278891 -0.000756698 1 -0.000695862 0.0299064 0.0225542
FixedParameters: 0 0 0

#Transform 22
Transform: AffineTransform_float_3_3
Parameters: 1 -8.04045e-05 -0.000158355 8.08392e-05 0.999999 0.00129797 0.000158215 -0.00129799 0.999999 -0.0196135 0.00611581 0.050775
FixedParameters: 0 0 0

#Transform 23
Transform: AffineTransform_float_3_3
Parameters: 1 -0.000302269 0.000357007 0.000301649 0.999999 0.000868086 -0.000357531 -0.000867871 0.999999 -0.00236701 0.0261007 0.0093648
FixedParameters: 0 0 0

#Transform 24
Transform: AffineTransform_float_3_3
Parameters: 1 -9.33677e-06 0.000255215 8.93448e-06 0.999999 0.000788164 -0.000255229 -0.000788159 0.999999 0.0041188 0.0230528 0.00518818
FixedParameters: 0 0 0

#Transform 25
Transform: AffineTransform_float_3_3
Parameters: 1 2.89852e-06 0.000119691 -3.04096e-06 1 0.000595065 -0.000119687 -0.000595065 1 -0.00998093 0.0268337 -0.0376948
FixedParameters: 0 0 0

#Transform 26
Transform: AffineTransform_float_3_3
Parameters: 1 0.000129576 0.000206918 -0.000129834 1 0.000624354 -0.000206756 -0.000624408 1 -0.00753288 0.00327268 -0.0293101
FixedParameters: 0 0 0

#Transform 27
Transform: AffineTransform_float_3_3
Parameters: 1 0.000140138 0.000641573 -0.00014086 1 0.000562437 -0.000641415 -0.000562617 0.999999 -0.0157681 0.00145763 0.00760823
FixedParameters: 0 0 0

#Transform 28
Transform: AffineTransform_float_3_3
Parameters: 1 0.000160889 0.000669315 -0.000161262 1 0.000278606 -0.000669225 -0.000278822 0.999999 -0.020521 -0.0035145 0.0278215
FixedParameters: 0 0 0

#Transform 29
Transform: AffineTransform_float_3_3
Parameters: 1 0.00021692 0.000176449 -0.000216933 1 3.63035e-05 -0.000176433 -3.638e-05 1 -0.0296325 0.00454015 -0.0226121
FixedParameters: 0 0 0

#Transform 30
Transform: AffineTransform_float_3_3
Parameters: 1 0.000993267 0.000194441 -0.000994018 1 -0.000555182 -0.000195283 0.000554203 1 -0.0217169 0.0281056 -0.0515607
FixedParameters: 0 0 0

#Transform 31
Transform: AffineTransform_float_3_3
Parameters: 0.999999 0.000637717 0.000530533 -0.000637334 0.999999 -0.000361092 -0.000530993 0.000360415 1 -0.00608056 0.0226187 -0.0314962
FixedParameters: 0 0 0

#Transform 32
Transform: AffineTransform_float_3_3
Parameters: 0.999999 -0.000237304 0.000720303 0.000237584 1 -0.000194668 -0.00072021 0.00019501 0.999999 0.00528682 0.0128102 -0.0261543
FixedParameters: 0 0 0

#Transform 33
Transform: AffineTransform_float_3_3
Parameters: 0.999999 -0.000210558 0.000826283 0.000210449 1 6.61636e-05 -0.000826311 -6.58157e-05 0.999999 0.00599635 0.0107099 -0.0252455
FixedParameters: 0 0 0

#Transform 34
Transform: AffineTransform_float_3_3
Parameters: 0.999999 0.00018673 0.000687859 -0.000186842 1 8.11142e-05 -0.000687829 -8.13711e-05 1 0.00360529 0.0487801 -0.0484701
FixedParameters: 0 0 0

#Transform 35
Transform: AffineTransform_float_3_3
Parameters: 1 5.53633e-05 0.00115381 -5.61342e-05 0.999999 0.000727968 -0.00115405 -0.000728286 0.999999 -0.0108406 -0.00501778 0.0334479
FixedParameters: 0 0 0

#Transform 36
Transform: AffineTransform_float_3_3
Parameters: 0.999999 -0.000434637 0.00180094 0.000426426 0.999988 0.00480097 -0.00180317 -0.00479991 0.999987 0.0175762 0.183123 -0.212947
FixedParameters: 0 0 0

#Transform 37
Transform: AffineTransform_float_3_3
Parameters: 0.999996 -0.00124192 0.00240502 0.00123023 0.999989 0.00456509 -0.00241075 -0.0045619 0.999986 -0.0238369 -0.0655626 0.346675
FixedParameters: 0 0 0

#Transform 38
Transform: AffineTransform_float_3_3
Parameters: 0.999998 -0.000793606 0.00213832 0.000785856 0.999993 0.00353086 -0.0021408 -0.00352871 0.999991 -0.0232123 0.000274475 0.246468
FixedParameters: 0 0 0

#Transform 39
Transform: AffineTransform_float_3_3
Parameters: 0.999997 -0.00106865 0.00202219 0.00106352 0.999997 0.00252733 -0.00202489 -0.00252479 0.999995 -0.0262108 0.0215717 0.242138
FixedParameters: 0 0 0

#Transform 40
Transform: AffineTransform_float_3_3
Parameters: 0.999996 -0.000631345 0.00256315 0.000621333 0.999992 0.00394596 -0.00256576 -0.00394422 0.99999 -0.0126299 0.0433333 0.209851
FixedParameters: 0 0 0

#Transform 41
Transform: AffineTransform_float_3_3
Parameters: 0.999998 -0.00062168 0.00186695 0.000615683 0.999995 0.00313889 -0.00186936 -0.00313835 0.999993 -0.0248713 0.018655 0.216936
FixedParameters: 0 0 0

#Transform 42
Transform: AffineTransform_float_3_3
Parameters: 0.999997 -0.000484393 0.00215061 0.000477162 0.999995 0.00323746 -0.0021525 -0.00323658 0.999992 -0.0251527 0.00622483 0.208486
FixedParameters: 0 0 0

#Transform 43
Transform: AffineTransform_float_3_3
Parameters: 0.999997 -0.000429 0.00215382 0.00042212 0.999995 0.00315115 -0.00215528 -0.0031505 0.999993 -0.019191 0.0137554 0.210544
FixedParameters: 0 0 0

#Transform 44
Transform: AffineTransform_float_3_3
Parameters: 0.999997 -0.000578596 0.00207981 0.000572177 0.999996 0.00292004 -0.00208169 -0.0029188 0.999994 -0.0208334 0.00942996 0.200453
FixedParameters: 0 0 0

#Transform 45
Transform: AffineTransform_float_3_3
Parameters: 0.999998 -0.000430362 0.00199778 0.00042372 0.999995 0.00311108 -0.0019989 -0.00310913 0.999993 -0.0199199 0.0328058 0.196709
FixedParameters: 0 0 0

#Transform 46
Transform: AffineTransform_float_3_3
Parameters: 0.999998 -0.000503704 0.00205577 0.000497596 0.999995 0.00319388 -0.00205681 -0.00319303 0.999993 -0.0150244 0.0267191 0.207099
FixedParameters: 0 0 0

#Transform 47
Transform: AffineTransform_float_3_3
Parameters: 0.999998 -0.000640671 0.0018731 0.000634648 0.999994 0.0034814 -0.00187538 -0.00348084 0.999992 -0.0152168 -0.00944904 0.253914
FixedParameters: 0 0 0

#Transform 48
Transform: AffineTransform_float_3_3
Parameters: 0.999997 -0.000316032 0.00214142 0.000308914 0.999995 0.00299983 -0.00214181 -0.00299965 0.999993 -0.0121744 0.049765 0.184297
FixedParameters: 0 0 0

#Transform 49
Transform: AffineTransform_float_3_3
Parameters: 0.999999 -0.000443563 0.00180538 0.000437438 0.999994 0.00328877 -0.00180673 -0.00328834 0.999993 -0.00238114 0.0202908 0.207311
FixedParameters: 0 0 0

#Transform 50
Transform: AffineTransform_float_3_3
Parameters: 0.999998 -0.000362708 0.00177742 0.000356401 0.999994 0.00340869 -0.00177827 -0.00340779 0.999992 -0.00440687 0.0314452 0.208954
FixedParameters: 0 0 0

#Transform 51
Transform: AffineTransform_float_3_3
Parameters: 0.999998 -0.000533642 0.00159173 0.000527653 0.999992 0.00370155 -0.00159397 -0.00370102 0.999992 0.00299609 0.0175092 0.23338
FixedParameters: 0 0 0

#Transform 52
Transform: AffineTransform_float_3_3
Parameters: 0.999999 -0.000327964 0.00139398 0.000323121 0.999993 0.00371045 -0.00139567 -0.00370989 0.999992 -0.00695246 0.0231386 0.252048
FixedParameters: 0 0 0

#Transform 53
Transform: AffineTransform_float_3_3
Parameters: 0.999998 -0.000214829 0.00172683 0.000209486 0.999996 0.00284772 -0.00172719 -0.00284731 0.999994 -0.00747593 0.0326038 0.219977
FixedParameters: 0 0 0

#Transform 54
Transform: AffineTransform_float_3_3
Parameters: 0.999998 1.90076e-05 0.00164597 -2.41534e-05 0.999995 0.00313236 -0.0016462 -0.00313198 0.999993 -0.00588443 0.0497556 0.224806
FixedParameters: 0 0 0

#Transform 55
Transform: AffineTransform_float_3_3
Parameters: 0.999999 -0.00024571 0.00145779 0.000240991 0.999993 0.00349826 -0.00145883 -0.0034979 0.999993 -0.00550993 0.0189537 0.23614
FixedParameters: 0 0 0

#Transform 56
Transform: AffineTransform_float_3_3
Parameters: 0.999999 -0.000213704 0.0013011 0.000209661 0.999995 0.00293069 -0.00130117 -0.00292965 0.999995 4.71119e-05 0.0273873 0.237725
FixedParameters: 0 0 0

#Transform 57
Transform: AffineTransform_float_3_3
Parameters: 0.999999 -0.000131182 0.00132888 0.000127648 0.999996 0.00253192 -0.00132936 -0.00253185 0.999996 0.0003576 0.0181007 0.228065
FixedParameters: 0 0 0

#Transform 58
Transform: AffineTransform_float_3_3
Parameters: 0.999999 -0.000276769 0.00140384 0.000273494 0.999997 0.00207797 -0.00140361 -0.00207746 0.999997 0.00422348 0.0269167 0.209284
FixedParameters: 0 0 0

#Transform 59
Transform: AffineTransform_float_3_3
Parameters: 0.999999 -0.000323329 0.00128966 0.000320069 0.999997 0.00225557 -0.00128974 -0.00225563 0.999997 -0.00327111 0.0326773 0.232937
FixedParameters: 0 0 0

#Transform 60
Transform: AffineTransform_float_3_3
Parameters: 0.999999 -0.000126109 0.00149329 0.000123297 0.999997 0.00244996 -0.00149313 -0.00244912 0.999996 -0.00214443 0.0300616 0.235092
FixedParameters: 0 0 0

#Transform 61
Transform: AffineTransform_float_3_3
Parameters: 0.999998 -0.000328096 0.00162016 0.000324265 0.999997 0.00256076 -0.00162105 -0.00256064 0.999995 -0.004556 0.0104685 0.246215
FixedParameters: 0 0 0

#Transform 62
Transform: AffineTransform_float_3_3
Parameters: 0.999999 -0.000517173 0.00151393 0.000513235 0.999995 0.00277136 -0.00151592 -0.0027709 0.999996 0.0106357 0.0369146 0.231693
FixedParameters: 0 0 0

#Transform 63
Transform: AffineTransform_float_3_3
Parameters: 0.999999 -0.000774341 0.00169775 0.000769277 0.999996 0.00290257 -0.00170051 -0.00290091 0.999994 0.012415 0.0515473 0.170084
FixedParameters: 0 0 0

#Transform 64
Transform: AffineTransform_float_3_3
Parameters: 0.999995 -0.000697302 0.00306397 0.000691136 0.999998 0.00191936 -0.00306534 -0.00191658 0.999994 0.0380688 0.10679 0.0841807
FixedParameters: 0 0 0

#Transform 65
Transform: AffineTransform_float_3_3
Parameters: 0.999997 -0.000610743 0.00262907 0.000605867 0.999998 0.00163438 -0.00262918 -0.00163244 0.999995 0.0549077 0.0384138 0.061504
FixedParameters: 0 0 0

#Transform 66
Transform: AffineTransform_float_3_3
Parameters: 0.999996 -0.000889066 0.00246119 0.000885369 0.999998 0.00149913 -0.00246196 -0.00149743 0.999996 0.0602239 0.0117784 0.140312
FixedParameters: 0 0 0

#Transform 67
Transform: AffineTransform_float_3_3
Parameters: 0.999997 -0.000920404 0.00233708 0.000918137 0.999999 0.00121019 -0.00233837 -0.00120775 0.999997 0.0602311 0.0157489 0.127502
FixedParameters: 0 0 0

#Transform 68
Transform: AffineTransform_float_3_3
Parameters: 0.999997 -0.000735831 0.00206708 0.000734365 0.999999 0.000874781 -0.00206806 -0.000872765 0.999997 0.051403 0.0267381 0.134596
FixedParameters: 0 0 0

#Transform 69
Transform: AffineTransform_float_3_3
Parameters: 0.999999 -0.000801496 0.0016795 0.00079935 0.999999 0.001376 -0.00168046 -0.00137498 0.999998 0.0520046 0.0177452 0.141765
FixedParameters: 0 0 0

#Transform 70
Transform: AffineTransform_float_3_3
Parameters: 0.999999 -0.000321726 0.00183895 0.000318399 0.999998 0.00148817 -0.0018396 -0.00148802 0.999997 0.0465543 -0.00013653 0.196178
FixedParameters: 0 0 0

#Transform 71
Transform: AffineTransform_float_3_3
Parameters: 0.999998 -0.000372881 0.00168007 0.000370416 0.999999 0.00139017 -0.00168073 -0.00138916 0.999997 0.0490363 0.0363237 0.142049
FixedParameters: 0 0 0

#Transform 72
Transform: AffineTransform_float_3_3
Parameters: 0.999998 -0.000267107 0.0019926 0.000263808 0.999998 0.00145543 -0.00199206 -0.0014548 0.999997 0.0443211 0.0575097 0.110863
FixedParameters: 0 0 0

#Transform 73
Transform: AffineTransform_float_3_3
Parameters: 0.999998 -0.00066062 0.00195567 0.000656933 0.999997 0.00215428 -0.00195684 -0.00215283 0.999996 0.0472729 0.00874388 0.170958
FixedParameters: 0 0 0

#Transform 74
Transform: AffineTransform_float_3_3
Parameters: 0.999997 -0.000849989 0.00202173 0.0008465 0.999998 0.0017959 -0.00202284 -0.00179419 0.999996 0.0702478 0.00869723 0.173849
FixedParameters: 0 0 0

#Transform 75
Transform: AffineTransform_float_3_3
Parameters: 0.999999 -0.000908647 0.00159366 0.000906254 0.999998 0.00153846 -0.00159521 -0.00153645 0.999997 0.0602935 0.0129813 0.151031
FixedParameters: 0 0 0

#Transform 76
Transform: AffineTransform_float_3_3
Parameters: 0.999998 -0.000836706 0.00175348 0.000835245 0.999999 0.00112286 -0.00175411 -0.00112159 0.999998 0.0555179 0.00603367 0.1727
FixedParameters: 0 0 0

#Transform 77
Transform: AffineTransform_float_3_3
Parameters: 0.999999 -0.000782719 0.00153859 0.000781066 0.999999 0.00135305 -0.00153947 -0.00135153 0.999998 0.0599906 0.0297455 0.163806
FixedParameters: 0 0 0

#Transform 78
Transform: AffineTransform_float_3_3
Parameters: 0.999999 -0.000902785 0.00160336 0.000900532 0.999998 0.00147461 -0.00160477 -0.00147338 0.999998 0.0557209 0.0260837 0.148911
FixedParameters: 0 0 0

#Transform 79
Transform: AffineTransform_float_3_3
Parameters: 0.999999 -0.000690918 0.00169594 0.000688097 0.999998 0.00156155 -0.00169685 -0.00156087 0.999997 0.0521385 0.00915747 0.127026
FixedParameters: 0 0 0

#Transform 80
Transform: AffineTransform_float_3_3
Parameters: 0.999998 -0.000778408 0.00197501 0.00077558 0.999998 0.0015879 -0.00197648 -0.00158591 0.999997 0.0544331 0.00516245 0.151928
FixedParameters: 0 0 0

#Transform 81
Transform: AffineTransform_float_3_3
Parameters: 0.999998 -0.000699841 0.00175464 0.000698033 0.999999 0.00112761 -0.00175591 -0.00112618 0.999998 0.0501182 0.0062378 0.156624
FixedParameters: 0 0 0

#Transform 82
Transform: AffineTransform_float_3_3
Parameters: 0.999998 -0.00145312 0.00179768 0.00145052 0.999998 0.00185553 -0.00180026 -0.00185267 0.999997 0.0693671 0.0448902 0.208814
FixedParameters: 0 0 0

#Transform 83
Transform: AffineTransform_float_3_3
Parameters: 0.999997 -0.0013971 0.00195925 0.00139355 0.999998 0.00185377 -0.00196255 -0.00185143 0.999997 0.0702415 0.00137854 0.216523
FixedParameters: 0 0 0

#Transform 84
Transform: AffineTransform_float_3_3
Parameters: 0.999997 -0.001053 0.00186659 0.00105106 0.999999 0.00118365 -0.00186783 -0.00118139 0.999998 0.0680343 0.029162 0.144998
FixedParameters: 0 0 0

#Transform 85
Transform: AffineTransform_float_3_3
Parameters: 0.999998 -0.000725508 0.00153177 0.000724673 1 0.00025042 -0.00153211 -0.000249764 0.999999 0.0663944 0.0249608 0.142691
FixedParameters: 0 0 0

#Transform 86
Transform: AffineTransform_float_3_3
Parameters: 0.999999 -0.000895837 0.00159089 0.000895538 0.999999 0.000362249 -0.00159191 -0.000360991 0.999999 0.0772848 0.00683069 0.146283
FixedParameters: 0 0 0

#Transform 87
Transform: AffineTransform_float_3_3
Parameters: 0.999998 -0.000766554 0.00154588 0.000766212 1 0.00039399 -0.00154679 -0.000393214 0.999999 0.0821721 0.0522735 0.116642
FixedParameters: 0 0 0

#Transform 88
Transform: AffineTransform_float_3_3
Parameters: 0.999998 -0.000773242 0.00154796 0.000772319 0.999999 0.000580879 -0.00154916 -0.000580079 0.999999 0.0943705 0.0363539 0.0907041
FixedParameters: 0 0 0

#Transform 89
Transform: AffineTransform_float_3_3
Parameters: 0.999998 -0.000629109 0.00188615 0.000629323 1 -8.06637e-05 -0.00188609 8.14724e-05 0.999998 0.0825671 0.0173066 0.0676403
FixedParameters: 0 0 0

#Transform 90
Transform: AffineTransform_float_3_3
Parameters: 0.999998 -0.000651872 0.00179587 0.000652853 1 -0.000298536 -0.00179553 0.000299314 0.999998 0.0790455 0.00796831 0.0952286
FixedParameters: 0 0 0

#Transform 91
Transform: AffineTransform_float_3_3
Parameters: 0.999997 -0.000710639 0.00206003 0.000710648 0.999999 -0.000341285 -0.00206019 0.000341916 0.999998 0.0755468 0.033826 0.0798147
FixedParameters: 0 0 0

#Transform 92
Transform: AffineTransform_float_3_3
Parameters: 0.999998 -0.000540055 0.00218817 0.000539503 1 0.000321345 -0.00218889 -0.000319955 0.999998 0.0757683 0.0241314 0.0984266
FixedParameters: 0 0 0

#Transform 93
Transform: AffineTransform_float_3_3
Parameters: 0.999998 -0.00118773 0.00169296 0.00118732 0.999999 9.64757e-05 -0.00169324 -9.40194e-05 0.999999 0.0739499 0.0110347 0.122602
FixedParameters: 0 0 0

#Transform 94
Transform: AffineTransform_float_3_3
Parameters: 0.999998 -0.00113597 0.00167538 0.00113609 0.999999 -0.00016082 -0.00167599 0.000163085 0.999999 0.076561 0.0209685 0.112001
FixedParameters: 0 0 0

#Transform 95
Transform: AffineTransform_float_3_3
Parameters: 0.999997 -0.00163056 0.00184824 0.00163145 0.999998 -0.00035814 -0.00184812 0.000362006 0.999998 0.0781528 0.0246448 0.0999069
FixedParameters: 0 0 0

#Transform 96
Transform: AffineTransform_float_3_3
Parameters: 0.999996 -0.00172288 0.00187966 0.00172284 0.999999 -2.64291e-05 -0.00187966 2.9316e-05 0.999999 0.0765379 0.0277091 0.101364
FixedParameters: 0 0 0

#Transform 97
Transform: AffineTransform_float_3_3
Parameters: 0.999998 -0.00124227 0.00168148 0.00124389 0.999999 -0.000606965 -0.00168096 0.000608981 0.999999 0.077658 0.0147824 0.0990986
FixedParameters: 0 0 0

#Transform 98
Transform: AffineTransform_float_3_3
Parameters: 0.999998 -0.0012109 0.00159259 0.00121163 0.999999 -0.000255447 -0.00159201 0.000257739 0.999999 0.0754811 0.01457 0.114031
FixedParameters: 0 0 0

#Transform 99
Transform: AffineTransform_float_3_3
Parameters: 0.999998 -0.00114504 0.00146687 0.00114533 0.999999 -0.000242923 -0.00146729 0.000244741 0.999999 0.0747219 0.00948972 0.127413
FixedParameters: 0 0 0

#Transform 100
Transform: AffineTransform_float_3_3
Parameters: 0.999998 -0.00130945 0.00104059 0.00130906 0.999999 0.000161064 -0.00104107 -0.000159742 0.999999 0.0681367 0.00652475 0.155954
FixedParameters: 0 0 0

#Transform 101
Transform: AffineTransform_float_3_3
Parameters: 0.999999 -0.0012408 0.00124421 0.00124014 0.999999 0.000218316 -0.00124487 -0.000217414 0.999999 0.066192 0.0425118 0.147365
FixedParameters: 0 0 0

#Transform 102
Transform: AffineTransform_float_3_3
Parameters: 0.999999 -0.00122413 0.00129241 0.00122344 0.999999 0.000221352 -0.00129306 -0.000220373 0.999999 0.0583551 0.016175 0.156941
FixedParameters: 0 0 0

#Transform 103
Transform: AffineTransform_float_3_3
Parameters: 0.999998 -0.00126762 0.00121371 0.00126636 0.999999 0.000632917 -0.00121443 -0.000631267 0.999999 0.0565735 0.029549 0.152162
FixedParameters: 0 0 0

#Transform 104
Transform: AffineTransform_float_3_3
Parameters: 0.999998 -0.00116455 0.00149884 0.00116319 1 0.000533299 -0.00149918 -0.000532018 0.999999 0.0620205 0.0211931 0.168448
FixedParameters: 0 0 0

#Transform 105
Transform: AffineTransform_float_3_3
Parameters: 0.999998 -0.00116149 0.00149687 0.00116008 0.999999 0.000438676 -0.00149793 -0.000436764 0.999999 0.06408 0.041571 0.163522
FixedParameters: 0 0 0

#Transform 106
Transform: AffineTransform_float_3_3
Parameters: 0.999998 -0.00107044 0.00118024 0.00106948 0.999999 0.000521713 -0.00118047 -0.000520613 0.999999 0.0667286 0.0336652 0.138121
FixedParameters: 0 0 0

#Transform 107
Transform: AffineTransform_float_3_3
Parameters: 0.999999 -0.00123573 0.00123851 0.00123552 0.999999 3.84209e-05 -0.00123872 -3.75455e-05 0.999999 0.0671771 0.0233487 0.119156
FixedParameters: 0 0 0

#Transform 108
Transform: AffineTransform_float_3_3
Parameters: 0.999999 -0.00115186 0.00146471 0.00115204 0.999999 -8.84469e-05 -0.00146463 9.04187e-05 0.999998 0.0674079 0.00990693 0.127503
FixedParameters: 0 0 0

#Transform 109
Transform: AffineTransform_float_3_3
Parameters: 0.999999 -0.00120099 0.00136473 0.00120016 0.999999 0.000274266 -0.00136552 -0.00027239 0.999998 0.0667721 0.00398372 0.155491
FixedParameters: 0 0 0

#Transform 110
Transform: AffineTransform_float_3_3
Parameters: 0.999998 -0.00109827 0.00163016 0.00109813 0.999999 1.40076e-05 -0.00163024 -1.19918e-05 0.999999 0.0702864 0.0287392 0.118705
FixedParameters: 0 0 0

#Transform 111
Transform: AffineTransform_float_3_3
Parameters: 0.999998 -0.00113906 0.0012121 0.00113856 0.999999 0.000852597 -0.00121247 -0.000850692 0.999999 0.0716118 0.00421331 0.146394
FixedParameters: 0 0 0

#Transform 112
Transform: AffineTransform_float_3_3
Parameters: 0.999998 -0.00137646 0.00093973 0.00137527 0.999999 0.000982325 -0.000940547 -0.000980404 0.999999 0.0691809 0.00848725 0.171491
FixedParameters: 0 0 0

#Transform 113
Transform: AffineTransform_float_3_3
Parameters: 0.999998 -0.00131497 0.00113615 0.00131297 0.999999 0.00115452 -0.00113729 -0.00115298 0.999999 0.0654112 0.0513907 0.169279
FixedParameters: 0 0 0

#Transform 114
Transform: AffineTransform_float_3_3
Parameters: 0.999999 -0.00128052 0.0012426 0.00127903 0.999998 0.00121854 -0.00124422 -0.00121684 0.999998 0.0681557 0.0112659 0.172537
FixedParameters: 0 0 0

#Transform 115
Transform: AffineTransform_float_3_3
Parameters: 0.999999 -0.00127344 0.00122693 0.0012715 0.999999 0.000898767 -0.00122833 -0.000897069 0.999999 0.0655091 0.0240277 0.151111
FixedParameters: 0 0 0

#Transform 116
Transform: AffineTransform_float_3_3
Parameters: 0.999998 -0.00131812 0.00110373 0.00131665 0.999999 0.000946617 -0.00110432 -0.000945158 0.999999 0.0669363 0.0269191 0.158484
FixedParameters: 0 0 0

#Transform 117
Transform: AffineTransform_float_3_3
Parameters: 0.999998 -0.00128101 0.001176 0.00127977 0.999999 0.000639881 -0.00117675 -0.000638294 0.999999 0.0679338 0.021485 0.141245
FixedParameters: 0 0 0

#Transform 118
Transform: AffineTransform_float_3_3
Parameters: 0.999998 -0.00130729 0.00110044 0.00130615 0.999998 0.000639813 -0.00110123 -0.000638362 0.999999 0.0608125 0.015125 0.164938
FixedParameters: 0 0 0

#Transform 119
Transform: AffineTransform_float_3_3
Parameters: 0.999998 -0.00135241 0.0015452 0.00135065 0.999998 0.00105798 -0.00154654 -0.00105606 0.999998 0.0543025 0.0641977 0.159823
FixedParameters: 0 0 0
