#Insight Transform File V1.0
#Transform 0
Transform: AffineTransform_float_3_3
Parameters: 0.999998 -0.0011948 -0.00153469 0.00120169 0.999987 0.00494283 0.00152857 -0.00494449 0.999987 -0.024636 0.106932 0.0810989
FixedParameters: 0 0 0

#Transform 1
Transform: AffineTransform_float_3_3
Parameters: 0.999998 -0.000927362 -0.00178961 0.000935396 0.99999 0.00443034 0.00178599 -0.0044317 0.999988 -0.0140344 0.078076 0.0466542
FixedParameters: 0 0 0

#Transform 2
Transform: AffineTransform_float_3_3
Parameters: 0.999997 -0.00115221 -0.00214358 0.0011616 0.999991 0.00416683 0.00213923 -0.00416923 0.999989 -0.024076 0.0899736 -0.00363778
FixedParameters: 0 0 0

#Transform 3
Transform: AffineTransform_float_3_3
Parameters: 0.999999 -0.000737559 -0.00141114 0.000742483 0.999993 0.00372141 0.0014081 -0.00372278 0.999992 -0.0319043 0.0579482 0.0116771
FixedParameters: 0 0 0

#Transform 4
Transform: AffineTransform_float_3_3
Parameters: 0.999998 -0.000685784 -0.00158365 0.000691543 0.999993 0.00386696 0.00158123 -0.00386845 0.999991 -0.0204912 0.0987213 0.0669833
FixedParameters: 0 0 0

#Transform 5
Transform: AffineTransform_float_3_3
Parameters: 0.999998 -0.000493646 -0.00171724 0.000500924 0.999991 0.00423023 0.00171485 -0.0042304 0.99999 -0.0425871 0.0875447 0.0350369
FixedParameters: 0 0 0

#Transform 6
Transform: AffineTransform_float_3_3
Parameters: 1 -0.000524173 -0.00097741 0.000528243 0.99999 0.00432736 0.000975286 -0.00432757 0.99999 -0.0288844 0.0905271 0.0494079
FixedParameters: 0 0 0

#Transform 7
Transform: AffineTransform_float_3_3
Parameters: 1 -0.000537041 -0.000968391 0.000541589 0.999991 0.0041436 0.000965916 -0.00414473 0.999991 -0.0242342 0.0802964 0.0635859
FixedParameters: 0 0 0

#Transform 8
Transform: AffineTransform_float_3_3
Parameters: 1 -0.000558186 -0.000953621 0.000562135 0.999992 0.00384313 0.000951449 -0.00384334 0.999992 -0.0239566 0.0987439 0.0715425
FixedParameters: 0 0 0

#Transform 9
Transform: AffineTransform_float_3_3
Parameters: 0.999999 -0.000524464 -0.000575062 0.000526052 0.999993 0.00361047 0.00057283 -0.00361018 0.999993 -0.0224949 0.0836908 0.0446747
FixedParameters: 0 0 0

#Transform 10
Transform: AffineTransform_float_3_3
Parameters: 1 -0.000392278 1.02548e-05 0.000392648 0.999992 0.00379923 -1.25855e-05 -0.00379911 0.999993 -0.0144243 0.0781394 0.0853441
FixedParameters: 0 0 0

#Transform 11
Transform: AffineTransform_float_3_3
Parameters: 1 -0.000789912 0.0001457 0.000789679 0.999992 0.00374822 -0.000148645 -0.00374774 0.999993 -0.0135513 0.0852455 0.0843144
FixedParameters: 0 0 0

#Transform 12
Transform: AffineTransform_float_3_3
Parameters: 1 -0.00100258 -7.59383e-05 0.0010033 0.999994 0.00318499 7.33721e-05 -0.00318491 0.999995 -0.0155882 0.0790702 0.0815252
FixedParameters: 0 0 0

#Transform 13
Transform: AffineTransform_float_3_3
Parameters: 1 -0.000763083 0.000267877 0.000761866 0.999994 0.00318529 -0.00027029 -0.0031847 0.999995 0.00190914 0.0817373 0.112515
FixedParameters: 0 0 0

#Transform 14
Transform: AffineTransform_float_3_3
Parameters: 1 0.000376678 -3.48672e-06 -0.000377329 0.999998 0.00163257 3.77312e-06 -0.00163265 0.999998 0.0255247 0.0595047 0.0787781
FixedParameters: 0 0 0

#Transform 15
Transform: AffineTransform_float_3_3
Parameters: 1 0.000103694 -0.0001887 -0.000103602 1 0.000243597 0.00018875 -0.000243558 1 0.000791735 0.0205367 0.0373056
FixedParameters: 0 0 0

#Transform 16
Transform: AffineTransform_float_3_3
Parameters: 1 0.000433377 0.000256796 -0.000433589 1 0.000412861 -0.000256438 -0.000413083 1 -0.00428307 0.0040412 0.0113619
FixedParameters: 0 0 0

#Transform 17
Transform: AffineTransform_float_3_3
Parameters: 1 0.000132226 -0.000208577 -0.000132519 1 0.000654098 0.000207943 -0.000654122 0.999999 0.00135647 0.0203551 0.00116435
FixedParameters: 0 0 0

#Transform 18
Transform: AffineTransform_float_3_3
Parameters: 1 9.3865e-05 -0.000181842 -9.38279e-05 1 0.0001021 0.000181861 -0.000102066 1 -0.00987989 0.0223725 0.0121586
FixedParameters: 0 0 0

#Transform 19
Transform: AffineTransform_float_3_3
Parameters: 1 3.44585e-05 -0.000219634 -3.45533e-05 1 -0.000215774 0.000219619 0.000215789 1 -0.00400487 0.00957912 -0.0204072
FixedParameters: 0 0 0

#Transform 20
Transform: AffineTransform_float_3_3
Parameters: 1 -5.2438e-05 -0.000384599 5.24859e-05 1 6.22051e-05 0.000384592 -6.22455e-05 1 -0.00479976 0.00610975 -0.00678479
FixedParameters: 0 0 0

#Transform 21
Transform: AffineTransform_float_3_3
Parameters: 1 -0.000369555 0.000143146 0.000369557 1 -4.52636e-06 -0.000143143 4.63217e-06 1 -0.00717318 0.0292428 0.00909143
FixedParameters: 0 0 0

#Transform 22
Transform: AffineTransform_float_3_3
Parameters: 1 -0.000201735 2.54292e-05 0.000201731 1 8.1451e-05 -2.54621e-05 -8.14407e-05 1 0.000333359 0.0313589 0.0184534
FixedParameters: 0 0 0

#Transform 23
Transform: AffineTransform_float_3_3
Parameters: 1 -0.000212598 0.000332209 0.000212444 1 0.000231648 -0.000332308 -0.000231506 1 -0.000258539 0.0237137 0.02469
FixedParameters: 0 0 0

#Transform 24
Transform: AffineTransform_float_3_3
Parameters: 1 0.000103777 7.13486e-05 -0.000103785 1 5.74875e-05 -7.13367e-05 -5.75023e-05 1 -0.00829062 0.00867744 0.0344375
FixedParameters: 0 0 0

#Transform 25
Transform: AffineTransform_float_3_3
Parameters: 1 -2.68791e-05 -9.71861e-05 2.68668e-05 1 -6.30769e-05 9.71895e-05 6.30717e-05 1 -0.0278007 0.0146702 0.0316496
FixedParameters: 0 0 0

#Transform 26
Transform: AffineTransform_float_3_3
Parameters: 1 0.000283307 0.000332626 -0.000283322 1 2.15289e-05 -0.000332614 -2.17173e-05 1 -0.00508935 0.0147935 0.0305749
FixedParameters: 0 0 0

#Transform 27
Transform: AffineTransform_float_3_3
Parameters: 1 -4.80029e-05 0.000667581 4.80745e-05 1 -2.01146e-06 -0.00066763 1.73622e-06 1 0.0166467 0.000827309 0.0123546
FixedParameters: 0 0 0

#Transform 28
Transform: AffineTransform_float_3_3
Parameters: 0.999999 -0.000358316 0.000651329 0.000357952 0.999999 0.000715058 -0.000651034 -0.000714513 0.999999 0.00645146 0.0106671 -0.011812
FixedParameters: 0 0 0

#Transform 29
Transform: AffineTransform_float_3_3
Parameters: 0.999999 -0.000317737 0.000900352 0.000317035 1 0.00039017 -0.0009006 -0.000389598 0.999999 0.0161564 0.00749453 -0.0113159
FixedParameters: 0 0 0

#Transform 30
Transform: AffineTransform_float_3_3
Parameters: 1 -0.000538615 0.000695468 0.000538783 1 -5.09611e-05 -0.000695275 5.1717e-05 1 0.00257216 -0.00942205 -0.00045329
FixedParameters: 0 0 0

#Transform 31
Transform: AffineTransform_float_3_3
Parameters: 0.999999 -0.000131938 0.000770162 0.000131354 1 0.00037882 -0.000770262 -0.000378617 0.999999 -0.00915164 0.00926507 0.0354661
FixedParameters: 0 0 0

#Transform 32
Transform: AffineTransform_float_3_3
Parameters: 1 -0.000161119 0.0004438 0.000160742 1 0.000424175 -0.000443936 -0.000424033 1 -0.0185507 0.0264799 0.0488891
FixedParameters: 0 0 0

#Transform 33
Transform: AffineTransform_float_3_3
Parameters: 1 -0.000466821 0.000464262 0.000466903 1 -8.84029e-05 -0.000464179 8.88364e-05 1 -0.0208113 0.0189532 0.0462821
FixedParameters: 0 0 0

#Transform 34
Transform: AffineTransform_float_3_3
Parameters: 1 -0.000290216 0.0003404 0.000290301 1 -0.000124835 -0.000340328 0.000125033 1 -0.0325656 0.0172305 0.0628041
FixedParameters: 0 0 0

#Transform 35
Transform: AffineTransform_float_3_3
Parameters: 1 -0.000268646 0.000325113 0.000268524 1 0.000188035 -0.000325214 -0.000187861 1 -0.0184973 0.0176042 0.0475686
FixedParameters: 0 0 0

#Transform 36
Transform: AffineTransform_float_3_3
Parameters: 1 -0.000140396 0.000512444 0.000140234 1 0.000158127 -0.000512488 -0.000157983 1 -0.0120719 0.0130625 0.0310305
FixedParameters: 0 0 0

#Transform 37
Transform: AffineTransform_float_3_3
Parameters: 1 -9.41349e-06 0.000706418 9.25917e-06 1 0.000109236 -0.00070642 -0.000109223 0.999999 -0.0286935 0.0051957 0.0715104
FixedParameters: 0 0 0

#Transform 38
Transform: AffineTransform_float_3_3
Parameters: 1 -0.000271944 0.000327449 0.000271852 1 0.000140208 -0.000327526 -0.00014003 1 -0.0186892 0.0226119 0.0643604
FixedParameters: 0 0 0

#Transform 39
Transform: AffineTransform_float_3_3
Parameters: 1 -0.000190281 0.000447293 0.000190176 1 0.000117286 -0.000447338 -0.000117116 1 -0.0313536 0.0255897 0.0567352
FixedParameters: 0 0 0

#Transform 40
Transform: AffineTransform_float_3_3
Parameters: 1 -0.000295247 0.000615146 0.000295534 0.999999 -0.000176953 -0.00061509 0.000176977 1 -0.0211597 0.0051399 0.0702374
FixedParameters: 0 0 0

#Transform 41
Transform: AffineTransform_float_3_3
Parameters: 1 -0.000264592 0.000322243 0.000264433 1 0.000246823 -0.000322373 -0.000246653 1 -0.0175649 0.0133172 0.0896943
FixedParameters: 0 0 0

#Transform 42
Transform: AffineTransform_float_3_3
Parameters: 0.999999 -5.49149e-05 0.000723076 5.39951e-05 1 0.000961245 -0.000722511 -0.000961094 1 -0.0332218 0.0379283 0.121806
FixedParameters: 0 0 0

#Transform 43
Transform: AffineTransform_float_3_3
Parameters: 0.999999 -0.000157997 0.00075309 0.000158483 0.999999 0.000264801 -0.000753795 -0.000264873 1 -0.0234672 0.0280287 0.110771
FixedParameters: 0 0 0

#Transform 44
Transform: AffineTransform_float_3_3
Parameters: 1 -3.89528e-05 0.000680777 3.89574e-05 1 -3.34199e-06 -0.000680777 3.39505e-06 1 -0.0338127 0.0329328 0.121254
FixedParameters: 0 0 0

#Transform 45
Transform: AffineTransform_float_3_3
Parameters: 0.999999 -0.000213492 0.000720104 0.000213444 1 3.38666e-05 -0.000720118 -3.35592e-05 0.999999 -0.0148252 0.0304218 0.141256
FixedParameters: 0 0 0

#Transform 46
Transform: AffineTransform_float_3_3
Parameters: 1 -0.000241395 0.000321751 0.000241089 1 0.000475 -0.00032198 -0.000474845 1 -0.0277408 0.0363434 0.144399
FixedParameters: 0 0 0

#Transform 47
Transform: AffineTransform_float_3_3
Parameters: 0.999999 -0.000407574 0.000900455 0.000407479 0.999999 -0.000223405 -0.000901128 0.00022372 1 -0.0167557 0.0110875 0.137841
FixedParameters: 0 0 0

#Transform 48
Transform: AffineTransform_float_3_3
Parameters: 0.999999 -0.000223503 0.00080125 0.000223491 1 0.000516263 -0.000802052 -0.000515876 0.999999 -0.016933 0.0536153 0.160624
FixedParameters: 0 0 0

#Transform 49
Transform: AffineTransform_float_3_3
Parameters: 0.999999 -0.000113304 0.00125556 0.000113489 1 0.000217876 -0.00125472 -0.000217845 0.999999 0.00115877 0.0429745 0.150292
FixedParameters: 0 0 0

#Transform 50
Transform: AffineTransform_float_3_3
Parameters: 0.999999 -0.000486897 0.00142812 0.000486081 1 0.000343497 -0.00142837 -0.00034338 0.999999 0.0110838 0.0581875 0.141119
FixedParameters: 0 0 0

#Transform 51
Transform: AffineTransform_float_3_3
Parameters: 0.999999 -0.000570059 0.00129577 0.000569021 1 0.000437874 -0.00129613 -0.000437331 0.999998 0.0250772 0.0310518 0.160519
FixedParameters: 0 0 0

#Transform 52
Transform: AffineTransform_float_3_3
Parameters: 0.999999 -0.000490754 0.00139514 0.000489436 1 0.000531813 -0.00139557 -0.000531718 0.999999 0.0109885 0.0383561 0.134228
FixedParameters: 0 0 0

#Transform 53
Transform: AffineTransform_float_3_3
Parameters: 0.999999 -0.000549596 0.00128099 0.000548437 0.999999 0.000738135 -0.0012809 -0.000737923 0.999999 0.00751657 0.0488848 0.162546
FixedParameters: 0 0 0

#Transform 54
Transform: AffineTransform_float_3_3
Parameters: 0.999999 -0.000566201 0.00129297 0.000565585 1 0.000494704 -0.00129259 -0.000494096 0.999998 0.00872152 0.0300749 0.158352
FixedParameters: 0 0 0

#Transform 55
Transform: AffineTransform_float_3_3
Parameters: 0.999999 -0.000321084 0.00151625 0.000321208 1 -1.7682e-05 -0.00151628 1.83165e-05 0.999999 -8.05576e-05 0.0285537 0.155836
FixedParameters: 0 0 0

#Transform 56
Transform: AffineTransform_float_3_3
Parameters: 0.999999 -0.000574258 0.00129881 0.000573449 1 0.000375434 -0.00129915 -0.000375216 0.999999 0.00390515 0.0512131 0.214099
FixedParameters: 0 0 0

#Transform 57
Transform: AffineTransform_float_3_3
Parameters: 0.999999 -0.000486247 0.00137204 0.000484867 1 0.00073458 -0.001372 -0.000733508 0.999999 0.0072879 0.0479564 0.180516
FixedParameters: 0 0 0

#Transform 58
Transform: AffineTransform_float_3_3
Parameters: 0.999998 -0.000785007 0.00181132 0.000783153 0.999999 0.00109609 -0.00181191 -0.00109434 0.999997 0.0191164 0.0777972 0.257931
FixedParameters: 0 0 0

#Transform 59
Transform: AffineTransform_float_3_3
Parameters: 0.999998 -0.000831616 0.00177366 0.00083079 0.999999 0.000849021 -0.00177399 -0.000847498 0.999998 0.0164345 0.0838801 0.234405
FixedParameters: 0 0 0

#Transform 60
Transform: AffineTransform_float_3_3
Parameters: 0.999999 -0.000531684 0.00170967 0.000529396 0.999999 0.00114162 -0.00171061 -0.00114131 0.999998 0.00537131 0.0795111 0.236051
FixedParameters: 0 0 0

#Transform 61
Transform: AffineTransform_float_3_3
Parameters: 0.999998 -0.000564941 0.0018324 0.00056276 0.999999 0.000814254 -0.00183247 -0.000812781 0.999998 0.0167469 0.052029 0.228805
FixedParameters: 0 0 0

#Transform 62
Transform: AffineTransform_float_3_3
Parameters: 0.999998 -0.000564801 0.00188659 0.000562635 0.999999 0.00115269 -0.00188681 -0.00115199 0.999997 0.00681513 0.0774498 0.24176
FixedParameters: 0 0 0

#Transform 63
Transform: AffineTransform_float_3_3
Parameters: 0.999997 -0.000966979 0.00243274 0.000964085 0.999999 0.00120906 -0.00243314 -0.00120638 0.999997 0.0507026 0.079587 0.218489
FixedParameters: 0 0 0

#Transform 64
Transform: AffineTransform_float_3_3
Parameters: 0.999996 -0.000679166 0.00263913 0.000676838 0.999999 0.00116148 -0.00263935 -0.0011599 0.999996 0.0667191 0.0582939 0.149395
FixedParameters: 0 0 0

#Transform 65
Transform: AffineTransform_float_3_3
Parameters: 0.999997 -0.00112749 0.00243886 0.00112528 0.999998 0.0012392 -0.0024401 -0.00123629 0.999996 0.0533597 0.0416713 0.175737
FixedParameters: 0 0 0

#Transform 66
Transform: AffineTransform_float_3_3
Parameters: 0.999996 -0.00099433 0.00231437 0.000991794 0.999999 0.0010558 -0.0023153 -0.0010539 0.999997 0.0511588 0.0407518 0.121728
FixedParameters: 0 0 0

#Transform 67
Transform: AffineTransform_float_3_3
Parameters: 0.999997 -0.000958142 0.00188031 0.0009561 0.999999 0.000955234 -0.00188181 -0.000952799 0.999997 0.0346087 0.0455929 0.11567
FixedParameters: 0 0 0

#Transform 68
Transform: AffineTransform_float_3_3
Parameters: 0.999998 -0.0011208 0.00197006 0.00111908 0.999999 0.000870255 -0.00197159 -0.000867338 0.999998 0.0327664 0.0525531 0.14973
FixedParameters: 0 0 0

#Transform 69
Transform: AffineTransform_float_3_3
Parameters: 0.999997 -0.00102048 0.00213867 0.00101835 0.999999 0.00103259 -0.00213955 -0.00103058 0.999997 0.0334234 0.0667119 0.156252
FixedParameters: 0 0 0

#Transform 70
Transform: AffineTransform_float_3_3
Parameters: 0.999997 -0.001025 0.00224678 0.00102269 0.999999 0.0010386 -0.00224774 -0.0010367 0.999997 0.0312523 0.0653831 0.165579
FixedParameters: 0 0 0

#Transform 71
Transform: AffineTransform_float_3_3
Parameters: 0.999997 -0.000702222 0.00228269 0.000700352 1 0.000785566 -0.00228338 -0.000783862 0.999996 0.0277068 0.0694181 0.178481
FixedParameters: 0 0 0

#Transform 72
Transform: AffineTransform_float_3_3
Parameters: 0.999997 -0.000764471 0.00232627 0.000762588 0.999999 0.000788491 -0.00232711 -0.000786775 0.999997 0.0227014 0.0884425 0.185351
FixedParameters: 0 0 0

#Transform 73
Transform: AffineTransform_float_3_3
Parameters: 0.999997 -0.000823132 0.00236602 0.000819348 0.999999 0.00127634 -0.00236708 -0.00127422 0.999997 0.0245117 0.084992 0.195388
FixedParameters: 0 0 0

#Transform 74
Transform: AffineTransform_float_3_3
Parameters: 0.999997 -0.000976056 0.00247375 0.000973229 0.999999 0.0010664 -0.00247452 -0.00106427 0.999996 0.0170913 0.0824832 0.214807
FixedParameters: 0 0 0

#Transform 75
Transform: AffineTransform_float_3_3
Parameters: 0.999997 -0.000797317 0.00234864 0.000795696 1 0.000998753 -0.00234977 -0.000996747 0.999997 0.0231987 0.0810326 0.196361
FixedParameters: 0 0 0

#Transform 76
Transform: AffineTransform_float_3_3
Parameters: 0.999997 -0.000921331 0.00243446 0.000917475 0.999998 0.00140555 -0.00243511 -0.00140309 0.999996 0.0266172 0.0836428 0.18547
FixedParameters: 0 0 0

#Transform 77
Transform: AffineTransform_float_3_3
Parameters: 0.999997 -0.000801958 0.00223957 0.00079877 0.999998 0.00152357 -0.00224074 -0.00152164 0.999996 0.0243313 0.0701697 0.16779
FixedParameters: 0 0 0

#Transform 78
Transform: AffineTransform_float_3_3
Parameters: 0.999996 -0.000947214 0.00241263 0.00094505 0.999999 0.000818427 -0.00241381 -0.000816638 0.999997 0.022986 0.0397387 0.159747
FixedParameters: 0 0 0

#Transform 79
Transform: AffineTransform_float_3_3
Parameters: 0.999997 -0.000621728 0.00228925 0.000618343 0.999999 0.00153318 -0.00228988 -0.00153199 0.999996 0.0344798 0.0778437 0.16095
FixedParameters: 0 0 0

#Transform 80
Transform: AffineTransform_float_3_3
Parameters: 0.999996 -0.00102432 0.00260583 0.0010201 0.999998 0.00164783 -0.00260703 -0.00164535 0.999995 0.0479367 0.0781022 0.182406
FixedParameters: 0 0 0

#Transform 81
Transform: AffineTransform_float_3_3
Parameters: 0.999996 -0.000905074 0.00280873 0.000900972 0.999999 0.00142446 -0.0028098 -0.00142231 0.999995 0.0416464 0.0786516 0.200915
FixedParameters: 0 0 0

#Transform 82
Transform: AffineTransform_float_3_3
Parameters: 0.999996 -0.00115215 0.00272109 0.00114742 0.999998 0.00158544 -0.00272324 -0.0015821 0.999995 0.0408927 0.0811602 0.213393
FixedParameters: 0 0 0

#Transform 83
Transform: AffineTransform_float_3_3
Parameters: 0.999995 -0.000978109 0.0027122 0.000974482 0.999999 0.00136977 -0.00271352 -0.0013674 0.999995 0.0345015 0.0828483 0.214506
FixedParameters: 0 0 0

#Transform 84
Transform: AffineTransform_float_3_3
Parameters: 0.999995 -0.000953972 0.00274657 0.000950318 0.999998 0.00137006 -0.00274787 -0.0013681 0.999996 0.0348258 0.0799186 0.217072
FixedParameters: 0 0 0

#Transform 85
Transform: AffineTransform_float_3_3
Parameters: 0.999996 -0.00102418 0.0028285 0.00102088 0.999999 0.00104193 -0.00282941 -0.00103952 0.999996 0.0322087 0.0742924 0.214973
FixedParameters: 0 0 0

#Transform 86
Transform: AffineTransform_float_3_3
Parameters: 0.999996 -0.00104956 0.00277345 0.00104629 0.999998 0.00130503 -0.00277473 -0.00130248 0.999996 0.0347014 0.0935967 0.212675
FixedParameters: 0 0 0

#Transform 87
Transform: AffineTransform_float_3_3
Parameters: 0.999995 -0.00119632 0.00285187 0.00119152 0.999998 0.00162479 -0.00285345 -0.00162176 0.999994 0.0360672 0.0801354 0.213888
FixedParameters: 0 0 0

#Transform 88
Transform: AffineTransform_float_3_3
Parameters: 0.999995 -0.00116866 0.00282189 0.00116333 0.999997 0.00187503 -0.00282472 -0.00187161 0.999995 0.0399654 0.0967901 0.216502
FixedParameters: 0 0 0

#Transform 89
Transform: AffineTransform_float_3_3
Parameters: 0.999996 -0.00118175 0.00279814 0.0011772 0.999999 0.00151065 -0.0028002 -0.00150791 0.999995 0.0506042 0.0893277 0.215371
FixedParameters: 0 0 0

#Transform 90
Transform: AffineTransform_float_3_3
Parameters: 0.999995 -0.00101073 0.00297142 0.00100643 0.999998 0.00147108 -0.00297227 -0.00146733 0.999995 0.0374616 0.0778544 0.212557
FixedParameters: 0 0 0

#Transform 91
Transform: AffineTransform_float_3_3
Parameters: 0.999995 -0.00112638 0.00305296 0.001123 0.999998 0.00132482 -0.0030536 -0.00132147 0.999995 0.0384222 0.0750364 0.211086
FixedParameters: 0 0 0

#Transform 92
Transform: AffineTransform_float_3_3
Parameters: 0.999995 -0.00117242 0.00306816 0.00116773 0.999998 0.00163767 -0.0030703 -0.00163365 0.999994 0.0450573 0.0826485 0.217496
FixedParameters: 0 0 0

#Transform 93
Transform: AffineTransform_float_3_3
Parameters: 0.999994 -0.00105984 0.00325998 0.00105392 0.999998 0.00173969 -0.00326202 -0.00173629 0.999993 0.038882 0.0878123 0.227122
FixedParameters: 0 0 0

#Transform 94
Transform: AffineTransform_float_3_3
Parameters: 0.999995 -0.00087401 0.00318613 0.000869502 0.999998 0.00177483 -0.00318735 -0.00177266 0.999993 0.0384373 0.0893978 0.224623
FixedParameters: 0 0 0

#Transform 95
Transform: AffineTransform_float_3_3
Parameters: 0.999995 -0.000788374 0.00312649 0.000783078 0.999998 0.00171388 -0.00312754 -0.00171152 0.999994 0.0480612 0.122446 0.25153
FixedParameters: 0 0 0

#Transform 96
Transform: AffineTransform_float_3_3
Parameters: 0.999996 -0.000832102 0.00291242 0.000829163 0.999999 0.00108893 -0.00291359 -0.0010865 0.999995 0.0673164 0.0477263 0.219286
FixedParameters: 0 0 0

#Transform 97
Transform: AffineTransform_float_3_3
Parameters: 0.999996 -0.00106817 0.00279167 0.0010632 0.999997 0.00160028 -0.00279363 -0.00159759 0.999995 0.0323977 0.096439 0.249587
FixedParameters: 0 0 0

#Transform 98
Transform: AffineTransform_float_3_3
Parameters: 0.999994 -0.00139356 0.00311754 0.00138608 0.999997 0.00235519 -0.00312149 -0.00235043 0.999992 0.0523885 0.110893 0.264446
FixedParameters: 0 0 0

#Transform 99
Transform: AffineTransform_float_3_3
Parameters: 0.999994 -0.00154632 0.00303266 0.00154086 0.999997 0.00175734 -0.00303488 -0.00175295 0.999994 0.0533939 0.0972523 0.253946
FixedParameters: 0 0 0

#Transform 100
Transform: AffineTransform_float_3_3
Parameters: 0.999995 -0.00141298 0.00298634 0.00140853 0.999998 0.00161594 -0.0029877 -0.00161249 0.999994 0.050311 0.0929952 0.255831
FixedParameters: 0 0 0

#Transform 101
Transform: AffineTransform_float_3_3
Parameters: 0.999995 -0.00142727 0.00301336 0.00142414 0.999998 0.00128863 -0.00301464 -0.00128415 0.999995 0.0406831 0.078413 0.269297
FixedParameters: 0 0 0

#Transform 102
Transform: AffineTransform_float_3_3
Parameters: 0.999995 -0.00144984 0.00290153 0.00144438 0.999997 0.00183714 -0.00290365 -0.00183371 0.999994 0.037598 0.103527 0.261407
FixedParameters: 0 0 0

#Transform 103
Transform: AffineTransform_float_3_3
Parameters: 0.999995 -0.00140832 0.00296399 0.00140266 0.999998 0.00181665 -0.00296603 -0.00181236 0.999994 0.0465413 0.0961191 0.251103
FixedParameters: 0 0 0

#Transform 104
Transform: AffineTransform_float_3_3
Parameters: 0.999995 -0.00142557 0.00300959 0.00142163 0.999998 0.00133142 -0.00301179 -0.00132704 0.999995 0.0549177 0.0701532 0.238052
FixedParameters: 0 0 0

#Transform 105
Transform: AffineTransform_float_3_3
Parameters: 0.999993 -0.00188807 0.00312282 0.00188391 0.999997 0.00143625 -0.00312574 -0.00143079 0.999995 0.0704069 0.061162 0.267509
FixedParameters: 0 0 0

#Transform 106
Transform: AffineTransform_float_3_3
Parameters: 0.999993 -0.00191223 0.00322884 0.00190697 0.999998 0.00142187 -0.00323116 -0.00141555 0.999994 0.0709584 0.0717766 0.274566
FixedParameters: 0 0 0

#Transform 107
Transform: AffineTransform_float_3_3
Parameters: 0.999993 -0.00192563 0.00319132 0.00191974 0.999997 0.00154772 -0.00319421 -0.0015418 0.999994 0.0682841 0.0608914 0.257321
FixedParameters: 0 0 0

#Transform 108
Transform: AffineTransform_float_3_3
Parameters: 0.999993 -0.00176124 0.0032443 0.00175662 0.999997 0.00136636 -0.00324743 -0.00136041 0.999994 0.0730631 0.0580182 0.255375
FixedParameters: 0 0 0

#Transform 109
Transform: AffineTransform_float_3_3
Parameters: 0.999993 -0.00208065 0.00303824 0.00207749 0.999998 0.00107642 -0.00304022 -0.00107047 0.999995 0.0664358 0.0386835 0.252398
FixedParameters: 0 0 0

#Transform 110
Transform: AffineTransform_float_3_3
Parameters: 0.999992 -0.00214 0.00348403 0.00213406 0.999996 0.00157065 -0.00348797 -0.00156301 0.999992 0.0731406 0.0860243 0.267313
FixedParameters: 0 0 0

#Transform 111
Transform: AffineTransform_float_3_3
Parameters: 0.999993 -0.00176742 0.00326876 0.00176291 0.999997 0.00151114 -0.0032708 -0.00150584 0.999994 0.062729 0.0789473 0.269355
FixedParameters: 0 0 0

#Transform 112
Transform: AffineTransform_float_3_3
Parameters: 0.999993 -0.00185988 0.00333274 0.00185406 0.999996 0.00169265 -0.00333559 -0.00168652 0.999993 0.08487 0.0847561 0.27233
FixedParameters: 0 0 0

#Transform 113
Transform: AffineTransform_float_3_3
Parameters: 0.999992 -0.00201779 0.00344336 0.00201285 0.999997 0.00163104 -0.00344707 -0.00162431 0.999992 0.0726702 0.0753055 0.277077
FixedParameters: 0 0 0

#Transform 114
Transform: AffineTransform_float_3_3
Parameters: 0.999994 -0.00205871 0.00296151 0.0020538 0.999996 0.00172314 -0.00296525 -0.00171686 0.999994 0.0677843 0.0682392 0.286058
FixedParameters: 0 0 0

#Transform 115
Transform: AffineTransform_float_3_3
Parameters: 0.999993 -0.00189353 0.00310472 0.00188943 0.999998 0.00142335 -0.00310756 -0.00141759 0.999994 0.057212 0.07436 0.254626
FixedParameters: 0 0 0

#Transform 116
Transform: AffineTransform_float_3_3
Parameters: 0.999993 -0.0018187 0.00334044 0.00181398 0.999998 0.00142979 -0.00334296 -0.00142363 0.999993 0.0525793 0.0788944 0.266549
FixedParameters: 0 0 0

#Transform 117
Transform: AffineTransform_float_3_3
Parameters: 0.999993 -0.00190407 0.00316169 0.00189843 0.999996 0.00182041 -0.00316445 -0.00181422 0.999993 0.0516845 0.0737778 0.271646
FixedParameters: 0 0 0

#Transform 118
Transform: AffineTransform_float_3_3
Parameters: 0.999993 -0.0017629 0.00318545 0.0017586 0.999997 0.00141842 -0.00318791 -0.00141224 0.999994 0.0574133 0.0761721 0.265789
FixedParameters: 0 0 0

#Transform 119
Transform: AffineTransform_float_3_3
Parameters: 0.999994 -0.00172086 0.00312765 0.00171618 0.999997 0.00150679 -0.00313029 -0.00150108 0.999994 0.0515657 0.0925291 0.268375
FixedParameters: 0 0 0
