# transform file /out/sourcedata/freesurfer/sub-v1s18x0051236_ses-1/mri/transforms/cc_up.lta
# created by oesteban on Mon Mar  9 06:41:07 2026

type      = 0 # LINEAR_VOX_TO_VOX
nxforms   = 1
mean      = 130.0000 89.0000 133.0000
sigma     = 10000.0000
1 4 4
9.996852874755859e-01 2.361843176186085e-02 8.456733077764511e-03 -5.702983856201172e+00 
-2.361758612096310e-02 9.997210502624512e-01 -1.997904910240322e-04 6.113920974731445e+01 
-8.459093049168587e-03 -1.455191522836685e-11 9.999642372131348e-01 1.127547994256020e-01 
0.000000000000000e+00 0.000000000000000e+00 0.000000000000000e+00 1.000000000000000e+00 
src volume info
valid = 1  # volume info valid
filename = /out/sourcedata/freesurfer/sub-v1s18x0051236_ses-1/mri/norm.mgz
volume = 256 256 256
voxelsize = 1.000000000000000e+00 1.000000000000000e+00 1.000000000000000e+00
xras   = -1.000000000000000e+00 0.000000000000000e+00 0.000000000000000e+00
yras   = 0.000000000000000e+00 0.000000000000000e+00 -1.000000000000000e+00
zras   = 0.000000000000000e+00 1.000000000000000e+00 0.000000000000000e+00
cras   = 4.789367675781250e+00 7.653297424316406e+00 -1.229003906250000e+01
dst volume info
valid = 1  # volume info valid
filename = /out/sourcedata/freesurfer/sub-v1s18x0051236_ses-1/mri/norm.mgz
volume = 256 256 256
voxelsize = 1.000000000000000e+00 1.000000000000000e+00 1.000000000000000e+00
xras   = -1.000000000000000e+00 0.000000000000000e+00 0.000000000000000e+00
yras   = 0.000000000000000e+00 0.000000000000000e+00 -1.000000000000000e+00
zras   = 0.000000000000000e+00 1.000000000000000e+00 0.000000000000000e+00
cras   = 4.789367675781250e+00 7.653297424316406e+00 -1.229003906250000e+01
