# transform file /out/sourcedata/freesurfer/sub-v1s18x0051278_ses-1/mri/transforms/cc_up.lta
# created by oesteban on Thu Mar 12 13:31:59 2026

type      = 0 # LINEAR_VOX_TO_VOX
nxforms   = 1
mean      = 128.0000 111.0000 121.0000
sigma     = 10000.0000
1 4 4
9.920667409896851e-01 -1.040858849883080e-01 7.049748301506042e-02 2.979084968566895e+00 
1.038240715861320e-01 9.945684075355530e-01 7.377866189926863e-03 2.633076858520508e+01 
-7.088249176740646e-02 0.000000000000000e+00 9.974847435951233e-01 3.038874053955078e+01 
0.000000000000000e+00 0.000000000000000e+00 0.000000000000000e+00 1.000000000000000e+00 
src volume info
valid = 1  # volume info valid
filename = /out/sourcedata/freesurfer/sub-v1s18x0051278_ses-1/mri/norm.mgz
volume = 256 256 256
voxelsize = 1.000000000000000e+00 1.000000000000000e+00 1.000000000000000e+00
xras   = -1.000000000000000e+00 0.000000000000000e+00 0.000000000000000e+00
yras   = 0.000000000000000e+00 0.000000000000000e+00 -1.000000000000000e+00
zras   = 0.000000000000000e+00 1.000000000000000e+00 0.000000000000000e+00
cras   = 4.837135314941406e+00 5.231986999511719e+00 -1.171186828613281e+01
dst volume info
valid = 1  # volume info valid
filename = /out/sourcedata/freesurfer/sub-v1s18x0051278_ses-1/mri/norm.mgz
volume = 256 256 256
voxelsize = 1.000000000000000e+00 1.000000000000000e+00 1.000000000000000e+00
xras   = -1.000000000000000e+00 0.000000000000000e+00 0.000000000000000e+00
yras   = 0.000000000000000e+00 0.000000000000000e+00 -1.000000000000000e+00
zras   = 0.000000000000000e+00 1.000000000000000e+00 0.000000000000000e+00
cras   = 4.837135314941406e+00 5.231986999511719e+00 -1.171186828613281e+01
