# transform file /out/sourcedata/freesurfer/sub-v1s18x0051273_ses-1/mri/transforms/cc_up.lta
# created by oesteban on Thu Mar 12 13:31:17 2026

type      = 0 # LINEAR_VOX_TO_VOX
nxforms   = 1
mean      = 127.0000 120.0000 115.0000
sigma     = 10000.0000
1 4 4
9.995440840721130e-01 1.268045697361231e-02 2.740154415369034e-02 -4.492132663726807e+00 
-1.267569512128830e-02 9.999195933341980e-01 -3.474920813459903e-04 2.567183494567871e+01 
-2.740374766290188e-02 2.910383045673370e-11 9.996244907379150e-01 2.755720138549805e+01 
0.000000000000000e+00 0.000000000000000e+00 0.000000000000000e+00 1.000000000000000e+00 
src volume info
valid = 1  # volume info valid
filename = /out/sourcedata/freesurfer/sub-v1s18x0051273_ses-1/mri/norm.mgz
volume = 256 256 256
voxelsize = 1.000000000000000e+00 1.000000000000000e+00 1.000000000000000e+00
xras   = -1.000000000000000e+00 0.000000000000000e+00 0.000000000000000e+00
yras   = 0.000000000000000e+00 0.000000000000000e+00 -1.000000000000000e+00
zras   = 0.000000000000000e+00 1.000000000000000e+00 0.000000000000000e+00
cras   = -5.477905273437500e-03 3.416000366210938e+00 6.447937011718750e+00
dst volume info
valid = 1  # volume info valid
filename = /out/sourcedata/freesurfer/sub-v1s18x0051273_ses-1/mri/norm.mgz
volume = 256 256 256
voxelsize = 1.000000000000000e+00 1.000000000000000e+00 1.000000000000000e+00
xras   = -1.000000000000000e+00 0.000000000000000e+00 0.000000000000000e+00
yras   = 0.000000000000000e+00 0.000000000000000e+00 -1.000000000000000e+00
zras   = 0.000000000000000e+00 1.000000000000000e+00 0.000000000000000e+00
cras   = -5.477905273437500e-03 3.416000366210938e+00 6.447937011718750e+00
