# transform file /out/sourcedata/freesurfer/sub-v1s18x0051253_ses-1/mri/transforms/cc_up.lta
# created by oesteban on Mon Mar  9 07:16:07 2026

type      = 0 # LINEAR_VOX_TO_VOX
nxforms   = 1
mean      = 127.0000 126.0000 123.0000
sigma     = 10000.0000
1 4 4
9.997702240943909e-01 -2.087761089205742e-02 4.876038990914822e-03 1.505623579025269e+00 
2.087736316025257e-02 9.997820854187012e-01 1.018222465063445e-04 1.635564231872559e+01 
-4.877102095633745e-03 -7.275958481545164e-12 9.999881982803345e-01 9.621867179870605e+00 
0.000000000000000e+00 0.000000000000000e+00 0.000000000000000e+00 1.000000000000000e+00 
src volume info
valid = 1  # volume info valid
filename = /out/sourcedata/freesurfer/sub-v1s18x0051253_ses-1/mri/norm.mgz
volume = 256 256 256
voxelsize = 1.000000000000000e+00 1.000000000000000e+00 1.000000000000000e+00
xras   = -1.000000000000000e+00 0.000000000000000e+00 0.000000000000000e+00
yras   = 0.000000000000000e+00 0.000000000000000e+00 -1.000000000000000e+00
zras   = 0.000000000000000e+00 1.000000000000000e+00 0.000000000000000e+00
cras   = -1.821464538574219e+00 -1.426597595214844e+00 7.053268432617188e+00
dst volume info
valid = 1  # volume info valid
filename = /out/sourcedata/freesurfer/sub-v1s18x0051253_ses-1/mri/norm.mgz
volume = 256 256 256
voxelsize = 1.000000000000000e+00 1.000000000000000e+00 1.000000000000000e+00
xras   = -1.000000000000000e+00 0.000000000000000e+00 0.000000000000000e+00
yras   = 0.000000000000000e+00 0.000000000000000e+00 -1.000000000000000e+00
zras   = 0.000000000000000e+00 1.000000000000000e+00 0.000000000000000e+00
cras   = -1.821464538574219e+00 -1.426597595214844e+00 7.053268432617188e+00
