#Insight Transform File V1.0
#Transform 0
Transform: AffineTransform_float_3_3
Parameters: 0.999999 0.00152285 0.00103855 -0.0015206 0.999997 -0.00146765 -0.00104034 0.00146586 0.999998 0.133355 -0.0695716 -0.238125
FixedParameters: 0 0 0

#Transform 1
Transform: AffineTransform_float_3_3
Parameters: 0.999999 0.00141483 0.00122142 -0.00141295 0.999997 -0.00198041 -0.00122415 0.00197922 0.999998 0.181017 -0.0743998 -0.243602
FixedParameters: 0 0 0

#Transform 2
Transform: AffineTransform_float_3_3
Parameters: 1 0.00120705 0.000273081 -0.00120604 0.999998 -0.00163999 -0.00027476 0.00163985 0.999999 0.173039 -0.0575055 -0.292529
FixedParameters: 0 0 0

#Transform 3
Transform: AffineTransform_float_3_3
Parameters: 0.999999 0.00131297 0.000736681 -0.00131182 0.999998 -0.00161016 -0.000739041 0.00160879 0.999998 0.164119 -0.057364 -0.272026
FixedParameters: 0 0 0

#Transform 4
Transform: AffineTransform_float_3_3
Parameters: 0.999999 0.00074184 0.000731337 -0.00074031 0.999998 -0.00160067 -0.000733111 0.00160043 0.999999 0.178816 -0.0636049 -0.314672
FixedParameters: 0 0 0

#Transform 5
Transform: AffineTransform_float_3_3
Parameters: 0.999999 0.000666655 0.000570759 -0.0006649 0.999998 -0.00183977 -0.000571729 0.001839 0.999998 0.1047 -0.078686 -0.25963
FixedParameters: 0 0 0

#Transform 6
Transform: AffineTransform_float_3_3
Parameters: 0.999999 0.00111139 0.00110217 -0.00110883 0.999999 -0.00170401 -0.00110402 0.00170296 0.999998 0.132133 0.0464266 -0.281305
FixedParameters: 0 0 0

#Transform 7
Transform: AffineTransform_float_3_3
Parameters: 0.999998 0.00127708 0.00141844 -0.00127485 0.999997 -0.00154289 -0.00142003 0.00154096 0.999998 0.195595 0.0235508 -0.340663
FixedParameters: 0 0 0

#Transform 8
Transform: AffineTransform_float_3_3
Parameters: 0.999999 0.00147633 0.00041698 -0.00147529 0.999998 -0.00114161 -0.000418135 0.0011409 0.999999 0.122878 -0.0227832 -0.269837
FixedParameters: 0 0 0

#Transform 9
Transform: AffineTransform_float_3_3
Parameters: 0.999999 0.00132098 0.000541249 -0.00131994 0.999998 -0.00131606 -0.000543391 0.00131518 0.999999 0.0840251 -0.00537481 -0.202459
FixedParameters: 0 0 0

#Transform 10
Transform: AffineTransform_float_3_3
Parameters: 0.999999 0.00150961 0.000913455 -0.00150883 0.999999 -0.00110365 -0.000915003 0.00110285 0.999999 0.0973737 0.00275936 -0.239502
FixedParameters: 0 0 0

#Transform 11
Transform: AffineTransform_float_3_3
Parameters: 0.999998 0.00135942 0.00154805 -0.00135741 0.999998 -0.00133281 -0.00154934 0.00133085 0.999998 0.127142 -0.0239609 -0.204935
FixedParameters: 0 0 0

#Transform 12
Transform: AffineTransform_float_3_3
Parameters: 0.999998 0.0016243 0.00116435 -0.00162353 0.999999 -0.000680462 -0.00116613 0.000678648 0.999999 0.121813 -0.0570854 -0.190751
FixedParameters: 0 0 0

#Transform 13
Transform: AffineTransform_float_3_3
Parameters: 0.999997 0.000161374 0.0023972 -0.000160149 1 -0.000734873 -0.00239735 0.000734707 0.999997 0.165036 -0.115781 -0.280452
FixedParameters: 0 0 0

#Transform 14
Transform: AffineTransform_float_3_3
Parameters: 0.999998 -0.000557885 0.00223391 0.000559914 0.999999 -0.00108777 -0.00223353 0.00108869 0.999997 0.191001 -0.07368 -0.254369
FixedParameters: 0 0 0

#Transform 15
Transform: AffineTransform_float_3_3
Parameters: 0.999997 -0.00106869 0.00215917 0.00106875 0.999999 0.00025934 -0.00215939 -0.000257284 0.999998 0.224823 -0.0618903 -0.251565
FixedParameters: 0 0 0

#Transform 16
Transform: AffineTransform_float_3_3
Parameters: 0.999998 -8.68479e-05 0.00164856 8.76914e-05 1 2.34305e-06 -0.00164902 -1.80955e-06 0.999998 0.149392 -0.0127173 -0.182279
FixedParameters: 0 0 0

#Transform 17
Transform: AffineTransform_float_3_3
Parameters: 0.999998 -0.000317014 0.0020557 0.000317401 1 -4.91553e-06 -0.00205485 5.06791e-06 0.999998 0.193115 -0.0257043 -0.220119
FixedParameters: 0 0 0

#Transform 18
Transform: AffineTransform_float_3_3
Parameters: 0.999998 -0.000204793 0.00157543 0.000205223 0.999999 -0.000156935 -0.00157533 0.000157287 0.999999 0.221159 -0.0684682 -0.236667
FixedParameters: 0 0 0

#Transform 19
Transform: AffineTransform_float_3_3
Parameters: 0.999999 -0.000637042 0.00165063 0.000638197 0.999999 -0.000919773 -0.0016508 0.0009214 0.999998 0.214289 -0.034611 -0.205043
FixedParameters: 0 0 0

#Transform 20
Transform: AffineTransform_float_3_3
Parameters: 1 -0.000210954 3.14708e-06 0.000210954 1 -6.95688e-06 -3.14415e-06 6.95822e-06 1 0.00103706 -0.0308857 -0.0398446
FixedParameters: 0 0 0

#Transform 21
Transform: AffineTransform_float_3_3
Parameters: 1 -0.000160467 -0.0011807 0.000159061 1 -0.000969629 0.00118054 0.000969231 0.999999 0.0267646 0.0334131 -0.152978
FixedParameters: 0 0 0

#Transform 22
Transform: AffineTransform_float_3_3
Parameters: 0.999998 -0.0010528 -0.00124927 0.00105242 0.999999 -0.000508026 0.00124987 0.000506202 0.999999 0.0282335 0.00228048 -0.0265635
FixedParameters: 0 0 0

#Transform 23
Transform: AffineTransform_float_3_3
Parameters: 0.999999 -0.00105721 -0.00112917 0.00105686 0.999999 -0.000559385 0.00112987 0.000558365 0.999999 0.028389 0.0517906 0.0989122
FixedParameters: 0 0 0

#Transform 24
Transform: AffineTransform_float_3_3
Parameters: 0.999998 -0.000979578 -0.00173859 0.000977048 0.999999 -0.0012456 0.00174016 0.00124381 0.999998 0.062535 0.0653913 0.0170149
FixedParameters: 0 0 0

#Transform 25
Transform: AffineTransform_float_3_3
Parameters: 0.999997 -0.00157198 -0.0021783 0.00157072 0.999999 -0.000502968 0.00217939 0.000499971 0.999998 0.075659 0.052873 0.102022
FixedParameters: 0 0 0

#Transform 26
Transform: AffineTransform_float_3_3
Parameters: 0.999999 -0.000946345 -0.00154795 0.000944969 0.999999 -0.00101586 0.00154893 0.00101371 0.999998 0.081643 0.0646761 0.129158
FixedParameters: 0 0 0

#Transform 27
Transform: AffineTransform_float_3_3
Parameters: 0.999998 -0.000582719 -0.00193034 0.000580573 0.999999 -0.00136362 0.00193148 0.00136237 0.999997 0.104746 0.0643336 0.059404
FixedParameters: 0 0 0

#Transform 28
Transform: AffineTransform_float_3_3
Parameters: 0.999999 -0.00061198 -0.00142328 0.000609314 0.999998 -0.00156885 0.00142432 0.00156789 0.999997 0.0950276 0.0468084 0.0257407
FixedParameters: 0 0 0

#Transform 29
Transform: AffineTransform_float_3_3
Parameters: 0.999999 -0.000938438 -0.00155212 0.000937147 0.999999 -0.0012697 0.0015531 0.00126756 0.999998 0.115016 0.0670133 0.0649903
FixedParameters: 0 0 0

#Transform 30
Transform: AffineTransform_float_3_3
Parameters: 0.999997 -0.001772 -0.00172891 0.00176859 0.999996 -0.00203058 0.00173209 0.00202801 0.999997 0.119871 0.00723648 0.121809
FixedParameters: 0 0 0

#Transform 31
Transform: AffineTransform_float_3_3
Parameters: 0.999997 -0.00171887 -0.00130859 0.00171685 0.999998 -0.000958406 0.0013105 0.000955866 0.999998 0.102291 0.0612183 0.136613
FixedParameters: 0 0 0

#Transform 32
Transform: AffineTransform_float_3_3
Parameters: 0.999997 -0.0017813 -0.00130304 0.0017803 0.999999 -0.000567376 0.00130367 0.000564694 0.999999 0.161434 0.0410492 0.109782
FixedParameters: 0 0 0

#Transform 33
Transform: AffineTransform_float_3_3
Parameters: 0.999997 -0.00177748 -0.00126143 0.00177727 0.999999 -0.000107599 0.00126177 0.000105064 0.999999 0.161744 0.0649085 0.103011
FixedParameters: 0 0 0

#Transform 34
Transform: AffineTransform_float_3_3
Parameters: 0.999998 -0.00164726 -0.00103816 0.0016473 0.999999 -0.000405086 0.00103894 0.000402206 0.999999 0.148338 0.0452137 0.105014
FixedParameters: 0 0 0

#Transform 35
Transform: AffineTransform_float_3_3
Parameters: 0.999997 -0.00224611 -0.00105147 0.00224487 0.999997 -0.00081935 0.00105367 0.000817145 0.999999 0.136194 0.055363 0.101086
FixedParameters: 0 0 0

#Transform 36
Transform: AffineTransform_float_3_3
Parameters: 0.999999 -0.00160643 -0.000454313 0.00160551 0.999997 -0.00195631 0.000457879 0.0019546 0.999998 0.091909 0.0867142 0.164411
FixedParameters: 0 0 0

#Transform 37
Transform: AffineTransform_float_3_3
Parameters: 0.999998 -0.00168467 -0.00116352 0.0016834 0.999998 -0.00113366 0.00116548 0.00113167 0.999998 0.0869291 0.108897 0.175186
FixedParameters: 0 0 0

#Transform 38
Transform: AffineTransform_float_3_3
Parameters: 0.999998 -0.00159842 -0.0010558 0.00159567 0.999997 -0.0017448 0.0010587 0.00174339 0.999998 0.118243 0.0532061 0.143863
FixedParameters: 0 0 0

#Transform 39
Transform: AffineTransform_float_3_3
Parameters: 0.999998 -0.00158341 -0.00106367 0.00158128 0.999997 -0.00185627 0.00106641 0.00185485 0.999997 0.101133 0.0676004 0.14933
FixedParameters: 0 0 0

#Transform 40
Transform: AffineTransform_float_3_3
Parameters: 0.999998 -0.000963804 -0.00139352 0.000962132 0.999998 -0.00158618 0.00139529 0.00158565 0.999998 0.0831266 0.111911 0.25988
FixedParameters: 0 0 0

#Transform 41
Transform: AffineTransform_float_3_3
Parameters: 0.999998 -0.00162553 -0.000909194 0.00162463 0.999998 -0.0014703 0.000910769 0.00146846 0.999998 0.0584864 0.118183 0.280629
FixedParameters: 0 0 0

#Transform 42
Transform: AffineTransform_float_3_3
Parameters: 0.999996 -0.00280553 -0.000581261 0.0028049 0.999995 -0.00169669 0.000586593 0.00169486 0.999998 0.115035 0.130465 0.190935
FixedParameters: 0 0 0

#Transform 43
Transform: AffineTransform_float_3_3
Parameters: 0.999996 -0.00280906 -0.0010714 0.00280717 0.999995 -0.00152295 0.00107574 0.00152058 0.999998 0.145068 0.0920438 0.107154
FixedParameters: 0 0 0

#Transform 44
Transform: AffineTransform_float_3_3
Parameters: 0.999995 -0.00267587 -0.00151142 0.00267341 0.999995 -0.00155381 0.00151507 0.0015488 0.999998 0.130152 0.0864555 0.125502
FixedParameters: 0 0 0

#Transform 45
Transform: AffineTransform_float_3_3
Parameters: 0.999996 -0.00269845 -0.000457345 0.00269697 0.999994 -0.00201689 0.000462296 0.00201536 0.999998 0.0677531 0.113787 0.237589
FixedParameters: 0 0 0

#Transform 46
Transform: AffineTransform_float_3_3
Parameters: 0.999997 -0.00248642 -0.0010345 0.0024853 0.999997 -0.000989049 0.00103657 0.000986994 0.999999 0.0803529 0.136748 0.185133
FixedParameters: 0 0 0

#Transform 47
Transform: AffineTransform_float_3_3
Parameters: 0.999994 -0.00318531 -0.000822864 0.00318413 0.999994 -0.00101647 0.000825519 0.00101464 0.999999 0.104154 0.125682 0.135263
FixedParameters: 0 0 0

#Transform 48
Transform: AffineTransform_float_3_3
Parameters: 0.999995 -0.00261059 -0.00170708 0.00260866 0.999996 -0.000836395 0.0017086 0.000832229 0.999998 0.0589795 0.131885 0.27639
FixedParameters: 0 0 0

#Transform 49
Transform: AffineTransform_float_3_3
Parameters: 0.999996 -0.00224743 -0.00167364 0.0022464 0.999997 -0.000716549 0.00167491 0.000712353 0.999998 0.0442904 0.184959 0.288781
FixedParameters: 0 0 0

#Transform 50
Transform: AffineTransform_float_3_3
Parameters: 0.999997 -0.00202924 -0.00131412 0.00202782 0.999997 -0.00140742 0.00131749 0.00140457 0.999998 -0.00726721 0.192667 0.417395
FixedParameters: 0 0 0

#Transform 51
Transform: AffineTransform_float_3_3
Parameters: 0.999997 -0.00173259 -0.00198942 0.00172994 0.999997 -0.00145378 0.00199166 0.00145044 0.999997 -0.0241719 0.200143 0.455203
FixedParameters: 0 0 0

#Transform 52
Transform: AffineTransform_float_3_3
Parameters: 0.999995 -0.00253347 -0.00190822 0.00253075 0.999996 -0.001198 0.00191104 0.00119306 0.999998 0.0416024 0.18277 0.370971
FixedParameters: 0 0 0

#Transform 53
Transform: AffineTransform_float_3_3
Parameters: 0.999994 -0.00266215 -0.00226571 0.00265883 0.999995 -0.00114233 0.00226854 0.00113665 0.999997 0.0418752 0.168663 0.327358
FixedParameters: 0 0 0

#Transform 54
Transform: AffineTransform_float_3_3
Parameters: 0.999993 -0.00353987 -0.0013431 0.00353751 0.999992 -0.00189555 0.00135045 0.0018908 0.999998 0.0190063 0.143481 0.480406
FixedParameters: 0 0 0

#Transform 55
Transform: AffineTransform_float_3_3
Parameters: 0.999993 -0.00341685 -0.00132975 0.00341154 0.999984 -0.00453223 0.00134524 0.00452791 0.999989 0.0148773 0.215783 0.515912
FixedParameters: 0 0 0

#Transform 56
Transform: AffineTransform_float_3_3
Parameters: 0.999992 -0.00374686 -0.00122443 0.00374233 0.999985 -0.00384706 0.00123844 0.00384243 0.999992 0.063214 0.166999 0.356971
FixedParameters: 0 0 0

#Transform 57
Transform: AffineTransform_float_3_3
Parameters: 0.999993 -0.00322677 -0.00189171 0.00322212 0.999992 -0.00230536 0.00189883 0.00229899 0.999996 0.0832538 0.154075 0.361304
FixedParameters: 0 0 0

#Transform 58
Transform: AffineTransform_float_3_3
Parameters: 0.999995 -0.00241576 -0.00172486 0.00241132 0.999994 -0.00273709 0.00173227 0.00273259 0.999995 0.129376 0.14228 0.324915
FixedParameters: 0 0 0

#Transform 59
Transform: AffineTransform_float_3_3
Parameters: 0.999995 -0.00269162 -0.00172776 0.00268918 0.999995 -0.00189282 0.00173246 0.00188877 0.999997 0.10794 0.168406 0.407113
FixedParameters: 0 0 0

#Transform 60
Transform: AffineTransform_float_3_3
Parameters: 0.99999 -0.00389349 -0.00241476 0.0038868 0.999988 -0.00269344 0.00242555 0.00268378 0.999993 0.0710033 0.129469 0.382534
FixedParameters: 0 0 0

#Transform 61
Transform: AffineTransform_float_3_3
Parameters: 0.999991 -0.00385593 -0.00174584 0.00384324 0.999968 -0.00701629 0.00177258 0.00701012 0.999974 0.0435074 0.0859428 0.530716
FixedParameters: 0 0 0

#Transform 62
Transform: AffineTransform_float_3_3
Parameters: 0.999986 -0.00404476 -0.00334481 0.00404372 0.999992 -0.000332089 0.00334667 0.000318894 0.999994 0.00763761 0.219896 0.664174
FixedParameters: 0 0 0

#Transform 63
Transform: AffineTransform_float_3_3
Parameters: 0.99999 -0.00288405 -0.00322238 0.00287766 0.999994 -0.00211368 0.00322862 0.00210383 0.999993 -0.0504684 0.19632 0.528502
FixedParameters: 0 0 0

#Transform 64
Transform: AffineTransform_float_3_3
Parameters: 0.999987 -0.00303788 -0.0040531 0.00303158 0.999994 -0.00150785 0.00405805 0.00149612 0.999991 -0.0426105 0.190546 0.513908
FixedParameters: 0 0 0

#Transform 65
Transform: AffineTransform_float_3_3
Parameters: 0.99999 -0.00228739 -0.00400702 0.00227979 0.999996 -0.00195645 0.00401183 0.00194761 0.99999 -0.0196219 0.189218 0.520934
FixedParameters: 0 0 0

#Transform 66
Transform: AffineTransform_float_3_3
Parameters: 0.999987 -0.00248968 -0.00439211 0.00248032 0.999995 -0.00203335 0.00439675 0.00202265 0.999988 -0.0203565 0.197587 0.484904
FixedParameters: 0 0 0

#Transform 67
Transform: AffineTransform_float_3_3
Parameters: 0.999987 -0.00291771 -0.00422528 0.00290781 0.999993 -0.0021301 0.00423129 0.00211776 0.999989 -0.0319299 0.196054 0.531627
FixedParameters: 0 0 0

#Transform 68
Transform: AffineTransform_float_3_3
Parameters: 0.999988 -0.00320637 -0.00386233 0.00319961 0.999993 -0.00181358 0.00386791 0.00180142 0.999991 -0.0109137 0.214454 0.496364
FixedParameters: 0 0 0

#Transform 69
Transform: AffineTransform_float_3_3
Parameters: 0.999989 -0.00304942 -0.00360977 0.0030405 0.999993 -0.00242665 0.00361683 0.00241558 0.999991 -0.010558 0.181658 0.483661
FixedParameters: 0 0 0

#Transform 70
Transform: AffineTransform_float_3_3
Parameters: 0.999989 -0.00271487 -0.00378721 0.00270639 0.999994 -0.00213228 0.00379373 0.00212153 0.999991 0.0312589 0.202372 0.515042
FixedParameters: 0 0 0

#Transform 71
Transform: AffineTransform_float_3_3
Parameters: 0.999988 -0.00317903 -0.00385013 0.00316927 0.999992 -0.0023853 0.00385748 0.00237399 0.99999 0.0316576 0.190513 0.555427
FixedParameters: 0 0 0

#Transform 72
Transform: AffineTransform_float_3_3
Parameters: 0.999995 -0.00218415 -0.00230834 0.00216799 0.999974 -0.00688189 0.00232285 0.00687659 0.999974 -0.00536033 0.196061 0.554681
FixedParameters: 0 0 0

#Transform 73
Transform: AffineTransform_float_3_3
Parameters: 0.999992 -0.00164917 -0.00347463 0.00162722 0.999979 -0.00623418 0.00348424 0.00622891 0.999975 -0.0485371 0.215453 0.614532
FixedParameters: 0 0 0

#Transform 74
Transform: AffineTransform_float_3_3
Parameters: 0.999992 -0.00128752 -0.00379397 0.0012644 0.999982 -0.00591597 0.00380119 0.00591096 0.999975 -0.0463706 0.251674 0.582934
FixedParameters: 0 0 0

#Transform 75
Transform: AffineTransform_float_3_3
Parameters: 0.999991 -0.00148969 -0.00403174 0.00147341 0.999992 -0.00391744 0.00403815 0.00391197 0.999984 -0.0134865 0.214454 0.55009
FixedParameters: 0 0 0

#Transform 76
Transform: AffineTransform_float_3_3
Parameters: 0.999989 -0.00172937 -0.00447969 0.00171128 0.999991 -0.00391819 0.00448699 0.0039103 0.999982 0.0077352 0.201498 0.514474
FixedParameters: 0 0 0

#Transform 77
Transform: AffineTransform_float_3_3
Parameters: 0.999987 -0.00143844 -0.00493584 0.00141872 0.999991 -0.00389927 0.00494213 0.00389232 0.99998 -0.00195504 0.220306 0.54249
FixedParameters: 0 0 0

#Transform 78
Transform: AffineTransform_float_3_3
Parameters: 0.999982 -0.00146333 -0.00579315 0.00144187 0.999992 -0.0036519 0.00579886 0.00364322 0.999977 0.00158868 0.213442 0.553259
FixedParameters: 0 0 0

#Transform 79
Transform: AffineTransform_float_3_3
Parameters: 0.999981 -0.00126249 -0.00609033 0.00124258 0.999994 -0.00326594 0.00609397 0.0032583 0.999976 0.00584097 0.224696 0.552948
FixedParameters: 0 0 0

#Transform 80
Transform: AffineTransform_float_3_3
Parameters: 0.999982 -0.000967399 -0.00595997 0.000947988 0.999994 -0.00325684 0.00596304 0.00325164 0.999977 -0.0236795 0.237458 0.592922
FixedParameters: 0 0 0

#Transform 81
Transform: AffineTransform_float_3_3
Parameters: 0.999982 -0.00140847 -0.00585318 0.00138685 0.999992 -0.00370388 0.00585816 0.00369565 0.999976 0.0283034 0.223189 0.530037
FixedParameters: 0 0 0

#Transform 82
Transform: AffineTransform_float_3_3
Parameters: 0.999986 -0.00140887 -0.00515272 0.00138208 0.999986 -0.0051669 0.00515984 0.00515973 0.999973 0.000751625 0.201797 0.53552
FixedParameters: 0 0 0

#Transform 83
Transform: AffineTransform_float_3_3
Parameters: 0.999993 -0.00112472 -0.00361348 0.00110308 0.999982 -0.0058227 0.00362041 0.00581876 0.999977 -0.066395 0.239265 0.764671
FixedParameters: 0 0 0

#Transform 84
Transform: AffineTransform_float_3_3
Parameters: 0.999999 -0.000884586 -0.00123505 0.000878456 0.999986 -0.00514987 0.00123945 0.00514895 0.999985 -0.0530109 0.223213 0.810992
FixedParameters: 0 0 0

#Transform 85
Transform: AffineTransform_float_3_3
Parameters: 0.999994 -0.00181516 -0.00268001 0.0018029 0.999987 -0.00465697 0.00268877 0.00465169 0.999986 -0.0462982 0.282186 0.862058
FixedParameters: 0 0 0

#Transform 86
Transform: AffineTransform_float_3_3
Parameters: 0.999995 -0.00216069 -0.0022596 0.002145 0.999973 -0.00692685 0.00227399 0.00692187 0.999973 -0.0632383 0.224478 0.95036
FixedParameters: 0 0 0

#Transform 87
Transform: AffineTransform_float_3_3
Parameters: 0.999996 -0.000827079 -0.00295405 0.00082964 1 0.000821339 0.00295277 -0.000823973 0.999996 0.117545 0.205601 0.8934
FixedParameters: 0 0 0

#Transform 88
Transform: AffineTransform_float_3_3
Parameters: 0.99999 -0.000856824 -0.00437999 0.00085243 0.999999 -0.00104174 0.0043804 0.00103876 0.99999 -0.0141056 0.120764 0.732435
FixedParameters: 0 0 0

#Transform 89
Transform: AffineTransform_float_3_3
Parameters: 0.999998 -0.00117416 -0.00195675 0.00117081 0.999998 -0.00155078 0.00195903 0.00154917 0.999997 0.00865683 0.220371 0.735658
FixedParameters: 0 0 0

#Transform 90
Transform: AffineTransform_float_3_3
Parameters: 0.999996 -0.00171681 -0.00213679 0.00170843 0.999992 -0.00355386 0.00214246 0.00355086 0.999991 -0.102902 0.280913 0.805287
FixedParameters: 0 0 0

#Transform 91
Transform: AffineTransform_float_3_3
Parameters: 0.999994 -0.00194327 -0.00307715 0.00194179 0.999998 -0.000391766 0.00307818 0.000386142 0.999995 -0.0160035 0.242611 0.539788
FixedParameters: 0 0 0

#Transform 92
Transform: AffineTransform_float_3_3
Parameters: 0.999998 -0.000779416 -0.00177153 0.000774934 0.999995 -0.00292933 0.00177441 0.00292806 0.999994 -0.0168869 0.139946 0.415929
FixedParameters: 0 0 0

#Transform 93
Transform: AffineTransform_float_3_3
Parameters: 1 -0.000521982 -0.00107576 0.000518864 0.999995 -0.00316872 0.00107751 0.00316834 0.999995 -0.00623835 0.178113 0.339393
FixedParameters: 0 0 0

#Transform 94
Transform: AffineTransform_float_3_3
Parameters: 0.999995 -0.0012188 -0.0026839 0.00121564 0.999999 -0.0012548 0.00268515 0.00125149 0.999995 -0.0977526 0.186811 0.507247
FixedParameters: 0 0 0

#Transform 95
Transform: AffineTransform_float_3_3
Parameters: 0.999995 -0.000235157 -0.00320725 0.000230239 0.999999 -0.00159063 0.00320753 0.0015906 0.999994 -0.126293 0.207409 0.392118
FixedParameters: 0 0 0

#Transform 96
Transform: AffineTransform_float_3_3
Parameters: 0.999991 -0.000382142 -0.00426214 0.000377445 0.999999 -0.00115225 0.00426248 0.00115044 0.99999 -0.144021 0.194073 0.360622
FixedParameters: 0 0 0

#Transform 97
Transform: AffineTransform_float_3_3
Parameters: 0.999988 -0.000761631 -0.00496848 0.000756391 1 -0.0010406 0.00496954 0.00103724 0.999987 -0.14775 0.205123 0.432656
FixedParameters: 0 0 0

#Transform 98
Transform: AffineTransform_float_3_3
Parameters: 0.999986 -0.000947457 -0.00532749 0.000941713 0.999999 -0.00117856 0.00532829 0.00117317 0.999985 -0.156134 0.241895 0.427334
FixedParameters: 0 0 0

#Transform 99
Transform: AffineTransform_float_3_3
Parameters: 0.999986 -0.000963534 -0.00531789 0.000960058 1 -0.000591548 0.00531851 0.00058584 0.999985 -0.184778 0.223131 0.496612
FixedParameters: 0 0 0

#Transform 100
Transform: AffineTransform_float_3_3
Parameters: 0.999989 -0.000586044 -0.00464758 0.000581072 0.999999 -0.00117831 0.00464796 0.00117539 0.999988 -0.175427 0.258299 0.471574
FixedParameters: 0 0 0

#Transform 101
Transform: AffineTransform_float_3_3
Parameters: 0.999986 -0.000888657 -0.00535814 0.000883467 0.999999 -0.000872584 0.00535966 0.000867824 0.999986 -0.16007 0.249218 0.514015
FixedParameters: 0 0 0

#Transform 102
Transform: AffineTransform_float_3_3
Parameters: 0.999986 -0.00105407 -0.00530476 0.00104781 0.999999 -0.00115438 0.00530619 0.00114905 0.999985 -0.130004 0.241027 0.504408
FixedParameters: 0 0 0

#Transform 103
Transform: AffineTransform_float_3_3
Parameters: 0.999984 -0.00122206 -0.00564668 0.00121323 0.999998 -0.00166757 0.00564884 0.00166061 0.999983 -0.128847 0.228299 0.505997
FixedParameters: 0 0 0

#Transform 104
Transform: AffineTransform_float_3_3
Parameters: 0.999986 -0.000942856 -0.00534652 0.000935011 0.999999 -0.00158557 0.00534807 0.00158069 0.999985 -0.118032 0.246644 0.489935
FixedParameters: 0 0 0

#Transform 105
Transform: AffineTransform_float_3_3
Parameters: 0.999981 -0.00109837 -0.00597078 0.00108828 0.999998 -0.00167669 0.00597257 0.00167014 0.99998 -0.105516 0.22184 0.552735
FixedParameters: 0 0 0

#Transform 106
Transform: AffineTransform_float_3_3
Parameters: 0.999982 -0.000463373 -0.00598432 0.000456535 0.999999 -0.0010907 0.00598525 0.00108845 0.999982 -0.108643 0.227914 0.533265
FixedParameters: 0 0 0

#Transform 107
Transform: AffineTransform_float_3_3
Parameters: 0.999983 -0.000671968 -0.00582629 0.00065954 0.999998 -0.00222562 0.00582783 0.00222202 0.999981 -0.0996159 0.222601 0.496621
FixedParameters: 0 0 0

#Transform 108
Transform: AffineTransform_float_3_3
Parameters: 0.999982 -0.000733245 -0.00599755 0.00072282 0.999998 -0.00173015 0.00599912 0.00172594 0.999981 -0.0819279 0.22195 0.505441
FixedParameters: 0 0 0

#Transform 109
Transform: AffineTransform_float_3_3
Parameters: 0.999978 -0.00110811 -0.00651251 0.00109838 0.999998 -0.00157055 0.0065136 0.00156402 0.999977 -0.071451 0.230903 0.507332
FixedParameters: 0 0 0

#Transform 110
Transform: AffineTransform_float_3_3
Parameters: 0.99998 -0.000970028 -0.00616121 0.000963401 1 -0.00108602 0.00616192 0.00108014 0.99998 -0.0855587 0.247331 0.534341
FixedParameters: 0 0 0

#Transform 111
Transform: AffineTransform_float_3_3
Parameters: 0.999985 -0.000437816 -0.00545998 0.000432342 1 -0.00107949 0.00546079 0.00107719 0.999984 -0.0634634 0.230162 0.507012
FixedParameters: 0 0 0

#Transform 112
Transform: AffineTransform_float_3_3
Parameters: 0.999977 -0.000810082 -0.00683816 0.000801506 0.999999 -0.0013685 0.00683935 0.00136306 0.999976 -0.0076424 0.201167 0.346294
FixedParameters: 0 0 0

#Transform 113
Transform: AffineTransform_float_3_3
Parameters: 0.999973 -0.000373018 -0.00727053 0.000364802 0.999999 -0.00122091 0.00727177 0.00121888 0.999973 0.007973 0.203843 0.416066
FixedParameters: 0 0 0

#Transform 114
Transform: AffineTransform_float_3_3
Parameters: 0.999971 -0.00108162 -0.00751576 0.00107536 0.999999 -0.000878786 0.00751713 0.000870443 0.999971 -0.0332794 0.2178 0.437767
FixedParameters: 0 0 0

#Transform 115
Transform: AffineTransform_float_3_3
Parameters: 0.99997 -0.00208927 -0.00747471 0.00208041 0.999997 -0.00116569 0.00747732 0.00115014 0.999972 -0.00838428 0.243144 0.436796
FixedParameters: 0 0 0

#Transform 116
Transform: AffineTransform_float_3_3
Parameters: 0.999973 -0.00140831 -0.00725285 0.00139838 0.999998 -0.00139289 0.00725577 0.00138337 0.999972 -0.00860016 0.2274 0.444246
FixedParameters: 0 0 0

#Transform 117
Transform: AffineTransform_float_3_3
Parameters: 0.999971 -0.00180163 -0.0074321 0.00179528 0.999998 -0.000821408 0.00743414 0.000808707 0.999972 0.0014355 0.236032 0.506104
FixedParameters: 0 0 0

#Transform 118
Transform: AffineTransform_float_3_3
Parameters: 0.999969 -0.00165485 -0.00772846 0.00164957 0.999999 -0.00077022 0.00772962 0.000757012 0.99997 0.0085422 0.244259 0.4458
FixedParameters: 0 0 0

#Transform 119
Transform: AffineTransform_float_3_3
Parameters: 0.999968 -0.001962 -0.00768336 0.00195146 0.999997 -0.00144435 0.00768625 0.00142925 0.99997 0.0118091 0.239046 0.419929
FixedParameters: 0 0 0
