# transform file /out/sourcedata/freesurfer/sub-v1s18x0051204_ses-1/mri/transforms/cc_up.lta
# created by oesteban on Thu Mar 12 13:26:00 2026

type      = 0 # LINEAR_VOX_TO_VOX
nxforms   = 1
mean      = 129.0000 128.0000 124.0000
sigma     = 10000.0000
1 4 4
9.997107386589050e-01 -1.463564205914736e-02 1.908522099256516e-02 -1.477918326854706e-01 
1.463297568261623e-02 9.998929500579834e-01 2.793543681036681e-04 1.711260032653809e+01 
-1.908726617693901e-02 0.000000000000000e+00 9.998178482055664e-01 2.045712280273438e+01 
0.000000000000000e+00 0.000000000000000e+00 0.000000000000000e+00 1.000000000000000e+00 
src volume info
valid = 1  # volume info valid
filename = /out/sourcedata/freesurfer/sub-v1s18x0051204_ses-1/mri/norm.mgz
volume = 256 256 256
voxelsize = 1.000000000000000e+00 1.000000000000000e+00 1.000000000000000e+00
xras   = -9.999999403953552e-01 0.000000000000000e+00 0.000000000000000e+00
yras   = 0.000000000000000e+00 0.000000000000000e+00 -9.999999403953552e-01
zras   = 0.000000000000000e+00 1.000000000000000e+00 0.000000000000000e+00
cras   = 4.922019958496094e+00 -3.242614746093750e+00 3.970558166503906e+00
dst volume info
valid = 1  # volume info valid
filename = /out/sourcedata/freesurfer/sub-v1s18x0051204_ses-1/mri/norm.mgz
volume = 256 256 256
voxelsize = 1.000000000000000e+00 1.000000000000000e+00 1.000000000000000e+00
xras   = -9.999999403953552e-01 0.000000000000000e+00 0.000000000000000e+00
yras   = 0.000000000000000e+00 0.000000000000000e+00 -9.999999403953552e-01
zras   = 0.000000000000000e+00 1.000000000000000e+00 0.000000000000000e+00
cras   = 4.922019958496094e+00 -3.242614746093750e+00 3.970558166503906e+00
