#Insight Transform File V1.0
#Transform 0
Transform: AffineTransform_float_3_3
Parameters: 1 0 0 0 1 0.000448 0 -0.000448 1 0 -0.00820764 0.00209218
FixedParameters: 0 0 0

#Transform 1
Transform: AffineTransform_float_3_3
Parameters: 1 0 0 0 1 0.000391 0 -0.000391 1 0 -0.00711401 0.00186577
FixedParameters: 0 0 0

#Transform 2
Transform: AffineTransform_float_3_3
Parameters: 0.999999 -0.000666937 -0.000470696 0.000667259 0.999999 -0.000644314 0.000471183 0.000643685 0.999999 0.0217632 0.0269908 0.0498142
FixedParameters: 0 0 0

#Transform 3
Transform: AffineTransform_float_3_3
Parameters: 1 1.39346e-05 -0.000301755 -1.39346e-05 1 4.20482e-09 0.000301755 4.20482e-09 1 -0.00658535 0.0239617 0.0450581
FixedParameters: 0 0 0

#Transform 4
Transform: AffineTransform_float_3_3
Parameters: 1 0.000472784 -1.34401e-05 -0.000472778 1 0.000220006 1.36481e-05 -0.000219994 1 -0.0132209 -0.011939 0.112518
FixedParameters: 0 0 0

#Transform 5
Transform: AffineTransform_float_3_3
Parameters: 1 0.000300082 5.55303e-05 -0.000300082 1 -1.66637e-08 -5.55303e-05 -1.66637e-08 1 -0.00969583 0.0161753 0.110609
FixedParameters: 0 0 0

#Transform 6
Transform: AffineTransform_float_3_3
Parameters: 1 0.000300067 5.56152e-05 -0.000300098 1 0.000282983 -5.54453e-05 -0.000283017 1 -0.00245314 -0.00158587 0.128915
FixedParameters: 0 0 0

#Transform 7
Transform: AffineTransform_float_3_3
Parameters: 1 0.000300071 5.55936e-05 -0.000300094 1 0.000210983 -5.5467e-05 -0.000211017 1 -0.00244257 0.0375357 0.10791
FixedParameters: 0 0 0

#Transform 8
Transform: AffineTransform_float_3_3
Parameters: 1 -0.000117195 -0.000425896 0.000116946 0.999999 0.00079695 0.00042608 -0.000797049 0.999999 0.00830354 -0.0154499 0.148533
FixedParameters: 0 0 0

#Transform 9
Transform: AffineTransform_float_3_3
Parameters: 1 -0.000222283 -0.000254746 0.000222631 0.999999 0.000682943 0.000254442 -0.000683056 0.999999 0.0153261 -0.0133506 0.177777
FixedParameters: 0 0 0

#Transform 10
Transform: AffineTransform_float_3_3
Parameters: 1 -0.000418632 -0.000129047 0.000418847 0.999999 0.000834807 0.000128348 -0.000834191 0.999999 0.0163749 -0.00822926 0.171623
FixedParameters: 0 0 0

#Transform 11
Transform: AffineTransform_float_3_3
Parameters: 1 -0.000309337 0.000144886 0.000309036 1 0.00103605 -0.000145526 -0.00103596 1 0.00955128 -0.0186075 0.194888
FixedParameters: 0 0 0

#Transform 12
Transform: AffineTransform_float_3_3
Parameters: 1 -0.000535968 0.000235295 0.000535506 1 0.000979781 -0.000236345 -0.000980218 0.999999 0.0153416 -0.023032 0.191178
FixedParameters: 0 0 0

#Transform 13
Transform: AffineTransform_float_3_3
Parameters: 0.999999 -0.000688314 0.000269015 0.000688073 0.999999 0.00113819 -0.000269653 -0.00113782 1 0.0223168 -0.0224422 0.224308
FixedParameters: 0 0 0

#Transform 14
Transform: AffineTransform_float_3_3
Parameters: 1 -0.000361198 1.47244e-05 0.000361157 0.999999 0.00136701 -1.57119e-05 -0.00136699 0.999999 0.0185254 -0.0374261 0.255961
FixedParameters: 0 0 0

#Transform 15
Transform: AffineTransform_float_3_3
Parameters: 0.999999 -0.000679936 -0.000323319 0.000680267 0.999999 0.00137478 0.000322748 -0.00137522 0.999999 0.0262278 -0.00126145 0.223755
FixedParameters: 0 0 0

#Transform 16
Transform: AffineTransform_float_3_3
Parameters: 0.999999 -0.000667468 -0.000248505 0.00066804 1 0.0011547 0.000246963 -0.0011543 0.999999 0.0315707 0.00673321 0.223502
FixedParameters: 0 0 0

#Transform 17
Transform: AffineTransform_float_3_3
Parameters: 1 -0.000556396 0.000189452 0.0005563 0.999999 0.00123311 -0.000189896 -0.00123289 0.999999 0.01631 0.00847599 0.223367
FixedParameters: 0 0 0

#Transform 18
Transform: AffineTransform_float_3_3
Parameters: 1 -0.000627892 0.000218053 0.00062779 0.999999 0.00108414 -0.000218486 -0.00108386 1 0.0160807 -0.00440128 0.205788
FixedParameters: 0 0 0

#Transform 19
Transform: AffineTransform_float_3_3
Parameters: 0.999999 -0.000814518 0.000292721 0.000814416 1 0.000807894 -0.000293108 -0.000808106 0.999999 0.0247917 -0.00801821 0.183678
FixedParameters: 0 0 0

#Transform 20
Transform: AffineTransform_float_3_3
Parameters: 0.999999 -0.000734752 0.000260537 0.000734482 0.999999 0.00123019 -0.000261416 -0.00122981 0.999999 0.0158774 -0.00982287 0.191384
FixedParameters: 0 0 0

#Transform 21
Transform: AffineTransform_float_3_3
Parameters: 0.999999 -0.000734746 0.000260555 0.000734488 0.999999 0.00120619 -0.000261398 -0.00120581 0.999999 0.0227497 -0.0218031 0.185889
FixedParameters: 0 0 0

#Transform 22
Transform: AffineTransform_float_3_3
Parameters: 0.999999 -0.000734643 0.000260848 0.000734592 1 0.000807847 -0.000261106 -0.000808153 0.999999 0.0158645 -0.00938548 0.177631
FixedParameters: 0 0 0

#Transform 23
Transform: AffineTransform_float_3_3
Parameters: 0.999999 -0.000734656 0.000260809 0.000734579 1 0.000859847 -0.000261144 -0.000860153 0.999999 0.0158721 -0.00262214 0.210429
FixedParameters: 0 0 0

#Transform 24
Transform: AffineTransform_float_3_3
Parameters: 1 -0.000175006 0.000495888 0.00017431 0.999998 0.00163709 -0.000496831 -0.00163691 0.999998 0.0236619 -0.0185705 0.206373
FixedParameters: 0 0 0

#Transform 25
Transform: AffineTransform_float_3_3
Parameters: 0.999999 -0.000618661 0.00120523 0.000612002 0.999984 0.00560588 -0.00120841 -0.00560512 0.999983 0.00863657 -0.0766448 0.371583
FixedParameters: 0 0 0

#Transform 26
Transform: AffineTransform_float_3_3
Parameters: 0.999998 -0.000926375 0.00133137 0.000922103 0.999995 0.00285716 -0.00133368 -0.00285684 0.999995 0.000941794 -0.0309279 0.313593
FixedParameters: 0 0 0

#Transform 27
Transform: AffineTransform_float_3_3
Parameters: 0.999999 -0.000824528 0.00158723 0.000820252 0.999996 0.00257444 -0.00158979 -0.00257255 0.999995 -0.0118434 -0.0213886 0.327906
FixedParameters: 0 0 0

#Transform 28
Transform: AffineTransform_float_3_3
Parameters: 0.999998 -0.000948866 0.00127467 0.000944919 0.999995 0.002857 -0.00127711 -0.002856 0.999995 -0.00319409 -0.0511478 0.360024
FixedParameters: 0 0 0

#Transform 29
Transform: AffineTransform_float_3_3
Parameters: 0.999998 -0.000949669 0.00127407 0.000945415 0.999993 0.00348714 -0.00127715 -0.00348686 0.999993 0.0045071 -0.0598979 0.379525
FixedParameters: 0 0 0

#Transform 30
Transform: AffineTransform_float_3_3
Parameters: 0.999998 -0.00094915 0.00127446 0.000944635 0.999995 0.00307914 -0.00127732 -0.00307886 0.999995 -0.0133433 -0.0630856 0.365942
FixedParameters: 0 0 0

#Transform 31
Transform: AffineTransform_float_3_3
Parameters: 0.999998 -0.00129386 0.00162139 0.00128795 0.999993 0.00336502 -0.00162562 -0.00336297 0.999993 -0.00816298 -0.0664636 0.369628
FixedParameters: 0 0 0

#Transform 32
Transform: AffineTransform_float_3_3
Parameters: 0.999997 -0.00124734 0.00173662 0.00124236 0.999996 0.00266009 -0.00174064 -0.0026579 0.999995 -0.0122365 -0.0349617 0.372952
FixedParameters: 0 0 0

#Transform 33
Transform: AffineTransform_float_3_3
Parameters: 0.999997 -0.00123183 0.00177635 0.00122631 0.999995 0.00285812 -0.00177984 -0.00285588 0.999995 -0.00740335 -0.0386394 0.337461
FixedParameters: 0 0 0

#Transform 34
Transform: AffineTransform_float_3_3
Parameters: 0.999998 -0.0011748 0.00191824 0.00117006 0.999996 0.00234853 -0.00192114 -0.00234547 0.999995 -0.0260758 -0.0203161 0.351602
FixedParameters: 0 0 0

#Transform 35
Transform: AffineTransform_float_3_3
Parameters: 0.999998 -0.00107437 0.00158647 0.00107067 0.999996 0.00250898 -0.00158925 -0.00250702 0.999996 -0.0203286 -0.0196811 0.375359
FixedParameters: 0 0 0

#Transform 36
Transform: AffineTransform_float_3_3
Parameters: 0.999998 -0.000763247 0.00151199 0.0007599 0.999996 0.00282529 -0.00151406 -0.00282371 0.999995 -0.019341 -0.0185903 0.377642
FixedParameters: 0 0 0

#Transform 37
Transform: AffineTransform_float_3_3
Parameters: 0.999999 -0.000794766 0.00164164 0.000789483 0.999995 0.00290858 -0.00164365 -0.00290742 0.999995 -0.0202467 -0.0408382 0.386461
FixedParameters: 0 0 0

#Transform 38
Transform: AffineTransform_float_3_3
Parameters: 0.999999 -0.000786545 0.00160746 0.000781732 0.999996 0.00270819 -0.00161004 -0.00270781 0.999995 -0.0214412 -0.0405989 0.394725
FixedParameters: 0 0 0

#Transform 39
Transform: AffineTransform_float_3_3
Parameters: 0.999998 -0.000951867 0.00167625 0.000947879 0.999996 0.00273852 -0.00167922 -0.00273747 0.999995 -0.0247691 -0.0350133 0.396954
FixedParameters: 0 0 0

#Transform 40
Transform: AffineTransform_float_3_3
Parameters: 0.999998 -0.000616022 0.00147853 0.000612053 0.999996 0.00266005 -0.00148012 -0.00265895 0.999995 -0.0152952 -0.024059 0.411276
FixedParameters: 0 0 0

#Transform 41
Transform: AffineTransform_float_3_3
Parameters: 0.999999 -0.000785461 0.0015247 0.000780212 0.999995 0.00312033 -0.00152698 -0.00311867 0.999994 -0.0292763 -0.0548059 0.432295
FixedParameters: 0 0 0

#Transform 42
Transform: AffineTransform_float_3_3
Parameters: 0.999999 -0.00054298 0.0014601 0.000537097 0.999993 0.00379293 -0.00146197 -0.00379207 0.999992 -0.0208327 -0.0737028 0.448415
FixedParameters: 0 0 0

#Transform 43
Transform: AffineTransform_float_3_3
Parameters: 0.999999 -0.000761933 0.00158567 0.00075602 0.999993 0.00361934 -0.00158801 -0.00361766 0.999992 -0.0228991 -0.0520817 0.442453
FixedParameters: 0 0 0

#Transform 44
Transform: AffineTransform_float_3_3
Parameters: 0.999998 -0.000608741 0.00196925 0.000602834 0.999996 0.00281947 -0.00197043 -0.00281853 0.999994 -0.0386609 -0.0235168 0.423558
FixedParameters: 0 0 0

#Transform 45
Transform: AffineTransform_float_3_3
Parameters: 0.999999 -0.000660153 0.00163355 0.000655211 0.999996 0.00281935 -0.00163466 -0.00281865 0.999995 -0.0322063 -0.00862035 0.426158
FixedParameters: 0 0 0

#Transform 46
Transform: AffineTransform_float_3_3
Parameters: 0.999998 -0.000643438 0.00188106 0.000638321 0.999996 0.00264283 -0.00188314 -0.00264117 0.999995 -0.0369156 -0.0130947 0.420308
FixedParameters: 0 0 0

#Transform 47
Transform: AffineTransform_float_3_3
Parameters: 0.999999 -0.000740753 0.00163648 0.000735793 0.999996 0.00281949 -0.00163804 -0.00281852 0.999995 -0.0319086 -0.0168543 0.428461
FixedParameters: 0 0 0

#Transform 48
Transform: AffineTransform_float_3_3
Parameters: 0.999999 -0.000750341 0.00161231 0.000745517 0.999996 0.00281948 -0.00161393 -0.00281852 0.999995 -0.0314408 -0.0134683 0.428148
FixedParameters: 0 0 0

#Transform 49
Transform: AffineTransform_float_3_3
Parameters: 0.999999 -0.000737803 0.00164391 0.000733729 0.999996 0.00281949 -0.00164583 -0.00281852 0.999995 -0.0320696 -0.0227045 0.424448
FixedParameters: 0 0 0

#Transform 50
Transform: AffineTransform_float_3_3
Parameters: 0.999999 -0.000740583 0.00163655 0.000735963 0.999995 0.00271548 -0.00163796 -0.00271451 0.999995 -0.0319091 -0.0232206 0.413735
FixedParameters: 0 0 0

#Transform 51
Transform: AffineTransform_float_3_3
Parameters: 0.999999 -0.000714759 0.00170162 0.000710724 0.999996 0.00271249 -0.00170326 -0.00271151 0.999995 -0.0332435 -0.024858 0.407616
FixedParameters: 0 0 0

#Transform 52
Transform: AffineTransform_float_3_3
Parameters: 0.999998 -0.000745964 0.00189609 0.00074155 0.999996 0.00253469 -0.00189763 -0.00253331 0.999995 -0.0367139 -0.0138913 0.411553
FixedParameters: 0 0 0

#Transform 53
Transform: AffineTransform_float_3_3
Parameters: 0.999998 -0.000597678 0.00199713 0.000592168 0.999996 0.00281946 -0.00199956 -0.00281853 0.999994 -0.0570792 -0.0434595 0.441984
FixedParameters: 0 0 0

#Transform 54
Transform: AffineTransform_float_3_3
Parameters: 0.999998 -0.000304561 0.00191735 0.000299229 0.999996 0.0028912 -0.00191817 -0.0028908 0.999995 -0.0569914 -0.0452592 0.422933
FixedParameters: 0 0 0

#Transform 55
Transform: AffineTransform_float_3_3
Parameters: 0.999998 -0.000504702 0.00185704 0.000499257 0.999996 0.00276555 -0.00185851 -0.00276445 0.999994 -0.0492162 -0.0425783 0.422224
FixedParameters: 0 0 0

#Transform 56
Transform: AffineTransform_float_3_3
Parameters: 0.999998 -0.000460881 0.00191686 0.000455621 0.999995 0.0029705 -0.00191773 -0.0029695 0.999994 -0.048146 -0.0471922 0.438683
FixedParameters: 0 0 0

#Transform 57
Transform: AffineTransform_float_3_3
Parameters: 0.999998 -0.000633078 0.0019079 0.000627143 0.999996 0.00281948 -0.00191015 -0.00281852 0.999994 -0.0374267 -0.0340072 0.436637
FixedParameters: 0 0 0

#Transform 58
Transform: AffineTransform_float_3_3
Parameters: 0.999998 -0.000633738 0.00190768 0.000627784 0.999995 0.00316548 -0.00190981 -0.00316452 0.999993 -0.0374159 -0.041301 0.440962
FixedParameters: 0 0 0

#Transform 59
Transform: AffineTransform_float_3_3
Parameters: 0.999999 -0.000419015 0.00182315 0.000414103 0.999996 0.00267124 -0.00182407 -0.00266976 0.999995 -0.0499878 -0.0410738 0.421786
FixedParameters: 0 0 0

#Transform 60
Transform: AffineTransform_float_3_3
Parameters: 0.999999 -0.000347713 0.00179469 0.000342046 0.999995 0.00281924 -0.00179627 -0.00281876 0.999994 -0.0507061 -0.0391636 0.430725
FixedParameters: 0 0 0

#Transform 61
Transform: AffineTransform_float_3_3
Parameters: 0.999998 -0.000632768 0.001908 0.000627452 0.999996 0.00265782 -0.00191005 -0.00265618 0.999995 -0.0374266 -0.0215626 0.442868
FixedParameters: 0 0 0

#Transform 62
Transform: AffineTransform_float_3_3
Parameters: 0.999998 -0.000504804 0.00185701 0.000499158 0.999996 0.00281921 -0.00185854 -0.00281879 0.999994 -0.0370658 -0.0409883 0.442738
FixedParameters: 0 0 0

#Transform 63
Transform: AffineTransform_float_3_3
Parameters: 0.999999 -0.000412781 0.00182051 0.000408269 0.999996 0.00281902 -0.00182189 -0.00281898 0.999994 -0.0450345 -0.0389693 0.418113
FixedParameters: 0 0 0

#Transform 64
Transform: AffineTransform_float_3_3
Parameters: 0.999998 -0.000231374 0.0018927 0.000226085 0.999995 0.00281905 -0.00189399 -0.00281894 0.999994 -0.048632 -0.0301088 0.444972
FixedParameters: 0 0 0

#Transform 65
Transform: AffineTransform_float_3_3
Parameters: 0.999998 -0.000441974 0.00163844 0.000437187 0.999996 0.002819 -0.00164055 -0.002819 0.999995 -0.0334172 -0.0393569 0.456384
FixedParameters: 0 0 0

#Transform 66
Transform: AffineTransform_float_3_3
Parameters: 0.999999 -0.000329103 0.00173149 0.000322218 0.999992 0.00375718 -0.00173208 -0.00375681 0.999991 -0.0506762 -0.0715224 0.491841
FixedParameters: 0 0 0

#Transform 67
Transform: AffineTransform_float_3_3
Parameters: 0.999999 -9.07773e-05 0.00152464 8.53369e-05 0.999994 0.00324561 -0.00152484 -0.00324538 0.999993 -0.050901 -0.00326728 0.501141
FixedParameters: 0 0 0

#Transform 68
Transform: AffineTransform_float_3_3
Parameters: 0.999999 -0.000201518 0.00183018 0.000195216 0.999996 0.00293885 -0.00183098 -0.00293816 0.999994 -0.0580355 -0.044793 0.471557
FixedParameters: 0 0 0

#Transform 69
Transform: AffineTransform_float_3_3
Parameters: 0.999998 -0.000595931 0.00200175 0.000590576 0.999996 0.00286746 -0.0020033 -0.00286654 0.999993 -0.0429447 -0.0244806 0.45044
FixedParameters: 0 0 0

#Transform 70
Transform: AffineTransform_float_3_3
Parameters: 0.999998 -0.000446551 0.00195057 0.000441913 0.999997 0.00242614 -0.00195142 -0.00242586 0.999995 -0.0490421 -0.0120706 0.471912
FixedParameters: 0 0 0

#Transform 71
Transform: AffineTransform_float_3_3
Parameters: 0.999998 -0.000217245 0.00188044 0.00021162 0.999995 0.00302602 -0.00188081 -0.00302598 0.999994 -0.0535741 -0.0391216 0.515511
FixedParameters: 0 0 0

#Transform 72
Transform: AffineTransform_float_3_3
Parameters: 0.999998 -0.000187973 0.00191169 0.000181095 0.999995 0.00320684 -0.00191288 -0.00320617 0.999993 -0.0500871 -0.0444749 0.505196
FixedParameters: 0 0 0

#Transform 73
Transform: AffineTransform_float_3_3
Parameters: 0.999999 -5.60865e-05 0.0018423 5.09628e-05 0.999995 0.00310358 -0.00184301 -0.00310342 0.999993 -0.0539604 -0.0415284 0.49048
FixedParameters: 0 0 0

#Transform 74
Transform: AffineTransform_float_3_3
Parameters: 0.999998 -9.81586e-05 0.00166224 9.28191e-05 0.999996 0.0029463 -0.00166244 -0.0029467 0.999994 -0.053726 -0.0221594 0.488113
FixedParameters: 0 0 0

#Transform 75
Transform: AffineTransform_float_3_3
Parameters: 0.999999 -7.86911e-05 0.00176628 7.34822e-05 0.999995 0.00310462 -0.00176583 -0.00310438 0.999993 -0.0583947 -0.0352388 0.493969
FixedParameters: 0 0 0

#Transform 76
Transform: AffineTransform_float_3_3
Parameters: 0.999998 0.000104637 0.00199076 -0.000110112 0.999996 0.00272741 -0.00199018 -0.00272859 0.999994 -0.0510212 -0.0449398 0.454571
FixedParameters: 0 0 0

#Transform 77
Transform: AffineTransform_float_3_3
Parameters: 0.999997 -0.00055539 0.00209901 0.000551272 0.999999 0.00182144 -0.00210028 -0.00182056 0.999996 -0.0944762 0.0700155 0.15683
FixedParameters: 0 0 0

#Transform 78
Transform: AffineTransform_float_3_3
Parameters: 0.999997 -0.000502732 0.00247712 0.000496431 0.999997 0.002696 -0.00247832 -0.00269501 0.999993 -0.126759 -0.0110145 0.343439
FixedParameters: 0 0 0

#Transform 79
Transform: AffineTransform_float_3_3
Parameters: 0.999996 -0.000191565 0.00299096 0.000181458 0.999995 0.00318001 -0.0029914 -0.00317899 0.999991 -0.13569 -0.0120069 0.359126
FixedParameters: 0 0 0

#Transform 80
Transform: AffineTransform_float_3_3
Parameters: 0.999997 -0.000194688 0.00266705 0.000185375 0.999994 0.00341695 -0.0026676 -0.00341604 0.999991 -0.134146 -0.0114528 0.330736
FixedParameters: 0 0 0

#Transform 81
Transform: AffineTransform_float_3_3
Parameters: 0.999996 -5.83602e-05 0.00283949 4.92969e-05 0.999996 0.0029366 -0.00283962 -0.0029364 0.999992 -0.137982 -0.0158627 0.322784
FixedParameters: 0 0 0

#Transform 82
Transform: AffineTransform_float_3_3
Parameters: 0.999996 -0.000122092 0.00283669 0.000113506 0.999995 0.00301878 -0.00283759 -0.00301822 0.999991 -0.132997 -0.024095 0.348674
FixedParameters: 0 0 0

#Transform 83
Transform: AffineTransform_float_3_3
Parameters: 0.999996 -0.000500679 0.0028165 0.000491815 0.999994 0.00322164 -0.00281803 -0.00322036 0.999991 -0.135263 -0.0346132 0.371056
FixedParameters: 0 0 0

#Transform 84
Transform: AffineTransform_float_3_3
Parameters: 0.999997 -0.000503354 0.00266675 0.000494705 0.999995 0.00336209 -0.00266844 -0.00336091 0.99999 -0.132401 -0.0417267 0.425857
FixedParameters: 0 0 0

#Transform 85
Transform: AffineTransform_float_3_3
Parameters: 0.999997 -0.000350981 0.00241602 0.000343636 0.999994 0.00336394 -0.00241761 -0.00336306 0.999992 -0.101477 -0.123472 0.74903
FixedParameters: 0 0 0

#Transform 86
Transform: AffineTransform_float_3_3
Parameters: 0.999997 -0.00051571 0.00237423 0.000506289 0.999993 0.00374297 -0.00237601 -0.00374203 0.99999 -0.0699421 -0.110353 0.795737
FixedParameters: 0 0 0

#Transform 87
Transform: AffineTransform_float_3_3
Parameters: 0.999997 -0.000686979 0.00205581 0.000678723 0.999992 0.00381303 -0.0020586 -0.00381097 0.999991 -0.0632726 -0.107691 0.811773
FixedParameters: 0 0 0

#Transform 88
Transform: AffineTransform_float_3_3
Parameters: 0.999998 -0.000582046 0.00201421 0.00057382 0.999992 0.00388478 -0.00201628 -0.00388321 0.99999 -0.0629783 -0.113401 0.840975
FixedParameters: 0 0 0

#Transform 89
Transform: AffineTransform_float_3_3
Parameters: 0.999998 -0.000744831 0.00174641 0.000738032 0.999992 0.00380457 -0.00174927 -0.00380343 0.999991 -0.0452721 -0.121418 0.848581
FixedParameters: 0 0 0

#Transform 90
Transform: AffineTransform_float_3_3
Parameters: 0.999999 -0.000605624 0.00134358 0.000599979 0.999991 0.00417108 -0.00134545 -0.00417091 0.99999 -0.0425778 -0.0971458 0.801071
FixedParameters: 0 0 0

#Transform 91
Transform: AffineTransform_float_3_3
Parameters: 0.999999 -0.000634528 0.00107421 0.000629926 0.999986 0.00533282 -0.00107724 -0.00533219 0.999986 -0.0910712 -0.053619 0.576608
FixedParameters: 0 0 0

#Transform 92
Transform: AffineTransform_float_3_3
Parameters: 0.999999 -0.000953371 0.000947212 0.000949681 0.999993 0.00370456 -0.00095129 -0.00370344 0.999993 -0.0853444 -0.0245638 0.495088
FixedParameters: 0 0 0

#Transform 93
Transform: AffineTransform_float_3_3
Parameters: 0.999998 -0.000909771 0.00169961 0.000903259 0.999992 0.00393347 -0.00170303 -0.00393253 0.99999 -0.115722 -0.00178782 0.543593
FixedParameters: 0 0 0

#Transform 94
Transform: AffineTransform_float_3_3
Parameters: 0.999997 -0.00108857 0.0022664 0.00108065 0.999993 0.00375253 -0.00227064 -0.00375047 0.99999 -0.115047 -0.00920316 0.510534
FixedParameters: 0 0 0

#Transform 95
Transform: AffineTransform_float_3_3
Parameters: 0.999997 -0.00106682 0.00215636 0.00105839 0.999991 0.00393471 -0.00215952 -0.00393229 0.99999 -0.106777 -0.0269823 0.494436
FixedParameters: 0 0 0

#Transform 96
Transform: AffineTransform_float_3_3
Parameters: 0.999997 -0.00100992 0.00229969 0.00100146 0.999992 0.00381487 -0.00230346 -0.00381314 0.999991 -0.116726 -0.0299645 0.519901
FixedParameters: 0 0 0

#Transform 97
Transform: AffineTransform_float_3_3
Parameters: 0.999998 -0.000925511 0.00209967 0.000916509 0.99999 0.00439635 -0.00210294 -0.00439465 0.999988 -0.106274 -0.0486478 0.543613
FixedParameters: 0 0 0

#Transform 98
Transform: AffineTransform_float_3_3
Parameters: 0.999996 -0.00110134 0.00235325 0.00109053 0.999988 0.004778 -0.00235871 -0.004775 0.999986 -0.110137 -0.0597379 0.56126
FixedParameters: 0 0 0

#Transform 99
Transform: AffineTransform_float_3_3
Parameters: 0.999996 -0.00179732 0.00244675 0.00178876 0.999992 0.00337939 -0.00245236 -0.00337561 0.999992 -0.0871482 -0.0461798 0.546299
FixedParameters: 0 0 0

#Transform 100
Transform: AffineTransform_float_3_3
Parameters: 0.999995 -0.00130837 0.00281923 0.00129689 0.999991 0.00410937 -0.00282492 -0.00410564 0.999988 -0.113274 -0.0841658 0.6167
FixedParameters: 0 0 0

#Transform 101
Transform: AffineTransform_float_3_3
Parameters: 0.999995 -0.00122424 0.00290511 0.00120518 0.999978 0.00647022 -0.0029121 -0.00646677 0.999974 -0.131683 -0.0949682 0.8003
FixedParameters: 0 0 0

#Transform 102
Transform: AffineTransform_float_3_3
Parameters: 0.999993 -0.00167492 0.00339761 0.00165625 0.999984 0.00547629 -0.00340711 -0.00547071 0.999979 -0.0992138 -0.166634 0.939834
FixedParameters: 0 0 0

#Transform 103
Transform: AffineTransform_float_3_3
Parameters: 0.999991 -0.00200665 0.00377582 0.00198246 0.999978 0.00627009 -0.00378856 -0.0062629 0.999973 -0.108208 -0.152249 0.985139
FixedParameters: 0 0 0

#Transform 104
Transform: AffineTransform_float_3_3
Parameters: 0.999992 -0.00166336 0.00343333 0.00164162 0.999978 0.00637679 -0.00344493 -0.00637121 0.999974 -0.104671 -0.121944 0.967003
FixedParameters: 0 0 0

#Transform 105
Transform: AffineTransform_float_3_3
Parameters: 0.999992 -0.00190684 0.00355817 0.00188821 0.999984 0.00532852 -0.0035678 -0.00532148 0.99998 -0.104245 -0.120629 0.962476
FixedParameters: 0 0 0

#Transform 106
Transform: AffineTransform_float_3_3
Parameters: 0.999993 -0.00212161 0.0032666 0.00210424 0.999984 0.00532519 -0.00327776 -0.00531781 0.999981 -0.0818162 -0.119442 0.989183
FixedParameters: 0 0 0

#Transform 107
Transform: AffineTransform_float_3_3
Parameters: 0.999992 -0.00203668 0.00361873 0.00201593 0.999982 0.0057099 -0.00363072 -0.00570311 0.999978 -0.0880707 -0.133031 1.03618
FixedParameters: 0 0 0

#Transform 108
Transform: AffineTransform_float_3_3
Parameters: 0.99999 -0.00191676 0.00388519 0.00189167 0.999978 0.0063773 -0.00389665 -0.00636969 0.999971 -0.104851 -0.182814 1.03983
FixedParameters: 0 0 0

#Transform 109
Transform: AffineTransform_float_3_3
Parameters: 0.999992 -0.0020422 0.00345092 0.00202024 0.999978 0.00640044 -0.00346428 -0.00639357 0.999974 -0.0820889 -0.154439 1.01838
FixedParameters: 0 0 0

#Transform 110
Transform: AffineTransform_float_3_3
Parameters: 0.999991 -0.00215291 0.00365537 0.0021333 0.999982 0.0055474 -0.00366706 -0.0055396 0.999978 -0.0892493 -0.138542 1.00409
FixedParameters: 0 0 0

#Transform 111
Transform: AffineTransform_float_3_3
Parameters: 0.999989 -0.00232924 0.00412017 0.00230183 0.999975 0.00665439 -0.00413611 -0.00664462 0.99997 -0.101626 -0.195822 1.10157
FixedParameters: 0 0 0

#Transform 112
Transform: AffineTransform_float_3_3
Parameters: 0.999989 -0.00242129 0.00397726 0.00239473 0.999973 0.00683008 -0.00399435 -0.00682092 0.999969 -0.0861592 -0.166575 1.11049
FixedParameters: 0 0 0

#Transform 113
Transform: AffineTransform_float_3_3
Parameters: 0.999988 -0.00198127 0.00438848 0.0019464 0.999968 0.0078558 -0.0044039 -0.00784719 0.999959 -0.0993033 -0.165469 1.12591
FixedParameters: 0 0 0

#Transform 114
Transform: AffineTransform_float_3_3
Parameters: 0.99999 -0.00195828 0.00416626 0.00192778 0.99997 0.00743963 -0.00418085 -0.00743138 0.999964 -0.106978 -0.200226 1.17876
FixedParameters: 0 0 0

#Transform 115
Transform: AffineTransform_float_3_3
Parameters: 0.99999 -0.00269452 0.00360376 0.00267095 0.999976 0.00642721 -0.00362151 -0.00641779 0.999972 -0.0816538 -0.110861 1.13113
FixedParameters: 0 0 0

#Transform 116
Transform: AffineTransform_float_3_3
Parameters: 0.999988 -0.00265319 0.00425338 0.00262448 0.999974 0.00672752 -0.00427121 -0.00671648 0.999968 -0.0914084 -0.160129 1.14661
FixedParameters: 0 0 0

#Transform 117
Transform: AffineTransform_float_3_3
Parameters: 0.999986 -0.0032764 0.00400163 0.00325229 0.999977 0.00604385 -0.00402062 -0.00603115 0.999973 -0.060738 -0.169288 1.13518
FixedParameters: 0 0 0

#Transform 118
Transform: AffineTransform_float_3_3
Parameters: 0.999989 -0.00275754 0.0039324 0.00273441 0.999979 0.00595661 -0.00394875 -0.00594639 0.999975 -0.0774089 -0.148312 1.16395
FixedParameters: 0 0 0

#Transform 119
Transform: AffineTransform_float_3_3
Parameters: 0.999987 -0.00261574 0.0042544 0.00259229 0.999981 0.00556772 -0.00426926 -0.00555628 0.999975 -0.0873492 -0.145346 1.12967
FixedParameters: 0 0 0
