# transform file /out/sourcedata/freesurfer/sub-v1s18x0051257_ses-1/mri/transforms/cc_up.lta
# created by oesteban on Mon Mar  9 07:43:25 2026

type      = 0 # LINEAR_VOX_TO_VOX
nxforms   = 1
mean      = 125.0000 134.0000 123.0000
sigma     = 10000.0000
1 4 4
9.988510608673096e-01 -4.585358500480652e-02 1.392883621156216e-02 5.110906600952148e+00 
4.584912583231926e-02 9.989481568336487e-01 6.393595831468701e-04 4.234917163848877e+00 
-1.394350267946720e-02 -5.820766091346741e-11 9.999027848243713e-01 8.779236793518066e+00 
0.000000000000000e+00 0.000000000000000e+00 0.000000000000000e+00 1.000000000000000e+00 
src volume info
valid = 1  # volume info valid
filename = /out/sourcedata/freesurfer/sub-v1s18x0051257_ses-1/mri/norm.mgz
volume = 256 256 256
voxelsize = 1.000000000000000e+00 1.000000000000000e+00 1.000000000000000e+00
xras   = -1.000000000000000e+00 0.000000000000000e+00 0.000000000000000e+00
yras   = 0.000000000000000e+00 0.000000000000000e+00 -1.000000000000000e+00
zras   = 0.000000000000000e+00 1.000000000000000e+00 0.000000000000000e+00
cras   = -5.477905273437500e-03 1.189057922363281e+01 7.658599853515625e+00
dst volume info
valid = 1  # volume info valid
filename = /out/sourcedata/freesurfer/sub-v1s18x0051257_ses-1/mri/norm.mgz
volume = 256 256 256
voxelsize = 1.000000000000000e+00 1.000000000000000e+00 1.000000000000000e+00
xras   = -1.000000000000000e+00 0.000000000000000e+00 0.000000000000000e+00
yras   = 0.000000000000000e+00 0.000000000000000e+00 -1.000000000000000e+00
zras   = 0.000000000000000e+00 1.000000000000000e+00 0.000000000000000e+00
cras   = -5.477905273437500e-03 1.189057922363281e+01 7.658599853515625e+00
