#Insight Transform File V1.0
#Transform 0
Transform: AffineTransform_float_3_3
Parameters: 1 -0.000146475 -0.000460905 0.000145862 0.999998 -0.00170257 0.000461108 0.00170308 0.999999 0.0102833 -0.0616573 -0.0274826
FixedParameters: 0 0 0

#Transform 1
Transform: AffineTransform_float_3_3
Parameters: 1 3.75397e-05 -0.000530064 -3.80058e-05 0.999998 -0.00167159 0.000530579 0.00167227 0.999999 0.00739511 -0.0554812 -0.0325328
FixedParameters: 0 0 0

#Transform 2
Transform: AffineTransform_float_3_3
Parameters: 1 0.000284653 -0.000622842 -0.00028517 0.999999 -0.00145586 0.000622626 0.00145619 0.999998 -0.00247919 -0.0476963 -0.0259652
FixedParameters: 0 0 0

#Transform 3
Transform: AffineTransform_float_3_3
Parameters: 0.999999 -0.000670123 -0.000264308 0.000670377 0.999999 -0.00133132 0.000265765 0.00133171 0.999999 0.00659941 -0.0395051 -0.0208336
FixedParameters: 0 0 0

#Transform 4
Transform: AffineTransform_float_3_3
Parameters: 1 -0.000469669 -0.000339383 0.000469384 0.999998 -0.00182608 0.000340802 0.00182575 0.999999 0.00664572 -0.0286806 -0.0412984
FixedParameters: 0 0 0

#Transform 5
Transform: AffineTransform_float_3_3
Parameters: 1 -0.000426888 -2.21307e-05 0.000426823 0.999998 -0.00185298 2.37677e-05 0.00185296 0.999999 0.0202862 -0.023433 -0.043158
FixedParameters: 0 0 0

#Transform 6
Transform: AffineTransform_float_3_3
Parameters: 1 -0.000525183 0.000121362 0.000525168 0.999999 -0.00134094 -0.000120862 0.00134108 0.999999 -0.000457714 -0.0312274 -0.0475022
FixedParameters: 0 0 0

#Transform 7
Transform: AffineTransform_float_3_3
Parameters: 1 -0.000320318 -0.000473687 0.00032012 0.999999 -0.000839889 0.000472966 0.000840241 1 0.00827274 -0.0336653 -0.020751
FixedParameters: 0 0 0

#Transform 8
Transform: AffineTransform_float_3_3
Parameters: 1 -0.000124322 -0.000469196 0.000123934 1 -0.000413395 0.000469299 0.000413279 1 -0.000463798 -0.0337017 -0.0158939
FixedParameters: 0 0 0

#Transform 9
Transform: AffineTransform_float_3_3
Parameters: 1 -0.000118009 -0.000471572 0.000117183 0.999999 -0.000887013 0.000471808 0.000887558 1 0.00723677 -0.0215623 -0.0379155
FixedParameters: 0 0 0

#Transform 10
Transform: AffineTransform_float_3_3
Parameters: 1 -5.16194e-05 -0.000312801 5.07954e-05 0.999999 -0.00133325 0.000312965 0.00133322 0.999999 0.00463706 -0.00451343 -0.0282692
FixedParameters: 0 0 0

#Transform 11
Transform: AffineTransform_float_3_3
Parameters: 1 -0.000119531 -0.00047101 0.000118802 0.999999 -0.000773354 0.000471195 0.000773242 0.999999 -0.00433522 -0.00556318 -0.00285268
FixedParameters: 0 0 0

#Transform 12
Transform: AffineTransform_float_3_3
Parameters: 1 -0.00012178 -0.000470158 0.000121212 1 -0.000604373 0.000470305 0.000604259 0.999999 0.0017897 -0.0238743 -0.0170278
FixedParameters: 0 0 0

#Transform 13
Transform: AffineTransform_float_3_3
Parameters: 1 -0.000119624 -0.000470975 0.000118902 0.999999 -0.000766355 0.000471158 0.000766242 0.999999 0.00778136 -0.00791843 -0.00216255
FixedParameters: 0 0 0

#Transform 14
Transform: AffineTransform_float_3_3
Parameters: 1 4.44261e-05 -0.000532465 -4.4906e-05 0.999999 -0.000778703 0.000533332 0.000778741 0.999999 0.00793616 -0.00319627 -0.00986589
FixedParameters: 0 0 0

#Transform 15
Transform: AffineTransform_float_3_3
Parameters: 1 -0.000123124 -0.00046965 0.000122651 1 -0.000503385 0.000469773 0.00050327 1 0.00757506 -0.00733384 -0.018328
FixedParameters: 0 0 0

#Transform 16
Transform: AffineTransform_float_3_3
Parameters: 1 -8.14563e-05 -0.000365668 8.0958e-05 1 -0.000681338 0.000365778 0.000681278 0.999999 -0.00318922 -0.00924634 -0.00315481
FixedParameters: 0 0 0

#Transform 17
Transform: AffineTransform_float_3_3
Parameters: 0.999999 -0.000240342 -0.000778127 0.000239736 1 -0.000389526 0.000778314 0.000389153 0.999999 0.000663898 -0.0172989 0.00743361
FixedParameters: 0 0 0

#Transform 18
Transform: AffineTransform_float_3_3
Parameters: 1 -0.00015719 -8.30802e-05 0.000157042 0.999999 -0.000951524 8.34068e-05 0.000952154 1 0.00171522 0.000979343 -0.0175684
FixedParameters: 0 0 0

#Transform 19
Transform: AffineTransform_float_3_3
Parameters: 1 -0.000175027 -0.000606112 0.000174481 1 -0.000450439 0.000606269 0.000450227 0.999999 0.0102163 0.0123499 -0.000142308
FixedParameters: 0 0 0

#Transform 20
Transform: AffineTransform_float_3_3
Parameters: 1 -9.31177e-06 -0.000137437 9.36059e-06 1 0.000177597 0.000137434 -0.0001776 1 0.00236743 0.00593154 0.016651
FixedParameters: 0 0 0

#Transform 21
Transform: AffineTransform_float_3_3
Parameters: 1 -0.000228256 -0.000322412 0.000227845 1 -0.000637623 0.000322703 0.000637476 0.999999 0.00608154 0.00196477 0.00571031
FixedParameters: 0 0 0

#Transform 22
Transform: AffineTransform_float_3_3
Parameters: 1 -0.000316676 -2.25263e-05 0.000316678 1 4.775e-05 2.2496e-05 -4.77643e-05 1 0.00226764 0.0020431 0.0402601
FixedParameters: 0 0 0

#Transform 23
Transform: AffineTransform_float_3_3
Parameters: 1 6.39172e-05 4.97642e-05 -6.39143e-05 1 -2.9382e-05 -4.9768e-05 2.93756e-05 1 -0.000569936 0.00651026 0.0383794
FixedParameters: 0 0 0

#Transform 24
Transform: AffineTransform_float_3_3
Parameters: 1 7.57811e-05 8.05586e-05 -7.57729e-05 1 -5.13825e-05 -8.05663e-05 5.13703e-05 1 -0.00112951 0.0150124 0.0352822
FixedParameters: 0 0 0

#Transform 25
Transform: AffineTransform_float_3_3
Parameters: 1 0.000175623 0.000304747 -0.000174975 1 -0.00104632 -0.000305086 0.00104622 1 -0.0241003 0.0346242 0.0019092
FixedParameters: 0 0 0

#Transform 26
Transform: AffineTransform_float_3_3
Parameters: 1 0.000169267 0.00030714 -0.000168901 1 -0.000595369 -0.000307341 0.000595265 1 -0.0206178 0.00976389 0.0611842
FixedParameters: 0 0 0

#Transform 27
Transform: AffineTransform_float_3_3
Parameters: 1 0.000131943 0.000198305 -0.000131621 0.999999 -0.00081132 -0.000198519 0.000811267 0.999999 -0.0182149 0.0283015 0.0421957
FixedParameters: 0 0 0

#Transform 28
Transform: AffineTransform_float_3_3
Parameters: 1 -0.000100315 0.000408147 9.99261e-05 1 -0.000671508 -0.000407662 0.000671601 0.999999 -0.0196636 0.0386795 0.0457341
FixedParameters: 0 0 0

#Transform 29
Transform: AffineTransform_float_3_3
Parameters: 1 -0.000198563 0.000364917 0.000197872 0.999999 -0.000816618 -0.000365179 0.000816783 0.999999 -0.0280091 0.0429454 0.0429579
FixedParameters: 0 0 0

#Transform 30
Transform: AffineTransform_float_3_3
Parameters: 1 -0.000148909 0.000426255 0.000149207 1 -0.000349225 -0.000426151 0.000349352 1 -0.024311 0.0490153 0.064106
FixedParameters: 0 0 0

#Transform 31
Transform: AffineTransform_float_3_3
Parameters: 1 0.00031089 0.00025404 -0.000311402 1 -0.000809305 -0.000254199 0.000809913 0.999999 -0.026553 0.0467594 0.0579378
FixedParameters: 0 0 0

#Transform 32
Transform: AffineTransform_float_3_3
Parameters: 1 0.000542558 0.000167701 -0.000542638 1 0.000238549 -0.000167442 -0.000238731 1 -0.0270332 0.0100055 0.0937213
FixedParameters: 0 0 0

#Transform 33
Transform: AffineTransform_float_3_3
Parameters: 1 0.0003156 0.000177915 -0.000314942 0.999999 0.000782451 -0.000177771 -0.000782574 0.999999 -0.0312903 0.00476757 0.104105
FixedParameters: 0 0 0

#Transform 34
Transform: AffineTransform_float_3_3
Parameters: 1 0.000257871 0.000274118 -0.00025813 1 0.000498004 -0.000273866 -0.000497391 0.999999 -0.0139368 0.0594543 0.0927332
FixedParameters: 0 0 0

#Transform 35
Transform: AffineTransform_float_3_3
Parameters: 1 0.000378565 0.00022896 -0.000378645 1 0.00017497 -0.000228828 -0.000175144 1 -0.0163434 0.0607927 0.0927555
FixedParameters: 0 0 0

#Transform 36
Transform: AffineTransform_float_3_3
Parameters: 1 0.000426862 0.000211893 -0.000427425 0.999996 0.00281701 -0.000210662 -0.00281719 0.999996 -0.0180907 0.183562 -0.184071
FixedParameters: 0 0 0

#Transform 37
Transform: AffineTransform_float_3_3
Parameters: 1 0.000162455 -0.000121455 -0.000162284 0.999999 0.00070396 0.000121684 -0.00070392 0.999999 -0.039367 -0.125343 0.227599
FixedParameters: 0 0 0

#Transform 38
Transform: AffineTransform_float_3_3
Parameters: 0.999999 0.0016345 -0.000629183 -0.00163402 0.999999 0.000671217 0.000630384 -0.000670461 0.999999 -0.0670887 0.0955448 0.0818271
FixedParameters: 0 0 0

#Transform 39
Transform: AffineTransform_float_3_3
Parameters: 0.999999 0.00170552 -0.000453535 -0.00170558 0.999999 0.000326877 0.000453652 -0.000325877 1 -0.0708097 0.0744257 0.0490007
FixedParameters: 0 0 0

#Transform 40
Transform: AffineTransform_float_3_3
Parameters: 0.999999 0.00173212 -0.000363368 -0.00173228 0.999998 0.000768813 0.000364104 -0.000768845 1 -0.0720876 0.0728804 0.0693851
FixedParameters: 0 0 0

#Transform 41
Transform: AffineTransform_float_3_3
Parameters: 0.999998 0.00174053 -0.000283972 -0.00173944 0.999996 0.00208853 0.000288109 -0.00208883 0.999998 -0.0735805 0.0340891 0.0770784
FixedParameters: 0 0 0

#Transform 42
Transform: AffineTransform_float_3_3
Parameters: 0.999999 0.00172145 -0.000436043 -0.00172133 0.999999 -0.000263093 0.000436011 0.000264027 1 -0.0712122 0.0717938 0.0509245
FixedParameters: 0 0 0

#Transform 43
Transform: AffineTransform_float_3_3
Parameters: 0.999998 0.00160376 -0.000475074 -0.0016037 0.999998 0.000446037 0.00047554 -0.000445159 1 -0.0695239 0.0815411 0.0935433
FixedParameters: 0 0 0

#Transform 44
Transform: AffineTransform_float_3_3
Parameters: 0.999998 0.00162187 -0.000366428 -0.00162184 0.999998 0.000516445 0.000367132 -0.000515147 0.999999 -0.0713846 0.0287455 0.111087
FixedParameters: 0 0 0

#Transform 45
Transform: AffineTransform_float_3_3
Parameters: 0.999999 0.00133252 -0.000260528 -0.0013326 0.999999 0.000521665 0.000260949 -0.000520862 0.999999 -0.0578699 0.0768141 0.116811
FixedParameters: 0 0 0

#Transform 46
Transform: AffineTransform_float_3_3
Parameters: 0.999999 0.00123595 -0.00033881 -0.00123679 0.999999 -0.000350162 0.000339203 0.000350345 1 -0.0594792 0.0984601 0.0639479
FixedParameters: 0 0 0

#Transform 47
Transform: AffineTransform_float_3_3
Parameters: 0.999999 0.00122498 -0.000333601 -0.00122468 0.999999 0.000465732 0.000334715 -0.00046557 1 -0.069758 0.0787256 0.1086
FixedParameters: 0 0 0

#Transform 48
Transform: AffineTransform_float_3_3
Parameters: 0.999999 0.00169799 -0.0002521 -0.00169693 0.999998 0.000959449 0.00025401 -0.000959149 0.999999 -0.0732199 0.0802164 0.107117
FixedParameters: 0 0 0

#Transform 49
Transform: AffineTransform_float_3_3
Parameters: 0.999998 0.00185033 -0.000276934 -0.00185052 0.999998 0.000932777 0.000278452 -0.000932287 0.999999 -0.0641428 0.0847389 0.118617
FixedParameters: 0 0 0

#Transform 50
Transform: AffineTransform_float_3_3
Parameters: 0.999998 0.00191229 -0.000149629 -0.00191144 0.999998 0.000894728 0.000151703 -0.00089471 0.999999 -0.068643 0.0874633 0.123993
FixedParameters: 0 0 0

#Transform 51
Transform: AffineTransform_float_3_3
Parameters: 0.999999 0.00183614 -0.000260004 -0.00183604 0.999998 0.000880448 0.00026224 -0.000880037 0.999999 -0.0733078 0.0903456 0.131072
FixedParameters: 0 0 0

#Transform 52
Transform: AffineTransform_float_3_3
Parameters: 0.999999 0.00180272 -0.000355336 -0.00180187 0.999998 0.000880632 0.000356226 -0.000879899 0.999999 -0.0739822 0.0981023 0.128934
FixedParameters: 0 0 0

#Transform 53
Transform: AffineTransform_float_3_3
Parameters: 0.999998 0.0020025 -0.000163017 -0.00200292 0.999997 0.000882097 0.000164617 -0.000881979 0.999999 -0.0863107 0.0979041 0.12364
FixedParameters: 0 0 0

#Transform 54
Transform: AffineTransform_float_3_3
Parameters: 0.999999 0.00181012 -0.000324675 -0.00181012 0.999997 0.00159762 0.000327616 -0.00159697 0.999998 -0.0876624 0.0865469 0.11397
FixedParameters: 0 0 0

#Transform 55
Transform: AffineTransform_float_3_3
Parameters: 0.999998 0.00196362 -0.000398446 -0.0019633 0.999997 0.0012924 0.00040162 -0.00129212 0.999999 -0.0841179 0.0913285 0.12828
FixedParameters: 0 0 0

#Transform 56
Transform: AffineTransform_float_3_3
Parameters: 0.999998 0.00190062 -0.000125194 -0.00189984 0.999998 0.000794381 0.000126867 -0.000794461 0.999999 -0.0836506 0.0826688 0.133113
FixedParameters: 0 0 0

#Transform 57
Transform: AffineTransform_float_3_3
Parameters: 0.999999 0.00176794 -0.000209114 -0.00176831 0.999998 0.000793133 0.000209986 -0.000792931 0.999999 -0.0793527 0.108778 0.134233
FixedParameters: 0 0 0

#Transform 58
Transform: AffineTransform_float_3_3
Parameters: 0.999998 0.0020371 -0.000175893 -0.00203749 0.999997 0.000888001 0.000177604 -0.000887163 1 -0.0754636 0.119044 0.13009
FixedParameters: 0 0 0

#Transform 59
Transform: AffineTransform_float_3_3
Parameters: 0.999998 0.00193533 -0.000281165 -0.00193466 0.999998 0.000792973 0.00028195 -0.000792432 0.999999 -0.0835329 0.115663 0.131711
FixedParameters: 0 0 0

#Transform 60
Transform: AffineTransform_float_3_3
Parameters: 0.999998 0.00190188 -0.000106802 -0.00190211 0.999998 0.000614261 0.000108142 -0.0006144 1 -0.0929459 0.103414 0.13054
FixedParameters: 0 0 0

#Transform 61
Transform: AffineTransform_float_3_3
Parameters: 0.999998 0.00194492 -0.000235516 -0.00194394 0.999998 0.000856787 0.000237501 -0.000856426 0.999999 -0.0902846 0.119147 0.134244
FixedParameters: 0 0 0

#Transform 62
Transform: AffineTransform_float_3_3
Parameters: 0.999998 0.00203165 -0.000293763 -0.00203163 0.999997 0.00121348 0.000296787 -0.00121282 0.999999 -0.0906361 0.102696 0.144436
FixedParameters: 0 0 0

#Transform 63
Transform: AffineTransform_float_3_3
Parameters: 0.999998 0.00202085 -0.000271325 -0.00202023 0.999997 0.00134217 0.000273556 -0.00134161 0.999999 -0.0910986 0.101575 0.145161
FixedParameters: 0 0 0

#Transform 64
Transform: AffineTransform_float_3_3
Parameters: 0.999997 0.0021258 -7.01961e-05 -0.0021257 0.999997 0.00139707 7.29379e-05 -0.00139655 0.999999 -0.0927091 0.102108 0.118818
FixedParameters: 0 0 0

#Transform 65
Transform: AffineTransform_float_3_3
Parameters: 0.999998 0.00225145 -0.000295073 -0.00225071 0.999997 0.00144928 0.000298378 -0.00144914 0.999999 -0.0917757 0.113797 0.111721
FixedParameters: 0 0 0

#Transform 66
Transform: AffineTransform_float_3_3
Parameters: 0.999997 0.00217874 -0.000375121 -0.00217848 0.999997 0.00126515 0.000378726 -0.00126405 0.999999 -0.0988486 0.11541 0.142589
FixedParameters: 0 0 0

#Transform 67
Transform: AffineTransform_float_3_3
Parameters: 0.999997 0.00218895 -0.000268779 -0.00218926 0.999996 0.00136654 0.000271919 -0.00136588 0.999999 -0.0932543 0.0996694 0.142514
FixedParameters: 0 0 0

#Transform 68
Transform: AffineTransform_float_3_3
Parameters: 0.999998 0.00204972 -0.000153938 -0.00205015 0.999997 0.000878019 0.000155631 -0.000877266 1 -0.0917632 0.117889 0.13634
FixedParameters: 0 0 0

#Transform 69
Transform: AffineTransform_float_3_3
Parameters: 0.999998 0.00223009 -0.000428885 -0.0022293 0.999997 0.00107392 0.000430426 -0.0010732 0.999999 -0.0906984 0.113681 0.151416
FixedParameters: 0 0 0

#Transform 70
Transform: AffineTransform_float_3_3
Parameters: 0.999997 0.00247169 -0.000200063 -0.00247141 0.999996 0.000979806 0.000201679 -0.000978598 1 -0.095641 0.118272 0.135877
FixedParameters: 0 0 0

#Transform 71
Transform: AffineTransform_float_3_3
Parameters: 0.999997 0.00242101 -0.000181498 -0.00242141 0.999997 0.000847072 0.000183666 -0.000846726 1 -0.09554 0.13671 0.133627
FixedParameters: 0 0 0

#Transform 72
Transform: AffineTransform_float_3_3
Parameters: 0.999998 0.00223516 -0.000512946 -0.00223418 0.999997 0.00106794 0.000514496 -0.00106618 1 -0.0891948 0.134209 0.159572
FixedParameters: 0 0 0

#Transform 73
Transform: AffineTransform_float_3_3
Parameters: 0.999997 0.00233232 -0.000450092 -0.00233119 0.999997 0.000995844 0.000452449 -0.000994289 1 -0.0903169 0.135228 0.178885
FixedParameters: 0 0 0

#Transform 74
Transform: AffineTransform_float_3_3
Parameters: 0.999997 0.00241433 -0.000179341 -0.00241384 0.999997 0.000718482 0.000180493 -0.000718064 0.999999 -0.0952566 0.132029 0.168031
FixedParameters: 0 0 0

#Transform 75
Transform: AffineTransform_float_3_3
Parameters: 0.999997 0.00207585 -0.000481903 -0.00207567 0.999997 0.00127447 0.00048435 -0.00127299 0.999999 -0.0888059 0.149848 0.168326
FixedParameters: 0 0 0

#Transform 76
Transform: AffineTransform_float_3_3
Parameters: 0.999998 0.00188426 -0.000182874 -0.00188348 0.999997 0.00146364 0.000186133 -0.0014635 0.999999 -0.105468 0.146406 0.155488
FixedParameters: 0 0 0

#Transform 77
Transform: AffineTransform_float_3_3
Parameters: 0.999997 0.00212346 -0.000427475 -0.00212223 0.999997 0.00156545 0.000430929 -0.00156482 0.999998 -0.0898918 0.1138 0.182577
FixedParameters: 0 0 0

#Transform 78
Transform: AffineTransform_float_3_3
Parameters: 0.999998 0.00221134 -0.000336518 -0.00221136 0.999997 0.00152404 0.000340388 -0.00152373 0.999999 -0.102858 0.123919 0.193931
FixedParameters: 0 0 0

#Transform 79
Transform: AffineTransform_float_3_3
Parameters: 0.999998 0.00229457 -0.000314806 -0.00229397 0.999996 0.00169306 0.000318419 -0.0016928 0.999998 -0.109997 0.13614 0.209732
FixedParameters: 0 0 0

#Transform 80
Transform: AffineTransform_float_3_3
Parameters: 0.999997 0.0024442 -0.000123333 -0.00244428 0.999996 0.00153271 0.000126672 -0.00153328 0.999999 -0.115498 0.145605 0.192047
FixedParameters: 0 0 0

#Transform 81
Transform: AffineTransform_float_3_3
Parameters: 0.999997 0.00247994 -0.000175728 -0.00247979 0.999995 0.00167883 0.000179919 -0.00167772 0.999999 -0.0951761 0.132446 0.183197
FixedParameters: 0 0 0

#Transform 82
Transform: AffineTransform_float_3_3
Parameters: 0.999997 0.00246245 -0.000304472 -0.00246181 0.999995 0.00177757 0.000309088 -0.00177583 0.999998 -0.0931593 0.120708 0.188269
FixedParameters: 0 0 0

#Transform 83
Transform: AffineTransform_float_3_3
Parameters: 0.999997 0.00250603 -0.000384652 -0.00250636 0.999996 0.00139656 0.000387845 -0.0013958 0.999999 -0.091844 0.155569 0.186256
FixedParameters: 0 0 0

#Transform 84
Transform: AffineTransform_float_3_3
Parameters: 0.999997 0.00265101 -0.000598697 -0.00265084 0.999996 0.00103023 0.000601258 -0.00102824 1 -0.0894154 0.154829 0.167753
FixedParameters: 0 0 0

#Transform 85
Transform: AffineTransform_float_3_3
Parameters: 0.999997 0.00240572 -0.000253336 -0.00240522 0.999996 0.00184207 0.000258064 -0.00184127 0.999998 -0.100665 0.149113 0.189194
FixedParameters: 0 0 0

#Transform 86
Transform: AffineTransform_float_3_3
Parameters: 0.999998 0.00226151 -2.89637e-05 -0.00226091 0.999996 0.0018637 3.29082e-05 -0.00186335 0.999998 -0.096253 0.139779 0.200107
FixedParameters: 0 0 0

#Transform 87
Transform: AffineTransform_float_3_3
Parameters: 0.999997 0.00243752 -9.52287e-05 -0.00243768 0.999996 0.00153728 9.85625e-05 -0.00153724 0.999998 -0.103653 0.149414 0.195366
FixedParameters: 0 0 0

#Transform 88
Transform: AffineTransform_float_3_3
Parameters: 0.999997 0.00241828 -0.000382998 -0.00241737 0.999995 0.00177866 0.000387468 -0.00177733 0.999999 -0.102746 0.155209 0.220127
FixedParameters: 0 0 0

#Transform 89
Transform: AffineTransform_float_3_3
Parameters: 0.999997 0.00238996 -0.000239753 -0.0023892 0.999996 0.00109109 0.000242683 -0.00109049 1 -0.0933414 0.157768 0.206016
FixedParameters: 0 0 0

#Transform 90
Transform: AffineTransform_float_3_3
Parameters: 0.999997 0.00243444 -9.42045e-05 -0.00243461 0.999996 0.00148822 9.72901e-05 -0.00148819 0.999999 -0.0958002 0.151763 0.207442
FixedParameters: 0 0 0

#Transform 91
Transform: AffineTransform_float_3_3
Parameters: 0.999997 0.0023761 -0.000246484 -0.00237583 0.999997 0.00145955 0.000249258 -0.00145881 0.999999 -0.0934563 0.157484 0.18401
FixedParameters: 0 0 0

#Transform 92
Transform: AffineTransform_float_3_3
Parameters: 0.999996 0.00256163 -0.000345121 -0.00256107 0.999995 0.0019651 0.000350122 -0.0019645 0.999998 -0.099388 0.15649 0.204016
FixedParameters: 0 0 0

#Transform 93
Transform: AffineTransform_float_3_3
Parameters: 0.999996 0.00257665 -0.000146348 -0.00257692 0.999995 0.00178264 0.000150465 -0.0017823 0.999999 -0.0956967 0.140993 0.211435
FixedParameters: 0 0 0

#Transform 94
Transform: AffineTransform_float_3_3
Parameters: 0.999997 0.00251466 -0.000123449 -0.00251374 0.999995 0.0017229 0.000127627 -0.00172206 0.999999 -0.0954893 0.15445 0.226502
FixedParameters: 0 0 0

#Transform 95
Transform: AffineTransform_float_3_3
Parameters: 0.999996 0.00256808 -0.000322469 -0.0025674 0.999995 0.00175899 0.000327373 -0.00175851 0.999999 -0.10266 0.147884 0.228737
FixedParameters: 0 0 0

#Transform 96
Transform: AffineTransform_float_3_3
Parameters: 0.999997 0.0026583 -0.000313044 -0.00265792 0.999995 0.00187309 0.000317902 -0.00187183 0.999998 -0.10465 0.164457 0.217608
FixedParameters: 0 0 0

#Transform 97
Transform: AffineTransform_float_3_3
Parameters: 0.999997 0.0024749 -0.000240376 -0.00247475 0.999995 0.00195096 0.000244961 -0.00195018 0.999998 -0.101385 0.159575 0.24064
FixedParameters: 0 0 0

#Transform 98
Transform: AffineTransform_float_3_3
Parameters: 0.999997 0.00262653 -0.000241549 -0.00262628 0.999995 0.00146303 0.000245044 -0.00146218 0.999999 -0.106327 0.180585 0.241396
FixedParameters: 0 0 0

#Transform 99
Transform: AffineTransform_float_3_3
Parameters: 0.999996 0.00271893 -0.000508834 -0.00271892 0.999994 0.00173727 0.00051351 -0.00173631 0.999998 -0.0962478 0.170921 0.229134
FixedParameters: 0 0 0

#Transform 100
Transform: AffineTransform_float_3_3
Parameters: 0.999996 0.0025991 -0.000202467 -0.00259913 0.999995 0.0018734 0.000207135 -0.00187275 0.999998 -0.106732 0.165259 0.238888
FixedParameters: 0 0 0

#Transform 101
Transform: AffineTransform_float_3_3
Parameters: 0.999996 0.00251316 -0.000439366 -0.0025123 0.999995 0.001874 0.00044371 -0.00187221 0.999998 -0.102816 0.173794 0.230381
FixedParameters: 0 0 0

#Transform 102
Transform: AffineTransform_float_3_3
Parameters: 0.999997 0.00238725 -0.000123533 -0.00238755 0.999996 0.00194185 0.000127735 -0.00194167 0.999998 -0.102695 0.153519 0.250404
FixedParameters: 0 0 0

#Transform 103
Transform: AffineTransform_float_3_3
Parameters: 0.999997 0.00245963 -0.000563514 -0.00245799 0.999995 0.00186642 0.000568568 -0.00186558 0.999999 -0.102905 0.174354 0.240676
FixedParameters: 0 0 0

#Transform 104
Transform: AffineTransform_float_3_3
Parameters: 0.999996 0.0027785 -0.000269257 -0.0027783 0.999994 0.00184743 0.000274423 -0.00184634 0.999998 -0.106029 0.169471 0.251702
FixedParameters: 0 0 0

#Transform 105
Transform: AffineTransform_float_3_3
Parameters: 0.999997 0.00269724 -0.000238527 -0.00269743 0.999994 0.0020322 0.000243462 -0.00203207 0.999998 -0.106805 0.164225 0.247554
FixedParameters: 0 0 0

#Transform 106
Transform: AffineTransform_float_3_3
Parameters: 0.999996 0.00272962 -0.000251447 -0.00272956 0.999995 0.00171859 0.00025573 -0.00171763 0.999999 -0.0938226 0.181794 0.249466
FixedParameters: 0 0 0

#Transform 107
Transform: AffineTransform_float_3_3
Parameters: 0.999997 0.00262401 -0.000210921 -0.00262331 0.999994 0.00217764 0.000215971 -0.00217835 0.999997 -0.0997355 0.165654 0.243735
FixedParameters: 0 0 0

#Transform 108
Transform: AffineTransform_float_3_3
Parameters: 0.999997 0.002638 -0.0001049 -0.0026383 0.999996 0.000298983 0.00010542 -0.000298877 1 -0.0966263 0.168062 0.199609
FixedParameters: 0 0 0

#Transform 109
Transform: AffineTransform_float_3_3
Parameters: 0.999997 0.00245569 -0.000583996 -0.00245505 0.999995 0.00203744 0.000589284 -0.00203572 0.999998 -0.0874338 0.175576 0.252491
FixedParameters: 0 0 0

#Transform 110
Transform: AffineTransform_float_3_3
Parameters: 0.999997 0.00254113 -0.000615797 -0.00253946 0.999994 0.00202602 0.000621001 -0.00202481 0.999998 -0.0872436 0.1768 0.255389
FixedParameters: 0 0 0

#Transform 111
Transform: AffineTransform_float_3_3
Parameters: 0.999996 0.00253024 -0.000669755 -0.00252929 0.999994 0.0022552 0.000675537 -0.00225295 0.999998 -0.095431 0.18599 0.263332
FixedParameters: 0 0 0

#Transform 112
Transform: AffineTransform_float_3_3
Parameters: 0.999996 0.00250947 -0.000604053 -0.00250784 0.999995 0.00201135 0.000609076 -0.00200948 0.999998 -0.0872314 0.199976 0.253037
FixedParameters: 0 0 0

#Transform 113
Transform: AffineTransform_float_3_3
Parameters: 0.999997 0.00245987 -0.000584487 -0.00245818 0.999994 0.00242966 0.000590466 -0.00242869 0.999997 -0.0928909 0.178054 0.27026
FixedParameters: 0 0 0

#Transform 114
Transform: AffineTransform_float_3_3
Parameters: 0.999996 0.0024845 -0.000714395 -0.0024823 0.999994 0.00234399 0.000720065 -0.00234235 0.999997 -0.0923773 0.168421 0.288185
FixedParameters: 0 0 0

#Transform 115
Transform: AffineTransform_float_3_3
Parameters: 0.999996 0.00250752 -0.000602924 -0.002507 0.999995 0.00215902 0.000608097 -0.00215779 0.999997 -0.086797 0.191431 0.287001
FixedParameters: 0 0 0

#Transform 116
Transform: AffineTransform_float_3_3
Parameters: 0.999997 0.00237491 -0.0007421 -0.00237308 0.999992 0.00309072 0.000749336 -0.00308907 0.999995 -0.086499 0.174363 0.323303
FixedParameters: 0 0 0

#Transform 117
Transform: AffineTransform_float_3_3
Parameters: 0.999997 0.00256965 -0.000810862 -0.00256697 0.999993 0.0027897 0.000817347 -0.00278808 0.999996 -0.0838916 0.177509 0.288336
FixedParameters: 0 0 0

#Transform 118
Transform: AffineTransform_float_3_3
Parameters: 0.999997 0.00257354 -0.000627136 -0.00257278 0.999994 0.0022715 0.000633171 -0.00226941 0.999998 -0.0866769 0.194797 0.283526
FixedParameters: 0 0 0

#Transform 119
Transform: AffineTransform_float_3_3
Parameters: 0.999997 0.0025217 -0.000778919 -0.00251928 0.999994 0.00252372 0.000784706 -0.00252235 0.999997 -0.0855636 0.19824 0.286699
FixedParameters: 0 0 0
