#Insight Transform File V1.0
#Transform 0
Transform: AffineTransform_float_3_3
Parameters: 1 0.000280098 -0.00016293 -0.000280527 1 -0.00106792 0.000162191 0.00106801 1 0.00175092 -0.0150732 -0.0319267
FixedParameters: 0 0 0

#Transform 1
Transform: AffineTransform_float_3_3
Parameters: 1 -0.00018422 -0.00105892 0.000182532 1 -0.00120455 0.00105886 0.0012042 0.999998 -0.0032624 0.00638403 0.0126874
FixedParameters: 0 0 0

#Transform 2
Transform: AffineTransform_float_3_3
Parameters: 0.999999 -0.000123028 -0.000720993 0.000121887 0.999999 -0.00133334 0.000720679 0.0013332 0.999999 0.0132775 0.0201108 -0.0231423
FixedParameters: 0 0 0

#Transform 3
Transform: AffineTransform_float_3_3
Parameters: 1 -2.83973e-05 -0.000373399 2.75057e-05 1 -0.00108492 0.000373319 0.00108489 1 0.00492252 0.00268089 -0.0401352
FixedParameters: 0 0 0

#Transform 4
Transform: AffineTransform_float_3_3
Parameters: 1 -0.000272916 -0.000156032 0.000272455 0.999999 -0.00121425 0.000156553 0.00121416 0.999999 -0.0118329 -0.023474 -0.0475131
FixedParameters: 0 0 0

#Transform 5
Transform: AffineTransform_float_3_3
Parameters: 1 -0.00020072 -0.000197949 0.000200361 0.999999 -0.000906015 0.000198312 0.000905935 0.999999 0.00408318 -0.0144974 -0.0314039
FixedParameters: 0 0 0

#Transform 6
Transform: AffineTransform_float_3_3
Parameters: 1 4.33105e-05 0.000275491 -4.27108e-05 0.999999 -0.00123589 -0.000275738 0.00123586 0.999999 0.00262986 -0.00237959 -0.0513934
FixedParameters: 0 0 0

#Transform 7
Transform: AffineTransform_float_3_3
Parameters: 1 -0.000179739 0.000658406 0.000180358 0.999999 -0.000792674 -0.000659015 0.000792346 0.999999 -0.0182688 -0.00656483 -0.0657228
FixedParameters: 0 0 0

#Transform 8
Transform: AffineTransform_float_3_3
Parameters: 1 4.00055e-05 0.000441634 -4.00528e-05 1 -0.00101519 -0.000441355 0.00101511 1 -0.0122766 -0.0101798 -0.0736947
FixedParameters: 0 0 0

#Transform 9
Transform: AffineTransform_float_3_3
Parameters: 1 -3.38117e-05 -0.000295098 3.30167e-05 0.999999 -0.00132889 0.000295005 0.00132837 1 -0.0180299 0.0178829 -0.051544
FixedParameters: 0 0 0

#Transform 10
Transform: AffineTransform_float_3_3
Parameters: 1 0.000123538 -0.000386388 -0.00012424 0.999999 -0.000908502 0.000386163 0.000908597 0.999999 0.0189741 0.00730064 -0.0650481
FixedParameters: 0 0 0

#Transform 11
Transform: AffineTransform_float_3_3
Parameters: 1 0.000118368 -0.000383383 -0.000119064 0.999999 -0.000908015 0.000383167 0.000908106 0.999999 0.00400489 -0.00860371 -0.0220355
FixedParameters: 0 0 0

#Transform 12
Transform: AffineTransform_float_3_3
Parameters: 1 3.76337e-05 -0.00047046 -3.79706e-05 1 -0.000358073 0.000470433 0.000358109 1 0.00207299 -0.0194754 -0.0426951
FixedParameters: 0 0 0

#Transform 13
Transform: AffineTransform_float_3_3
Parameters: 1 5.46024e-05 -0.000346325 -5.43645e-05 0.999999 -0.00090195 0.000345726 0.000902028 0.999999 -0.0027484 0.00291839 -0.0349353
FixedParameters: 0 0 0

#Transform 14
Transform: AffineTransform_float_3_3
Parameters: 1 5.6698e-05 -0.000347434 -5.69626e-05 0.999999 -0.000482542 0.000347339 0.000482087 1 0.00590338 -0.0127377 -0.0502768
FixedParameters: 0 0 0

#Transform 15
Transform: AffineTransform_float_3_3
Parameters: 1 2.68396e-06 -0.000316087 -3.02908e-06 1 -0.00054594 0.000316084 0.000545942 1 -0.00120678 -0.0155371 -0.0535212
FixedParameters: 0 0 0

#Transform 16
Transform: AffineTransform_float_3_3
Parameters: 1 0.000293362 -0.000118286 -0.000293478 1 -0.000490113 0.000117998 0.000490182 1 -0.0138289 -0.00908269 -0.0552657
FixedParameters: 0 0 0

#Transform 17
Transform: AffineTransform_float_3_3
Parameters: 1 8.971e-05 4.73669e-05 -8.96747e-05 1 -0.000372629 -4.74338e-05 0.000372621 1 -0.0214333 -0.0123931 -0.0366902
FixedParameters: 0 0 0

#Transform 18
Transform: AffineTransform_float_3_3
Parameters: 1 -0.000134225 0.000186551 0.000134369 1 -0.000197283 -0.000186539 0.000196838 1 -0.00323568 0.0025163 -0.0440022
FixedParameters: 0 0 0

#Transform 19
Transform: AffineTransform_float_3_3
Parameters: 1 2.84926e-05 0.00019737 -2.83318e-05 1 -0.000407293 -0.000197393 0.000407282 1 -0.00426595 -0.00387043 -0.00222196
FixedParameters: 0 0 0

#Transform 20
Transform: AffineTransform_float_3_3
Parameters: 1 -0.000228158 -0.000223744 0.000227357 1 0.000136283 0.000224182 -0.000136426 1 -0.00454427 0.0149546 0.0201943
FixedParameters: 0 0 0

#Transform 21
Transform: AffineTransform_float_3_3
Parameters: 1 -0.000327895 -0.000165897 0.000327904 1 2.7372e-05 0.000165879 -2.74808e-05 1 -0.0039277 0.00996559 0.010151
FixedParameters: 0 0 0

#Transform 22
Transform: AffineTransform_float_3_3
Parameters: 1 -0.00020834 0.0002421 0.000209063 1 0.000286649 -0.00024272 -0.000286508 1 0.000631409 0.01074 -0.00409264
FixedParameters: 0 0 0

#Transform 23
Transform: AffineTransform_float_3_3
Parameters: 1 -0.000285214 0.000279657 0.000284978 1 0.000421019 -0.000279897 -0.000420859 1 -0.00192223 0.000747559 0.0012296
FixedParameters: 0 0 0

#Transform 24
Transform: AffineTransform_float_3_3
Parameters: 1 -0.000285237 0.000401408 0.00028557 0.999999 -0.000328194 -0.000401261 0.000327928 1 -0.00577298 0.0299869 -0.0146339
FixedParameters: 0 0 0

#Transform 25
Transform: AffineTransform_float_3_3
Parameters: 1 -0.000138139 0.000216518 0.000138141 1 -4.39303e-06 -0.000216517 4.45285e-06 1 -0.00960021 0.0655269 0.0302315
FixedParameters: 0 0 0

#Transform 26
Transform: AffineTransform_float_3_3
Parameters: 1 0.000130201 6.09082e-05 -0.000130211 1 8.35802e-05 -6.08864e-05 -8.3596e-05 1 -0.00197336 0.038535 0.0526504
FixedParameters: 0 0 0

#Transform 27
Transform: AffineTransform_float_3_3
Parameters: 1 3.61301e-05 3.5695e-05 -3.61496e-05 1 0.000273821 -3.56752e-05 -0.000273823 1 0.00244049 0.00631064 0.0371904
FixedParameters: 0 0 0

#Transform 28
Transform: AffineTransform_float_3_3
Parameters: 1 -2.33029e-06 0.0001377 2.13692e-06 1 0.000702123 -0.000137704 -0.000702123 0.999999 0.0239764 0.0148602 0.0210235
FixedParameters: 0 0 0

#Transform 29
Transform: AffineTransform_float_3_3
Parameters: 1 -6.50623e-05 0.000102369 6.4902e-05 0.999999 0.000782378 -0.000102471 -0.000782365 0.999999 0.0153958 0.0114429 0.0363743
FixedParameters: 0 0 0

#Transform 30
Transform: AffineTransform_float_3_3
Parameters: 1 0.00021392 1.24592e-05 -0.000214428 1 0.000494028 -1.31012e-05 -0.000494104 1 0.0297556 0.029721 0.0300574
FixedParameters: 0 0 0

#Transform 31
Transform: AffineTransform_float_3_3
Parameters: 1 -5.73719e-05 0.000169577 5.7152e-05 1 0.000648138 -0.000169651 -0.000648118 1 0.0295499 0.0140947 0.0317094
FixedParameters: 0 0 0

#Transform 32
Transform: AffineTransform_float_3_3
Parameters: 1 -0.000235437 0.000272552 0.000234896 1 0.000991663 -0.000273019 -0.000992403 0.999999 0.027184 0.0215912 0.0524422
FixedParameters: 0 0 0

#Transform 33
Transform: AffineTransform_float_3_3
Parameters: 1 -0.000244431 0.000277808 0.00024395 0.999999 0.000864526 -0.00027823 -0.00086439 0.999999 0.00604539 0.036325 0.0634498
FixedParameters: 0 0 0

#Transform 34
Transform: AffineTransform_float_3_3
Parameters: 1 -0.000250824 0.000281545 0.000250388 0.999999 0.000773832 -0.000281933 -0.000773691 0.999999 0.0117375 0.0404744 0.0618372
FixedParameters: 0 0 0

#Transform 35
Transform: AffineTransform_float_3_3
Parameters: 1 -0.000304545 0.000313014 0.000304537 1 1.14019e-05 -0.000313021 -1.12113e-05 1 0.0254982 0.0611703 0.0531538
FixedParameters: 0 0 0

#Transform 36
Transform: AffineTransform_float_3_3
Parameters: 1 -0.000244144 -5.04558e-05 0.000244213 0.999999 0.000682417 5.01225e-05 -0.000682441 1 0.0390958 0.0359663 0.0685153
FixedParameters: 0 0 0

#Transform 37
Transform: AffineTransform_float_3_3
Parameters: 1 -0.000163729 -0.000352383 0.000164323 0.999999 0.000842908 0.000352107 -0.000843024 0.999999 0.0256125 0.0444256 0.0744687
FixedParameters: 0 0 0

#Transform 38
Transform: AffineTransform_float_3_3
Parameters: 1 0.000114509 -5.93289e-05 -0.000114396 0.999999 0.000949666 5.95463e-05 -0.000949652 0.999999 0.0174533 0.0415095 0.0616578
FixedParameters: 0 0 0

#Transform 39
Transform: AffineTransform_float_3_3
Parameters: 1 1.82084e-05 -8.79972e-05 -1.80166e-05 0.999999 0.00155329 8.79129e-05 -0.00155329 0.999999 0.0103656 -0.00452483 0.0989783
FixedParameters: 0 0 0

#Transform 40
Transform: AffineTransform_float_3_3
Parameters: 1 5.48497e-05 -5.60451e-05 -5.47602e-05 0.999999 0.00152492 5.60717e-05 -0.00152492 0.999999 0.00531079 0.074512 0.103493
FixedParameters: 0 0 0

#Transform 41
Transform: AffineTransform_float_3_3
Parameters: 1 2.83386e-05 7.13082e-05 -2.86283e-05 0.999999 0.00145876 -7.13656e-05 -0.00145877 0.999999 0.00743022 0.048907 0.0942204
FixedParameters: 0 0 0

#Transform 42
Transform: AffineTransform_float_3_3
Parameters: 1 0.000111379 0.000519793 -0.000112646 0.999998 0.00189061 -0.000520151 -0.0018907 0.999998 0.00367987 0.0464017 0.112242
FixedParameters: 0 0 0

#Transform 43
Transform: AffineTransform_float_3_3
Parameters: 1 4.63905e-05 0.000414367 -4.65689e-05 1 0.00115652 -0.0004149 -0.00115653 0.999999 0.012436 0.0430614 0.0868749
FixedParameters: 0 0 0

#Transform 44
Transform: AffineTransform_float_3_3
Parameters: 1 -9.97256e-05 0.000148764 9.9166e-05 0.999998 0.00160445 -0.000149224 -0.00160443 0.999998 0.0190546 0.029414 0.0735938
FixedParameters: 0 0 0

#Transform 45
Transform: AffineTransform_float_3_3
Parameters: 1 9.41173e-06 8.57123e-05 -9.74449e-06 0.999999 0.0014647 -8.58247e-05 -0.00146471 0.999999 0.0201704 0.0447887 0.0651339
FixedParameters: 0 0 0

#Transform 46
Transform: AffineTransform_float_3_3
Parameters: 1 -0.000116341 0.000158423 0.00011584 0.999999 0.00132008 -0.00015887 -0.00132005 0.999999 0.00675219 0.0455412 0.0638946
FixedParameters: 0 0 0

#Transform 47
Transform: AffineTransform_float_3_3
Parameters: 1 -4.77843e-05 -1.97176e-05 4.78204e-05 0.999999 0.00091561 1.963e-05 -0.000915612 0.999999 0.00539405 0.0397741 0.0660733
FixedParameters: 0 0 0

#Transform 48
Transform: AffineTransform_float_3_3
Parameters: 0.999999 2.27398e-05 0.000774922 -2.37398e-05 1 0.000645172 -0.000774892 -0.000645208 0.999999 0.00733735 0.0341666 -0.0455194
FixedParameters: 0 0 0

#Transform 49
Transform: AffineTransform_float_3_3
Parameters: 1 -0.000299057 0.000504607 0.000300166 0.999999 -0.00111055 -0.000504123 0.00111035 1 0.00885655 0.122689 -0.446791
FixedParameters: 0 0 0

#Transform 50
Transform: AffineTransform_float_3_3
Parameters: 1 -0.000209159 0.000573906 0.000210073 0.999999 -0.00129798 -0.000574356 0.00129815 0.999999 0.0200462 0.0488324 -0.470886
FixedParameters: 0 0 0

#Transform 51
Transform: AffineTransform_float_3_3
Parameters: 1 -0.000454158 0.000532275 0.000455583 0.999996 -0.00292519 -0.00053053 0.00292467 0.999995 0.0583351 0.0627352 -0.432704
FixedParameters: 0 0 0

#Transform 52
Transform: AffineTransform_float_3_3
Parameters: 1 -0.000504696 2.815e-05 0.000504716 1 -0.000357448 -2.77891e-05 0.000357477 1 0.0615432 0.0457769 -0.273217
FixedParameters: 0 0 0

#Transform 53
Transform: AffineTransform_float_3_3
Parameters: 0.999999 -0.000588388 0.000731715 0.000589275 1 -0.000999507 -0.000731532 0.00100029 0.999999 0.0358576 0.122082 -0.289072
FixedParameters: 0 0 0

#Transform 54
Transform: AffineTransform_float_3_3
Parameters: 0.999999 -0.000509723 0.0018676 0.000513649 0.999997 -0.00212536 -0.0018667 0.00212595 0.999996 0.0441072 0.0531591 -0.393085
FixedParameters: 0 0 0

#Transform 55
Transform: AffineTransform_float_3_3
Parameters: 0.999993 -0.000635096 0.00371221 0.000643989 0.999998 -0.00236362 -0.00371119 0.00236642 0.999991 0.0760982 0.0807612 -0.589617
FixedParameters: 0 0 0

#Transform 56
Transform: AffineTransform_float_3_3
Parameters: 0.999996 -0.000951694 0.0024618 0.00095277 0.999999 -0.000519674 -0.00246204 0.000522207 0.999997 0.0964507 0.0484171 -0.319152
FixedParameters: 0 0 0

#Transform 57
Transform: AffineTransform_float_3_3
Parameters: 0.999999 -0.000666438 0.00123925 0.00066657 1 -0.000572233 -0.00123888 0.000573278 1 0.057876 0.0927711 -0.296032
FixedParameters: 0 0 0

#Transform 58
Transform: AffineTransform_float_3_3
Parameters: 0.999999 -0.000804471 0.00114316 0.000803403 0.999999 0.00130762 -0.0011441 -0.00130696 0.999999 0.064285 0.0226264 -0.247151
FixedParameters: 0 0 0

#Transform 59
Transform: AffineTransform_float_3_3
Parameters: 1 -0.000708355 0.000794031 0.000708137 1 0.000544626 -0.000793849 -0.000544788 1 0.0438444 0.0769257 -0.239419
FixedParameters: 0 0 0

#Transform 60
Transform: AffineTransform_float_3_3
Parameters: 0.999999 -0.000488302 0.000549677 0.000489011 0.999999 0.000653683 -0.000550003 -0.00065353 1 0.0394488 0.0490048 -0.209316
FixedParameters: 0 0 0

#Transform 61
Transform: AffineTransform_float_3_3
Parameters: 0.999999 -0.000518311 0.000703991 0.000518006 0.999999 0.0011719 -0.000705033 -0.00117156 1 0.0487717 0.0559439 -0.1771
FixedParameters: 0 0 0

#Transform 62
Transform: AffineTransform_float_3_3
Parameters: 0.999999 -0.000448181 0.000579416 0.000448002 1 0.000897139 -0.00058072 -0.000897447 0.999999 0.0522882 0.0570334 -0.154035
FixedParameters: 0 0 0

#Transform 63
Transform: AffineTransform_float_3_3
Parameters: 0.999999 -0.000557909 0.000418908 0.000558663 1 0.000718745 -0.000419358 -0.000719034 1 0.0523972 0.0520933 -0.139032
FixedParameters: 0 0 0

#Transform 64
Transform: AffineTransform_float_3_3
Parameters: 1 -0.000406045 0.000430292 0.000405834 0.999999 0.000821149 -0.000430105 -0.00082073 0.999999 0.0425744 0.0575208 -0.148627
FixedParameters: 0 0 0

#Transform 65
Transform: AffineTransform_float_3_3
Parameters: 0.999999 -0.000483543 0.000474795 0.000483712 0.999999 0.00116468 -0.000475709 -0.00116412 0.999999 0.0423794 0.0558271 -0.1438
FixedParameters: 0 0 0

#Transform 66
Transform: AffineTransform_float_3_3
Parameters: 0.999999 -0.000486206 0.000476364 0.000486407 1 0.00112681 -0.000477247 -0.00112624 1 0.04697 0.0692462 -0.150997
FixedParameters: 0 0 0

#Transform 67
Transform: AffineTransform_float_3_3
Parameters: 1 -0.000442259 0.000451286 0.000442055 0.999999 0.000775434 -0.000451118 -0.000774965 0.999999 0.0502426 0.0836497 -0.129388
FixedParameters: 0 0 0

#Transform 68
Transform: AffineTransform_float_3_3
Parameters: 0.999999 -0.000601871 0.00117595 0.000605162 0.999997 -0.00222694 -0.00117479 0.00222767 0.999997 0.0780431 0.103659 -0.765914
FixedParameters: 0 0 0

#Transform 69
Transform: AffineTransform_float_3_3
Parameters: 0.999999 -0.000843131 0.00119327 0.000844924 0.999999 -0.000957939 -0.00119251 0.000959882 0.999999 0.0599009 0.0426738 -0.552299
FixedParameters: 0 0 0

#Transform 70
Transform: AffineTransform_float_3_3
Parameters: 0.999997 -0.00105803 0.00215678 0.00105947 0.999999 -0.000892927 -0.00215539 0.000895424 0.999997 0.0675234 0.0458009 -0.463546
FixedParameters: 0 0 0

#Transform 71
Transform: AffineTransform_float_3_3
Parameters: 0.999996 -0.00126567 0.00253552 0.0012715 0.999996 -0.00227626 -0.00253213 0.00227982 0.999994 0.0562624 0.110053 -0.633719
FixedParameters: 0 0 0

#Transform 72
Transform: AffineTransform_float_3_3
Parameters: 0.999999 -0.00121363 0.000933802 0.00121435 0.999998 -0.000569219 -0.000933173 0.000570058 0.999999 0.0880921 0.000332132 -0.384372
FixedParameters: 0 0 0

#Transform 73
Transform: AffineTransform_float_3_3
Parameters: 0.999999 -0.00111934 0.000948341 0.00112041 0.999999 -0.000519397 -0.000947036 0.000520658 0.999999 0.064333 0.0904596 -0.354844
FixedParameters: 0 0 0

#Transform 74
Transform: AffineTransform_float_3_3
Parameters: 0.999998 -0.000941145 0.0018407 0.000944006 0.999999 -0.00124129 -0.00183965 0.00124359 0.999998 0.0690778 0.083684 -0.483082
FixedParameters: 0 0 0

#Transform 75
Transform: AffineTransform_float_3_3
Parameters: 0.999998 -0.00081785 0.00176652 0.000817566 0.999999 0.000144309 -0.00176669 -0.000142405 0.999999 0.0562981 0.0683373 -0.287201
FixedParameters: 0 0 0

#Transform 76
Transform: AffineTransform_float_3_3
Parameters: 0.999998 -0.000990581 0.00186637 0.000989751 1 0.000282988 -0.00186687 -0.000281144 0.999999 0.0558075 0.0623553 -0.284213
FixedParameters: 0 0 0

#Transform 77
Transform: AffineTransform_float_3_3
Parameters: 0.999998 -0.00104179 0.00168802 0.00103967 0.999999 0.000841069 -0.00168886 -0.000839337 0.999999 0.0556822 0.0688898 -0.274059
FixedParameters: 0 0 0

#Transform 78
Transform: AffineTransform_float_3_3
Parameters: 0.999998 -0.000965451 0.00185105 0.000963774 1 0.000647744 -0.00185139 -0.000645954 0.999998 0.0646241 0.0989576 -0.25451
FixedParameters: 0 0 0

#Transform 79
Transform: AffineTransform_float_3_3
Parameters: 0.999998 -0.0009366 0.0018335 0.000934767 0.999999 0.00106637 -0.00183423 -0.00106461 0.999998 0.0646649 0.0846218 -0.179894
FixedParameters: 0 0 0

#Transform 80
Transform: AffineTransform_float_3_3
Parameters: 0.999998 -0.00100253 0.0016782 0.00100066 0.999998 0.00132252 -0.00167872 -0.00132076 0.999998 0.0695282 0.0617969 -0.166032
FixedParameters: 0 0 0

#Transform 81
Transform: AffineTransform_float_3_3
Parameters: 0.999998 -0.000931158 0.00158265 0.000929038 0.999998 0.00132535 -0.00158384 -0.00132408 0.999998 0.0741485 0.0574616 -0.16288
FixedParameters: 0 0 0

#Transform 82
Transform: AffineTransform_float_3_3
Parameters: 0.999999 -0.000988277 0.0014652 0.000985913 0.999998 0.00149085 -0.00146684 -0.00148913 0.999997 0.064756 0.0853261 -0.141491
FixedParameters: 0 0 0

#Transform 83
Transform: AffineTransform_float_3_3
Parameters: 0.999998 -0.00103477 0.00165801 0.00103319 0.999999 0.00110225 -0.00165902 -0.00110049 0.999998 0.0766155 0.0952871 -0.148104
FixedParameters: 0 0 0

#Transform 84
Transform: AffineTransform_float_3_3
Parameters: 0.999998 -0.00108824 0.00152205 0.00108606 0.999998 0.00137204 -0.00152372 -0.0013699 0.999998 0.0777851 0.069528 -0.133193
FixedParameters: 0 0 0

#Transform 85
Transform: AffineTransform_float_3_3
Parameters: 0.999999 -0.000906169 0.00110606 0.000903721 0.999999 0.00133008 -0.00110762 -0.00132887 0.999998 0.0805531 0.0753755 -0.154312
FixedParameters: 0 0 0

#Transform 86
Transform: AffineTransform_float_3_3
Parameters: 0.999998 -0.000839266 0.00177698 0.000837148 0.999999 0.00118034 -0.00177769 -0.00117903 0.999998 0.0780426 0.078689 -0.158693
FixedParameters: 0 0 0

#Transform 87
Transform: AffineTransform_float_3_3
Parameters: 0.999998 -0.00102934 0.00165355 0.00102699 0.999998 0.00118792 -0.00165558 -0.00118625 0.999998 0.0838301 0.0745026 -0.154807
FixedParameters: 0 0 0

#Transform 88
Transform: AffineTransform_float_3_3
Parameters: 0.999998 -0.000922373 0.00182486 0.000919805 0.999998 0.00127265 -0.00182594 -0.00127096 0.999997 0.080596 0.0780466 -0.158345
FixedParameters: 0 0 0

#Transform 89
Transform: AffineTransform_float_3_3
Parameters: 0.999998 -0.000796118 0.00175066 0.00079288 0.999998 0.00188149 -0.00175217 -0.00188027 0.999997 0.0671931 0.0481118 -0.177457
FixedParameters: 0 0 0

#Transform 90
Transform: AffineTransform_float_3_3
Parameters: 0.999998 -0.000841492 0.00208351 0.000840073 1 0.000533095 -0.00208335 -0.000531368 0.999998 0.0755787 0.121177 -0.364243
FixedParameters: 0 0 0

#Transform 91
Transform: AffineTransform_float_3_3
Parameters: 0.999997 -0.000989691 0.00229982 0.000991428 0.999999 -0.000402906 -0.00229971 0.00040505 0.999997 0.0823429 0.130466 -0.56651
FixedParameters: 0 0 0

#Transform 92
Transform: AffineTransform_float_3_3
Parameters: 0.999997 -0.000960733 0.00223327 0.000959679 0.999999 0.000624625 -0.00223395 -0.000622566 0.999997 0.0746976 0.100704 -0.222815
FixedParameters: 0 0 0

#Transform 93
Transform: AffineTransform_float_3_3
Parameters: 0.999996 -0.000962295 0.00240725 0.000964437 0.999999 -0.000767231 -0.00240696 0.000770209 0.999997 0.0567368 0.119794 -0.552122
FixedParameters: 0 0 0

#Transform 94
Transform: AffineTransform_float_3_3
Parameters: 0.999996 -0.000964309 0.0028438 0.000962437 1 0.00042293 -0.00284435 -0.00042028 0.999996 0.0442346 0.0970207 -0.237827
FixedParameters: 0 0 0

#Transform 95
Transform: AffineTransform_float_3_3
Parameters: 0.999996 -0.00113319 0.00246116 0.00112888 0.999998 0.00161787 -0.00246314 -0.00161571 0.999996 0.0457446 0.104223 -0.239507
FixedParameters: 0 0 0

#Transform 96
Transform: AffineTransform_float_3_3
Parameters: 0.999998 -0.0010566 0.00190305 0.00105332 0.999999 0.00153652 -0.00190417 -0.00153411 0.999997 0.0534865 0.0758988 -0.108713
FixedParameters: 0 0 0

#Transform 97
Transform: AffineTransform_float_3_3
Parameters: 0.999998 -0.00101215 0.00187724 0.00100878 0.999998 0.00160069 -0.00187839 -0.00159899 0.999998 0.0496217 0.10024 -0.145578
FixedParameters: 0 0 0

#Transform 98
Transform: AffineTransform_float_3_3
Parameters: 0.999998 -0.000913555 0.00182068 0.000911419 0.999998 0.00139329 -0.00182246 -0.00139159 0.999997 0.0586893 0.0966332 -0.147373
FixedParameters: 0 0 0

#Transform 99
Transform: AffineTransform_float_3_3
Parameters: 0.999998 -0.000865052 0.00187253 0.000861579 0.999997 0.00184067 -0.00187426 -0.0018395 0.999997 0.0616267 0.0839497 -0.165171
FixedParameters: 0 0 0

#Transform 100
Transform: AffineTransform_float_3_3
Parameters: 0.999996 -0.000905309 0.00244552 0.000904781 1 -9.20269e-05 -0.00244555 9.40011e-05 0.999997 0.0512198 0.153689 -0.344699
FixedParameters: 0 0 0

#Transform 101
Transform: AffineTransform_float_3_3
Parameters: 0.999997 -0.00103101 0.00251744 0.00103061 0.999999 0.000342704 -0.00251834 -0.000339809 0.999996 0.0711044 0.107612 -0.351223
FixedParameters: 0 0 0

#Transform 102
Transform: AffineTransform_float_3_3
Parameters: 0.999998 -0.00105398 0.00200771 0.00105116 0.999998 0.00157415 -0.00200945 -0.00157198 0.999997 0.0782431 0.152552 -0.24458
FixedParameters: 0 0 0

#Transform 103
Transform: AffineTransform_float_3_3
Parameters: 0.999998 -0.00117612 0.00199116 0.00117708 0.999999 -0.000629416 -0.00199068 0.000632073 0.999998 0.0736417 0.0996261 -0.141548
FixedParameters: 0 0 0

#Transform 104
Transform: AffineTransform_float_3_3
Parameters: 0.999998 -0.00116444 0.00154846 0.00116376 1 0.000456125 -0.00154842 -0.000454669 0.999998 0.0797074 0.139982 -0.0966066
FixedParameters: 0 0 0

#Transform 105
Transform: AffineTransform_float_3_3
Parameters: 0.999998 -0.000851427 0.00136679 0.000850433 0.999999 0.000600894 -0.00136686 -0.000599854 0.999999 0.0673691 0.12514 -0.103368
FixedParameters: 0 0 0

#Transform 106
Transform: AffineTransform_float_3_3
Parameters: 0.999998 -0.000842781 0.00136158 0.000841454 0.999999 0.000725461 -0.00136185 -0.000724454 0.999998 0.0553735 0.107703 -0.101849
FixedParameters: 0 0 0

#Transform 107
Transform: AffineTransform_float_3_3
Parameters: 0.999999 -0.000964595 0.00107304 0.000963431 0.999999 0.0012068 -0.00107505 -0.00120598 0.999999 0.0582761 0.0810121 -0.107706
FixedParameters: 0 0 0

#Transform 108
Transform: AffineTransform_float_3_3
Parameters: 1 -0.000713555 0.000785718 0.000712147 0.999999 0.00125543 -0.000786695 -0.00125473 0.999999 0.0511897 0.114934 -0.100997
FixedParameters: 0 0 0

#Transform 109
Transform: AffineTransform_float_3_3
Parameters: 1 -0.00075316 0.000808582 0.000751575 0.999999 0.00128605 -0.000809663 -0.00128476 0.999999 0.060004 0.0910955 -0.0869956
FixedParameters: 0 0 0

#Transform 110
Transform: AffineTransform_float_3_3
Parameters: 0.999999 -0.000247908 0.00174742 0.000245131 0.999999 0.00159192 -0.00174754 -0.00159133 0.999997 0.103016 0.0697921 0.0678696
FixedParameters: 0 0 0

#Transform 111
Transform: AffineTransform_float_3_3
Parameters: 0.999998 -0.000480833 0.00188234 0.00047851 0.999999 0.00137589 -0.00188303 -0.00137485 0.999997 0.0513317 0.137686 0.0387565
FixedParameters: 0 0 0

#Transform 112
Transform: AffineTransform_float_3_3
Parameters: 0.999999 -0.000378293 0.00138445 0.000375436 0.999998 0.00200732 -0.00138544 -0.00200742 0.999997 0.030027 0.112245 -0.0134436
FixedParameters: 0 0 0

#Transform 113
Transform: AffineTransform_float_3_3
Parameters: 0.999999 -0.000373302 0.00114944 0.000371291 0.999998 0.00204944 -0.00115044 -0.00204973 0.999997 0.0150826 0.101381 -0.0102794
FixedParameters: 0 0 0

#Transform 114
Transform: AffineTransform_float_3_3
Parameters: 0.999999 -0.000397644 0.00116276 0.000394101 0.999996 0.00264868 -0.00116447 -0.00264891 0.999995 0.0128957 0.106678 -0.0118866
FixedParameters: 0 0 0

#Transform 115
Transform: AffineTransform_float_3_3
Parameters: 1 -0.000287911 0.00109992 0.000285684 0.999998 0.00220321 -0.0011008 -0.00220287 0.999997 0.00675885 0.117892 -0.018739
FixedParameters: 0 0 0

#Transform 116
Transform: AffineTransform_float_3_3
Parameters: 0.999999 -0.000396143 0.00126293 0.000393468 0.999998 0.00209633 -0.0012642 -0.00209561 0.999997 0.00507071 0.12909 -0.0123241
FixedParameters: 0 0 0

#Transform 117
Transform: AffineTransform_float_3_3
Parameters: 0.999999 -0.000433805 0.00118449 0.000431906 0.999998 0.0019423 -0.00118564 -0.00194156 0.999997 -0.00439855 0.123957 -0.00327581
FixedParameters: 0 0 0

#Transform 118
Transform: AffineTransform_float_3_3
Parameters: 0.999999 -0.000534335 0.00124214 0.000531559 0.999998 0.00217164 -0.00124407 -0.0021706 0.999997 -0.0169133 0.117243 0.00603111
FixedParameters: 0 0 0

#Transform 119
Transform: AffineTransform_float_3_3
Parameters: 0.999999 -0.000320711 0.00114859 0.00031763 0.999996 0.00248147 -0.00114979 -0.00248102 0.999996 -0.0122966 0.136605 0.0076211
FixedParameters: 0 0 0
