# transform file /out/sourcedata/freesurfer/sub-v1s18x0051214_ses-1/mri/transforms/cc_up.lta
# created by oesteban on Mon Mar  9 05:22:34 2026

type      = 0 # LINEAR_VOX_TO_VOX
nxforms   = 1
mean      = 129.0000 116.0000 132.0000
sigma     = 10000.0000
1 4 4
9.994918107986450e-01 -2.668013796210289e-02 -1.744532212615013e-02 5.010191440582275e+00 
2.667607553303242e-02 9.996440410614014e-01 -4.656093369703740e-04 2.368148422241211e+01 
1.745153404772282e-02 0.000000000000000e+00 9.998477697372437e-01 -3.214154481887817e+00 
0.000000000000000e+00 0.000000000000000e+00 0.000000000000000e+00 1.000000000000000e+00 
src volume info
valid = 1  # volume info valid
filename = /out/sourcedata/freesurfer/sub-v1s18x0051214_ses-1/mri/norm.mgz
volume = 256 256 256
voxelsize = 1.000000000000000e+00 1.000000000000000e+00 1.000000000000000e+00
xras   = -1.000000000000000e+00 0.000000000000000e+00 -1.862645149230957e-09
yras   = 0.000000000000000e+00 0.000000000000000e+00 -1.000000119209290e+00
zras   = 0.000000000000000e+00 1.000000000000000e+00 0.000000000000000e+00
cras   = 3.040245056152344e+00 7.653289794921875e+00 1.067355346679688e+01
dst volume info
valid = 1  # volume info valid
filename = /out/sourcedata/freesurfer/sub-v1s18x0051214_ses-1/mri/norm.mgz
volume = 256 256 256
voxelsize = 1.000000000000000e+00 1.000000000000000e+00 1.000000000000000e+00
xras   = -1.000000000000000e+00 0.000000000000000e+00 -1.862645149230957e-09
yras   = 0.000000000000000e+00 0.000000000000000e+00 -1.000000119209290e+00
zras   = 0.000000000000000e+00 1.000000000000000e+00 0.000000000000000e+00
cras   = 3.040245056152344e+00 7.653289794921875e+00 1.067355346679688e+01
