#Insight Transform File V1.0
#Transform 0
Transform: AffineTransform_float_3_3
Parameters: 1 -0.000134054 -0.00021102 0.000133859 1 -0.000463028 0.000211144 0.000462972 1 0.012904 0.00881015 -0.00718298
FixedParameters: 0 0 0

#Transform 1
Transform: AffineTransform_float_3_3
Parameters: 1 1.21658e-05 -0.000527657 -1.21547e-05 1 1.02935e-05 0.000527657 -1.07065e-05 1 0.00991112 0.0221121 0.0255381
FixedParameters: 0 0 0

#Transform 2
Transform: AffineTransform_float_3_3
Parameters: 0.999999 -0.000203692 -0.000923666 0.000203572 1 -6.5188e-05 0.000923692 6.48119e-05 0.999999 0.0149398 0.0226105 0.032304
FixedParameters: 0 0 0

#Transform 3
Transform: AffineTransform_float_3_3
Parameters: 1 -2.58521e-05 -0.00103673 2.51057e-05 1 -0.000360026 0.00103675 0.000359973 0.999999 0.0100585 0.0367988 0.0223898
FixedParameters: 0 0 0

#Transform 4
Transform: AffineTransform_float_3_3
Parameters: 1 0.000221076 -0.00102437 -0.000221784 1 -0.000606321 0.00102495 0.000607679 0.999999 -0.00141657 0.0649834 0.0240477
FixedParameters: 0 0 0

#Transform 5
Transform: AffineTransform_float_3_3
Parameters: 1 0.000355424 -0.00101831 -0.000355397 0.999999 -0.000401351 0.00101749 0.000401649 0.999999 -0.00371601 0.0556404 0.0306505
FixedParameters: 0 0 0

#Transform 6
Transform: AffineTransform_float_3_3
Parameters: 1 0.000820599 -0.000809812 -0.000821569 0.999999 -0.000929787 0.000809129 0.000930212 0.999999 -0.0148152 0.0579487 0.0310982
FixedParameters: 0 0 0

#Transform 7
Transform: AffineTransform_float_3_3
Parameters: 0.999999 0.00031432 -0.000754405 -0.000314701 1 -0.000813215 0.000753358 0.000812785 0.999999 -0.00820415 0.0595944 0.035529
FixedParameters: 0 0 0

#Transform 8
Transform: AffineTransform_float_3_3
Parameters: 0.999999 7.93657e-05 -0.000905179 -8.04188e-05 0.999999 -0.00134393 0.000905273 0.00134407 0.999998 -0.0127646 0.0588436 -0.00514865
FixedParameters: 0 0 0

#Transform 9
Transform: AffineTransform_float_3_3
Parameters: 1 0.000343838 -0.00114772 -0.000345062 1 -0.000901318 0.00114657 0.000901682 0.999999 -0.00107143 0.0639672 0.013907
FixedParameters: 0 0 0

#Transform 10
Transform: AffineTransform_float_3_3
Parameters: 1 0.000139195 -0.00110274 -0.000139881 1 -0.000693394 0.00110201 0.000694606 0.999999 0.00125323 0.0759564 0.00692908
FixedParameters: 0 0 0

#Transform 11
Transform: AffineTransform_float_3_3
Parameters: 0.999999 0.000696353 -0.00115775 -0.000697643 0.999999 -0.00115291 0.00115645 0.00115409 0.999999 -0.00636204 0.0642384 -0.018594
FixedParameters: 0 0 0

#Transform 12
Transform: AffineTransform_float_3_3
Parameters: 0.999999 0.000589419 -0.0013069 -0.000591045 0.999999 -0.00135539 0.00130645 0.00135561 0.999998 -0.00181684 0.0823143 0.000835449
FixedParameters: 0 0 0

#Transform 13
Transform: AffineTransform_float_3_3
Parameters: 1 5.00063e-05 -0.00101595 -5.20715e-05 0.999999 -0.00169566 0.00101608 0.00169534 0.999999 0.00102081 0.083589 -0.032607
FixedParameters: 0 0 0

#Transform 14
Transform: AffineTransform_float_3_3
Parameters: 0.999999 0.000353067 -0.00120874 -0.000354704 0.999999 -0.00146974 0.00120885 0.00146926 0.999998 -1.74519e-05 0.0720429 0.00551874
FixedParameters: 0 0 0

#Transform 15
Transform: AffineTransform_float_3_3
Parameters: 0.999999 0.000338407 -0.00119893 -0.000339501 1 -0.00103159 0.00119853 0.00103241 0.999998 -1.36413e-05 0.0585724 -0.00919399
FixedParameters: 0 0 0

#Transform 16
Transform: AffineTransform_float_3_3
Parameters: 0.999999 0.000426275 -0.0012547 -0.000427253 1 -0.000939465 0.00125421 0.000940536 0.999999 -0.00992978 0.0827921 0.00116867
FixedParameters: 0 0 0

#Transform 17
Transform: AffineTransform_float_3_3
Parameters: 0.999999 0.000409088 -0.00124407 -0.000410668 0.999999 -0.00118949 0.0012434 0.00119051 0.999998 -0.00805434 0.0777999 -0.00588483
FixedParameters: 0 0 0

#Transform 18
Transform: AffineTransform_float_3_3
Parameters: 0.999999 0.000556676 -0.000794551 -0.000557169 1 -0.000647723 0.000794675 0.000647277 1 -0.0143784 0.0582639 0.0256382
FixedParameters: 0 0 0

#Transform 19
Transform: AffineTransform_float_3_3
Parameters: 0.999999 0.00079452 -0.00105922 -0.000796728 0.999999 -0.00129561 0.001058 0.00129639 0.999998 -0.0129685 0.0905924 -0.0363903
FixedParameters: 0 0 0

#Transform 20
Transform: AffineTransform_float_3_3
Parameters: 1 0.000438124 -0.0011239 -0.000439468 0.999999 -0.00121222 0.00112314 0.00121278 0.999999 -0.00626728 0.0688872 -0.00426959
FixedParameters: 0 0 0

#Transform 21
Transform: AffineTransform_float_3_3
Parameters: 0.999999 0.000519356 -0.00140063 -0.00052106 0.999999 -0.00110098 0.0013998 0.00110201 0.999998 -0.00221757 0.0797741 -0.00852654
FixedParameters: 0 0 0

#Transform 22
Transform: AffineTransform_float_3_3
Parameters: 0.999999 0.000953937 -0.00147936 -0.000956106 0.999999 -0.00119975 0.00147737 0.00120125 0.999998 -0.00737757 0.0869173 -0.00435503
FixedParameters: 0 0 0

#Transform 23
Transform: AffineTransform_float_3_3
Parameters: 0.999998 0.000372398 -0.00157022 -0.000373852 0.999999 -0.00107284 0.00157057 0.00107316 0.999998 -0.0109461 0.0681663 0.0197451
FixedParameters: 0 0 0

#Transform 24
Transform: AffineTransform_float_3_3
Parameters: 0.999999 0.000616362 -0.00135018 -0.000618203 0.999999 -0.00139133 0.00134962 0.00139167 0.999998 -0.0244722 0.0926751 -0.00857997
FixedParameters: 0 0 0

#Transform 25
Transform: AffineTransform_float_3_3
Parameters: 0.999998 0.000858075 -0.00147899 -0.000859997 0.999998 -0.00129761 0.00147791 0.00129839 0.999998 -0.0186917 0.0756909 0.00250353
FixedParameters: 0 0 0

#Transform 26
Transform: AffineTransform_float_3_3
Parameters: 0.999999 0.000872093 -0.00155504 -0.000874086 0.999999 -0.00170081 0.00155353 0.00170219 0.999997 -0.0228737 0.0774251 -0.00661727
FixedParameters: 0 0 0

#Transform 27
Transform: AffineTransform_float_3_3
Parameters: 0.999998 0.000645863 -0.0015994 -0.00064845 0.999998 -0.00167168 0.00159785 0.00167332 0.999997 -0.0134987 0.0790507 -0.0242037
FixedParameters: 0 0 0

#Transform 28
Transform: AffineTransform_float_3_3
Parameters: 0.999999 0.000801152 -0.0012795 -0.000803066 0.999998 -0.00149714 0.00127825 0.00149786 0.999998 -0.00890085 0.0873486 -0.0287289
FixedParameters: 0 0 0

#Transform 29
Transform: AffineTransform_float_3_3
Parameters: 0.999999 0.000770091 -0.00126059 -0.000773335 0.999997 -0.00204819 0.00125858 0.00204881 0.999997 -0.00875591 0.0995888 -0.0383412
FixedParameters: 0 0 0

#Transform 30
Transform: AffineTransform_float_3_3
Parameters: 0.999999 0.000459205 -0.00178713 -0.000462679 0.999997 -0.0021306 0.00178609 0.0021314 0.999996 0.00618817 0.103026 -0.0410049
FixedParameters: 0 0 0

#Transform 31
Transform: AffineTransform_float_3_3
Parameters: 0.999998 0.00083264 -0.00169014 -0.000836947 0.999996 -0.00240847 0.00168842 0.00240953 0.999996 -0.0104497 0.103074 -0.0417479
FixedParameters: 0 0 0

#Transform 32
Transform: AffineTransform_float_3_3
Parameters: 0.999998 0.000659105 -0.00155171 -0.000662472 0.999997 -0.0021474 0.00155033 0.0021486 0.999997 -0.00954519 0.0979863 -0.0377191
FixedParameters: 0 0 0

#Transform 33
Transform: AffineTransform_float_3_3
Parameters: 0.999999 0.000301635 -0.00151131 -0.000304875 0.999997 -0.00226525 0.00151001 0.00226574 0.999996 0.00326786 0.108932 -0.0672146
FixedParameters: 0 0 0

#Transform 34
Transform: AffineTransform_float_3_3
Parameters: 0.999999 0.000348457 -0.00143652 -0.000352896 0.999995 -0.00298721 0.00143535 0.00298779 0.999994 0.00113121 0.126066 -0.0803645
FixedParameters: 0 0 0

#Transform 35
Transform: AffineTransform_float_3_3
Parameters: 0.999999 0.000376336 -0.00139413 -0.000379979 0.999997 -0.00229718 0.00139301 0.00229781 0.999996 -0.00392366 0.100732 -0.0620581
FixedParameters: 0 0 0

#Transform 36
Transform: AffineTransform_float_3_3
Parameters: 0.999999 0.000386075 -0.00170844 -0.000389969 0.999998 -0.00210405 0.00170827 0.00210495 0.999996 0.00216285 0.106829 -0.120233
FixedParameters: 0 0 0

#Transform 37
Transform: AffineTransform_float_3_3
Parameters: 0.999999 0.000312629 -0.00149366 -0.000315853 0.999997 -0.00246525 0.00149304 0.00246576 0.999996 0.0175982 0.175945 -0.309543
FixedParameters: 0 0 0

#Transform 38
Transform: AffineTransform_float_3_3
Parameters: 0.999998 0.000753391 -0.00189146 -0.000757703 0.999997 -0.002011 0.00188988 0.002013 0.999996 -0.0261483 0.0177743 0.0117352
FixedParameters: 0 0 0

#Transform 39
Transform: AffineTransform_float_3_3
Parameters: 0.999997 0.000907974 -0.002057 -0.000911852 0.999997 -0.00174372 0.00205528 0.00174528 0.999996 -0.0164428 0.082456 -0.0337479
FixedParameters: 0 0 0

#Transform 40
Transform: AffineTransform_float_3_3
Parameters: 0.999997 0.000836197 -0.00204772 -0.000840337 0.999997 -0.00215288 0.00204587 0.00215412 0.999996 -0.0244469 0.0726594 -0.0779219
FixedParameters: 0 0 0

#Transform 41
Transform: AffineTransform_float_3_3
Parameters: 0.999996 0.000914685 -0.0023808 -0.000919445 0.999998 -0.00198141 0.00237893 0.00198359 0.999995 -0.0191435 0.0671521 -0.111457
FixedParameters: 0 0 0

#Transform 42
Transform: AffineTransform_float_3_3
Parameters: 0.999997 0.00154602 -0.00177688 -0.00154704 0.999999 -0.000825872 0.00177547 0.00082913 0.999998 -0.0405072 0.0629894 -0.0518261
FixedParameters: 0 0 0

#Transform 43
Transform: AffineTransform_float_3_3
Parameters: 0.999999 0.000863064 -0.00164221 -0.000867609 0.999997 -0.00255146 0.0016401 0.00255254 0.999996 -0.0323772 0.140917 -0.15758
FixedParameters: 0 0 0

#Transform 44
Transform: AffineTransform_float_3_3
Parameters: 0.999998 0.000805235 -0.00173193 -0.000810463 0.999995 -0.00301548 0.00172968 0.00301652 0.999994 -0.024411 0.0770945 -0.108738
FixedParameters: 0 0 0

#Transform 45
Transform: AffineTransform_float_3_3
Parameters: 1 -0.000214698 0.000400996 0.000217256 0.999993 -0.00386237 -0.000400172 0.00386163 0.999992 0.009209 0.114844 -0.0909309
FixedParameters: 0 0 0

#Transform 46
Transform: AffineTransform_float_3_3
Parameters: 0.999999 -0.000937086 0.00117518 0.000942286 0.99999 -0.00430606 -0.00117108 0.00430693 0.99999 0.0226591 0.131473 -0.116482
FixedParameters: 0 0 0

#Transform 47
Transform: AffineTransform_float_3_3
Parameters: 1 -0.000344885 6.40573e-05 0.000344849 0.999992 -0.00395598 -6.2173e-05 0.00395602 0.999992 0.0118353 0.128491 -0.105611
FixedParameters: 0 0 0

#Transform 48
Transform: AffineTransform_float_3_3
Parameters: 1 -0.000270108 -0.000559648 0.000267831 0.999993 -0.00354015 0.000560481 0.00353985 0.999993 0.00847076 0.132804 -0.115281
FixedParameters: 0 0 0

#Transform 49
Transform: AffineTransform_float_3_3
Parameters: 0.999999 -3.55337e-05 -0.000818742 3.2456e-05 0.999995 -0.00323803 0.000818735 0.00323797 0.999994 -0.0091072 0.118539 -0.105208
FixedParameters: 0 0 0

#Transform 50
Transform: AffineTransform_float_3_3
Parameters: 0.999998 -0.000293256 -0.00167834 0.000288075 0.999994 -0.00337175 0.00167878 0.00337125 0.999993 0.0163035 0.127079 -0.152357
FixedParameters: 0 0 0

#Transform 51
Transform: AffineTransform_float_3_3
Parameters: 0.999997 0.000238316 -0.002349 -0.000246413 0.999992 -0.00384612 0.00234791 0.00384688 0.99999 0.0134366 0.151983 -0.169648
FixedParameters: 0 0 0

#Transform 52
Transform: AffineTransform_float_3_3
Parameters: 0.999996 0.000529577 -0.00250081 -0.000539263 0.999993 -0.00376252 0.0024981 0.00376349 0.99999 -0.00448052 0.126615 -0.153421
FixedParameters: 0 0 0

#Transform 53
Transform: AffineTransform_float_3_3
Parameters: 0.999995 0.000868712 -0.00282597 -0.000879161 0.999993 -0.00380384 0.00282179 0.00380616 0.999989 -0.0223898 0.145942 -0.165841
FixedParameters: 0 0 0

#Transform 54
Transform: AffineTransform_float_3_3
Parameters: 0.999995 0.00100514 -0.00322315 -0.00101753 0.999992 -0.00380031 0.00321961 0.00380469 0.999987 -0.0211735 0.144506 -0.162512
FixedParameters: 0 0 0

#Transform 55
Transform: AffineTransform_float_3_3
Parameters: 0.999992 0.00132331 -0.00375068 -0.0013384 0.99999 -0.00406562 0.00374547 0.00407038 0.999985 -0.00815578 0.151268 -0.19139
FixedParameters: 0 0 0

#Transform 56
Transform: AffineTransform_float_3_3
Parameters: 0.999993 0.00105516 -0.00343091 -0.00106896 0.99999 -0.00418009 0.0034268 0.00418391 0.999985 -0.020472 0.151297 -0.19179
FixedParameters: 0 0 0

#Transform 57
Transform: AffineTransform_float_3_3
Parameters: 0.999994 0.000975358 -0.00352879 -0.000990319 0.99999 -0.00434797 0.00352447 0.00435102 0.999984 -0.0172313 0.151023 -0.192197
FixedParameters: 0 0 0

#Transform 58
Transform: AffineTransform_float_3_3
Parameters: 0.999993 0.00107625 -0.00352254 -0.00109028 0.999991 -0.00410191 0.00351842 0.00410608 0.999985 -0.021601 0.150644 -0.166135
FixedParameters: 0 0 0

#Transform 59
Transform: AffineTransform_float_3_3
Parameters: 0.999993 0.00103066 -0.00341529 -0.00104449 0.99999 -0.00420218 0.00341134 0.00420581 0.999985 -0.0130089 0.151602 -0.170944
FixedParameters: 0 0 0

#Transform 60
Transform: AffineTransform_float_3_3
Parameters: 0.999994 0.000965119 -0.0033435 -0.000978622 0.999991 -0.00416448 0.00333934 0.00416752 0.999985 -0.00927449 0.150226 -0.176709
FixedParameters: 0 0 0

#Transform 61
Transform: AffineTransform_float_3_3
Parameters: 0.999993 0.000949908 -0.00347865 -0.000965791 0.999989 -0.0045434 0.00347419 0.0045466 0.999983 -0.00641937 0.144439 -0.189716
FixedParameters: 0 0 0

#Transform 62
Transform: AffineTransform_float_3_3
Parameters: 0.999993 0.000893573 -0.00376314 -0.000910399 0.99999 -0.0045076 0.00375955 0.0045114 0.999983 -0.0148363 0.152334 -0.194641
FixedParameters: 0 0 0

#Transform 63
Transform: AffineTransform_float_3_3
Parameters: 0.999994 0.00107598 -0.00331221 -0.00109186 0.999987 -0.00485314 0.00330677 0.00485685 0.999982 -0.0210913 0.143529 -0.224901
FixedParameters: 0 0 0

#Transform 64
Transform: AffineTransform_float_3_3
Parameters: 0.999992 0.0011233 -0.00367954 -0.00113933 0.99999 -0.00438728 0.00367469 0.00439172 0.999984 -0.0248432 0.126917 -0.286073
FixedParameters: 0 0 0

#Transform 65
Transform: AffineTransform_float_3_3
Parameters: 0.999995 0.000998367 -0.0029738 -0.00101248 0.999988 -0.00487703 0.00296876 0.00487997 0.999984 -0.051599 0.15204 -0.315482
FixedParameters: 0 0 0

#Transform 66
Transform: AffineTransform_float_3_3
Parameters: 0.999993 0.000712238 -0.00370871 -0.000729741 0.99999 -0.00452132 0.00370505 0.00452368 0.999983 -0.0242196 0.142475 -0.239623
FixedParameters: 0 0 0

#Transform 67
Transform: AffineTransform_float_3_3
Parameters: 0.999994 0.000889106 -0.00312498 -0.000903618 0.999989 -0.00456676 0.0031221 0.00457023 0.999985 -0.021375 0.14966 -0.254108
FixedParameters: 0 0 0

#Transform 68
Transform: AffineTransform_float_3_3
Parameters: 0.999997 0.000656493 -0.00240864 -0.000667285 0.999988 -0.00482154 0.00240503 0.00482345 0.999985 -0.0112412 0.145764 -0.255397
FixedParameters: 0 0 0

#Transform 69
Transform: AffineTransform_float_3_3
Parameters: 0.999999 9.68121e-05 -0.00173116 -0.000105448 0.999989 -0.00473125 0.00173121 0.00473075 0.999988 -0.000570835 0.156489 -0.251804
FixedParameters: 0 0 0

#Transform 70
Transform: AffineTransform_float_3_3
Parameters: 0.999999 0.000357041 -0.0013268 -0.000362679 0.999992 -0.00388824 0.00132577 0.00388876 0.999992 0.00937488 0.0998968 -0.398566
FixedParameters: 0 0 0

#Transform 71
Transform: AffineTransform_float_3_3
Parameters: 0.999998 0.00135083 -0.00161735 -0.00135573 0.999995 -0.00286843 0.00161273 0.00287057 0.999994 -0.0555296 0.0638165 -0.234372
FixedParameters: 0 0 0

#Transform 72
Transform: AffineTransform_float_3_3
Parameters: 0.999998 0.00118985 -0.00197151 -0.00119755 0.999992 -0.00389998 0.00196681 0.00390202 0.99999 -0.0491297 0.106836 -0.247558
FixedParameters: 0 0 0

#Transform 73
Transform: AffineTransform_float_3_3
Parameters: 0.999999 0.000562595 -0.00163427 -0.00056906 0.999992 -0.00399579 0.00163267 0.00399721 0.999991 -0.00789916 0.111404 -0.205819
FixedParameters: 0 0 0

#Transform 74
Transform: AffineTransform_float_3_3
Parameters: 0.999999 -0.00139351 0.000715135 0.00139664 0.999986 -0.00521246 -0.000707344 0.00521354 0.999987 0.0633247 0.165084 -0.217164
FixedParameters: 0 0 0

#Transform 75
Transform: AffineTransform_float_3_3
Parameters: 0.999998 -0.00168981 0.00109952 0.00169577 0.999984 -0.00541105 -0.00109049 0.00541295 0.999985 0.0611322 0.161085 -0.262665
FixedParameters: 0 0 0

#Transform 76
Transform: AffineTransform_float_3_3
Parameters: 0.999996 -0.00190867 0.00173971 0.00191744 0.999985 -0.00517347 -0.00173066 0.00517654 0.999986 0.0632564 0.156725 -0.274426
FixedParameters: 0 0 0

#Transform 77
Transform: AffineTransform_float_3_3
Parameters: 0.999997 -0.00178593 0.00119596 0.00179262 0.999983 -0.00550377 -0.00118639 0.00550622 0.999984 0.0593386 0.160459 -0.284158
FixedParameters: 0 0 0

#Transform 78
Transform: AffineTransform_float_3_3
Parameters: 0.999998 -0.00160194 0.00163974 0.00161157 0.999984 -0.00542599 -0.00163136 0.00542901 0.999984 0.0377571 0.156481 -0.277509
FixedParameters: 0 0 0

#Transform 79
Transform: AffineTransform_float_3_3
Parameters: 0.999997 -0.00168441 0.00169268 0.00169373 0.999984 -0.00541477 -0.00168291 0.00541823 0.999984 0.0345337 0.161492 -0.306377
FixedParameters: 0 0 0

#Transform 80
Transform: AffineTransform_float_3_3
Parameters: 0.999997 -0.00179459 0.00176353 0.00180424 0.999983 -0.00544462 -0.0017533 0.00544738 0.999984 0.0356416 0.170074 -0.311854
FixedParameters: 0 0 0

#Transform 81
Transform: AffineTransform_float_3_3
Parameters: 0.999997 -0.00176576 0.00174676 0.0017768 0.99998 -0.00604898 -0.00173554 0.00605201 0.99998 0.0381813 0.184317 -0.2906
FixedParameters: 0 0 0

#Transform 82
Transform: AffineTransform_float_3_3
Parameters: 0.999996 -0.00180689 0.0018692 0.00181858 0.999978 -0.00633969 -0.00185758 0.0063433 0.999978 0.0365731 0.189065 -0.233267
FixedParameters: 0 0 0

#Transform 83
Transform: AffineTransform_float_3_3
Parameters: 0.999996 -0.00175047 0.00213978 0.00176432 0.999979 -0.00636504 -0.00212908 0.00636897 0.999978 0.0269725 0.185214 -0.272291
FixedParameters: 0 0 0

#Transform 84
Transform: AffineTransform_float_3_3
Parameters: 0.999997 -0.00185211 0.00193954 0.0018642 0.999979 -0.00621593 -0.0019278 0.00621907 0.999978 0.0349109 0.177667 -0.316092
FixedParameters: 0 0 0

#Transform 85
Transform: AffineTransform_float_3_3
Parameters: 0.999996 -0.00190572 0.0020043 0.00191782 0.99998 -0.00601441 -0.00199267 0.00601758 0.99998 0.0359741 0.167453 -0.283538
FixedParameters: 0 0 0

#Transform 86
Transform: AffineTransform_float_3_3
Parameters: 0.999996 -0.00193373 0.00201259 0.00194513 0.999981 -0.00594918 -0.00200172 0.00595382 0.99998 0.0381023 0.174451 -0.291963
FixedParameters: 0 0 0

#Transform 87
Transform: AffineTransform_float_3_3
Parameters: 0.999995 -0.00195881 0.00219336 0.00197226 0.99998 -0.00611894 -0.00218097 0.00612306 0.999979 0.0337816 0.174338 -0.305038
FixedParameters: 0 0 0

#Transform 88
Transform: AffineTransform_float_3_3
Parameters: 0.999996 -0.00175056 0.00232476 0.00176507 0.999979 -0.00618242 -0.00231416 0.00618658 0.999979 0.0291244 0.172463 -0.305832
FixedParameters: 0 0 0

#Transform 89
Transform: AffineTransform_float_3_3
Parameters: 0.999996 -0.00197864 0.00209786 0.00199085 0.99998 -0.00610409 -0.0020853 0.00610792 0.999979 0.0313877 0.173551 -0.300302
FixedParameters: 0 0 0

#Transform 90
Transform: AffineTransform_float_3_3
Parameters: 0.999995 -0.00212931 0.0022515 0.00214336 0.999978 -0.00633789 -0.00223777 0.00634211 0.999977 0.0347078 0.188196 -0.30826
FixedParameters: 0 0 0

#Transform 91
Transform: AffineTransform_float_3_3
Parameters: 0.999995 -0.00189998 0.00232471 0.00191576 0.999977 -0.00657481 -0.0023116 0.00657919 0.999975 0.0295576 0.198113 -0.349519
FixedParameters: 0 0 0

#Transform 92
Transform: AffineTransform_float_3_3
Parameters: 0.999995 -0.00196067 0.00243294 0.00197537 0.99998 -0.00594717 -0.00242066 0.00595183 0.999979 0.0221508 0.155849 -0.321295
FixedParameters: 0 0 0

#Transform 93
Transform: AffineTransform_float_3_3
Parameters: 0.999995 -0.00183575 0.00249658 0.00184966 0.999982 -0.00563335 -0.00248695 0.00563764 0.999981 0.00932337 0.173221 -0.349016
FixedParameters: 0 0 0

#Transform 94
Transform: AffineTransform_float_3_3
Parameters: 0.999997 -0.00187052 0.00199278 0.00188204 0.999982 -0.00576834 -0.00198165 0.00577266 0.999981 0.00534844 0.167715 -0.326714
FixedParameters: 0 0 0

#Transform 95
Transform: AffineTransform_float_3_3
Parameters: 0.999997 -0.00153096 0.00192268 0.00154351 0.999978 -0.00646812 -0.00191277 0.00647088 0.999977 0.00501902 0.178696 -0.354882
FixedParameters: 0 0 0

#Transform 96
Transform: AffineTransform_float_3_3
Parameters: 0.999997 -0.00146566 0.00204046 0.00147956 0.999977 -0.00663178 -0.00203038 0.00663421 0.999976 -0.00164704 0.178718 -0.365003
FixedParameters: 0 0 0

#Transform 97
Transform: AffineTransform_float_3_3
Parameters: 0.999996 -0.00158796 0.00204848 0.00160064 0.999978 -0.00643653 -0.00203825 0.00643948 0.999977 -0.0021892 0.166552 -0.352531
FixedParameters: 0 0 0

#Transform 98
Transform: AffineTransform_float_3_3
Parameters: 0.999997 -0.00160046 0.00190527 0.00161003 0.999986 -0.00509573 -0.00189689 0.00509827 0.999985 0.017953 0.141001 -0.202412
FixedParameters: 0 0 0

#Transform 99
Transform: AffineTransform_float_3_3
Parameters: 0.999997 -0.00173103 0.00170321 0.00173674 0.999992 -0.00359067 -0.00169728 0.00359433 0.999992 0.0462123 0.134906 -0.0847003
FixedParameters: 0 0 0

#Transform 100
Transform: AffineTransform_float_3_3
Parameters: 0.999998 -0.00112492 0.00124377 0.00113066 0.999991 -0.00394576 -0.00123939 0.00394723 0.999992 0.017987 0.158219 -0.0807487
FixedParameters: 0 0 0

#Transform 101
Transform: AffineTransform_float_3_3
Parameters: 0.999998 -0.00112086 0.00114958 0.00112606 0.999989 -0.00449687 -0.00114569 0.00449812 0.999989 0.0220727 0.153614 -0.130835
FixedParameters: 0 0 0

#Transform 102
Transform: AffineTransform_float_3_3
Parameters: 0.999998 -0.000976369 0.00185647 0.000986912 0.999984 -0.00565506 -0.0018506 0.00565695 0.999983 0.0125335 0.248152 -0.367687
FixedParameters: 0 0 0

#Transform 103
Transform: AffineTransform_float_3_3
Parameters: 0.999999 -0.00112713 0.0014233 0.0011332 0.999989 -0.00453801 -0.00141819 0.00453899 0.999988 0.0136197 0.0646395 -0.00490667
FixedParameters: 0 0 0

#Transform 104
Transform: AffineTransform_float_3_3
Parameters: 0.999998 -0.00107785 0.00127044 0.00108377 0.999989 -0.00447579 -0.0012656 0.0044772 0.999989 0.0153638 0.149493 -0.0812949
FixedParameters: 0 0 0

#Transform 105
Transform: AffineTransform_float_3_3
Parameters: 0.999998 -0.00102339 0.00156678 0.0010309 0.99999 -0.00440656 -0.00156203 0.00440844 0.999989 -0.000295943 0.149216 -0.171533
FixedParameters: 0 0 0

#Transform 106
Transform: AffineTransform_float_3_3
Parameters: 0.999998 -0.000925315 0.00182046 0.00093319 0.999991 -0.00412419 -0.00181656 0.00412581 0.99999 -0.00659733 0.121138 -0.156516
FixedParameters: 0 0 0

#Transform 107
Transform: AffineTransform_float_3_3
Parameters: 0.999998 -0.000947432 0.00131637 0.000952999 0.999989 -0.00450791 -0.00131211 0.00450908 0.999989 0.00331641 0.152782 -0.17053
FixedParameters: 0 0 0

#Transform 108
Transform: AffineTransform_float_3_3
Parameters: 0.999998 -0.000936505 0.0013422 0.000943433 0.999987 -0.0049299 -0.00133723 0.00493109 0.999987 0.00255025 0.166716 -0.226273
FixedParameters: 0 0 0

#Transform 109
Transform: AffineTransform_float_3_3
Parameters: 0.999998 -0.000985469 0.00130109 0.000992239 0.999987 -0.00490488 -0.00129707 0.00490612 0.999987 0.00406868 0.152451 -0.226558
FixedParameters: 0 0 0

#Transform 110
Transform: AffineTransform_float_3_3
Parameters: 0.999997 -0.00158128 0.00223327 0.00159512 0.99998 -0.0060415 -0.00222353 0.00604549 0.999979 0.0359645 0.199825 -0.182855
FixedParameters: 0 0 0

#Transform 111
Transform: AffineTransform_float_3_3
Parameters: 0.999996 -0.00162921 0.00234275 0.00164449 0.999977 -0.00647922 -0.00233213 0.00648378 0.999976 0.0213886 0.180441 -0.192638
FixedParameters: 0 0 0

#Transform 112
Transform: AffineTransform_float_3_3
Parameters: 0.999997 -0.00107578 0.00195239 0.00108738 0.999981 -0.00614322 -0.00194548 0.00614478 0.999979 -0.0078186 0.168498 -0.22546
FixedParameters: 0 0 0

#Transform 113
Transform: AffineTransform_float_3_3
Parameters: 0.999998 -0.000860982 0.00180943 0.000871861 0.99998 -0.00612931 -0.0018035 0.00613068 0.999979 -0.0067923 0.162928 -0.251501
FixedParameters: 0 0 0

#Transform 114
Transform: AffineTransform_float_3_3
Parameters: 0.999997 -0.00101057 0.00212212 0.00102347 0.999981 -0.00615373 -0.00211545 0.00615628 0.999979 -0.00763165 0.161961 -0.264522
FixedParameters: 0 0 0

#Transform 115
Transform: AffineTransform_float_3_3
Parameters: 0.999998 -0.0009684 0.00207696 0.000981245 0.999981 -0.00606985 -0.00207151 0.00607214 0.999979 -0.0112037 0.199068 -0.279014
FixedParameters: 0 0 0

#Transform 116
Transform: AffineTransform_float_3_3
Parameters: 0.999998 -0.00105468 0.00180163 0.00106369 0.999985 -0.00540126 -0.00179541 0.00540374 0.999983 -0.007118 0.163413 -0.217435
FixedParameters: 0 0 0

#Transform 117
Transform: AffineTransform_float_3_3
Parameters: 0.999998 -0.00106006 0.00180624 0.00106991 0.999985 -0.00538596 -0.00180053 0.00538804 0.999984 -0.00445464 0.174864 -0.212885
FixedParameters: 0 0 0

#Transform 118
Transform: AffineTransform_float_3_3
Parameters: 0.999998 -0.00120899 0.00191489 0.00121937 0.999985 -0.00536056 -0.00190848 0.00536344 0.999984 0.00619619 0.160036 -0.237586
FixedParameters: 0 0 0

#Transform 119
Transform: AffineTransform_float_3_3
Parameters: 0.999998 -0.000991717 0.00185099 0.0010027 0.999983 -0.00570504 -0.00184622 0.00570697 0.999982 -0.00589445 0.162379 -0.244683
FixedParameters: 0 0 0
