# transform file /out/sourcedata/freesurfer/sub-v1s18x0051252_ses-1/mri/transforms/cc_up.lta
# created by oesteban on Mon Mar  9 07:44:40 2026

type      = 0 # LINEAR_VOX_TO_VOX
nxforms   = 1
mean      = 128.0000 123.0000 141.0000
sigma     = 10000.0000
1 4 4
9.621176123619080e-01 2.511458937078714e-03 2.726231217384338e-01 -3.202280426025391e+01 
-2.416326664388180e-03 9.999968409538269e-01 -6.846840260550380e-04 2.340155601501465e+01 
-2.726239860057831e-01 5.820766091346741e-11 9.621206521987915e-01 3.607213211059570e+01 
0.000000000000000e+00 0.000000000000000e+00 0.000000000000000e+00 1.000000000000000e+00 
src volume info
valid = 1  # volume info valid
filename = /out/sourcedata/freesurfer/sub-v1s18x0051252_ses-1/mri/norm.mgz
volume = 256 256 256
voxelsize = 1.000000000000000e+00 1.000000000000000e+00 1.000000000000000e+00
xras   = -1.000000000000000e+00 0.000000000000000e+00 0.000000000000000e+00
yras   = 0.000000000000000e+00 0.000000000000000e+00 -1.000000000000000e+00
zras   = 0.000000000000000e+00 1.000000000000000e+00 0.000000000000000e+00
cras   = 2.680648803710938e+00 -1.919871520996094e+01 -3.237289428710938e+00
dst volume info
valid = 1  # volume info valid
filename = /out/sourcedata/freesurfer/sub-v1s18x0051252_ses-1/mri/norm.mgz
volume = 256 256 256
voxelsize = 1.000000000000000e+00 1.000000000000000e+00 1.000000000000000e+00
xras   = -1.000000000000000e+00 0.000000000000000e+00 0.000000000000000e+00
yras   = 0.000000000000000e+00 0.000000000000000e+00 -1.000000000000000e+00
zras   = 0.000000000000000e+00 1.000000000000000e+00 0.000000000000000e+00
cras   = 2.680648803710938e+00 -1.919871520996094e+01 -3.237289428710938e+00
