#Insight Transform File V1.0
#Transform 0
Transform: AffineTransform_float_3_3
Parameters: 1 0.000490704 0.000305004 -0.000492492 0.999995 0.00318671 -0.000304002 -0.003187 0.999995 -0.103481 -0.0449469 -0.0963841
FixedParameters: 0 0 0

#Transform 1
Transform: AffineTransform_float_3_3
Parameters: 1 0.000331474 0.000304599 -0.000332389 0.999997 0.00238607 -0.000304271 -0.00238627 0.999997 -0.0844941 -0.0292858 -0.0975788
FixedParameters: 0 0 0

#Transform 2
Transform: AffineTransform_float_3_3
Parameters: 1 0.000595792 0.000258702 -0.000596957 0.999996 0.00251494 -0.000257874 -0.00251524 0.999997 -0.0846178 -0.0341394 -0.0450107
FixedParameters: 0 0 0

#Transform 3
Transform: AffineTransform_float_3_3
Parameters: 1 0.000486228 0.000306462 -0.000486846 0.999998 0.00187256 -0.000305918 -0.00187286 0.999998 -0.0672923 -0.0302324 -0.0510049
FixedParameters: 0 0 0

#Transform 4
Transform: AffineTransform_float_3_3
Parameters: 1 0.000487448 0.000305948 -0.000488099 0.999998 0.00193058 -0.000305341 -0.00193088 0.999998 -0.0563917 0.00288828 -0.0771961
FixedParameters: 0 0 0

#Transform 5
Transform: AffineTransform_float_3_3
Parameters: 0.999999 0.000680009 0.000751176 -0.00068177 0.999997 0.00214157 -0.00074992 -0.00214186 0.999998 -0.063071 -0.0369819 -0.0759071
FixedParameters: 0 0 0

#Transform 6
Transform: AffineTransform_float_3_3
Parameters: 0.999999 0.000642925 0.000659238 -0.000643969 0.999998 0.00189614 -0.000658483 -0.00189632 0.999998 -0.0531983 0.0100089 -0.0912844
FixedParameters: 0 0 0

#Transform 7
Transform: AffineTransform_float_3_3
Parameters: 1 0.000497936 0.000326421 -0.000498589 0.999998 0.00181258 -0.000325892 -0.0018129 0.999999 -0.0511274 -0.00191026 -0.0856172
FixedParameters: 0 0 0

#Transform 8
Transform: AffineTransform_float_3_3
Parameters: 0.999999 0.000600423 0.000559918 -0.000601008 0.999998 0.00181239 -0.000559422 -0.00181307 0.999998 -0.0531744 0.00335457 -0.0881472
FixedParameters: 0 0 0

#Transform 9
Transform: AffineTransform_float_3_3
Parameters: 0.999999 0.000501412 0.000829438 -0.000502566 0.999998 0.00181008 -0.000828386 -0.00181093 0.999998 -0.0464938 0.0152724 -0.0936524
FixedParameters: 0 0 0

#Transform 10
Transform: AffineTransform_float_3_3
Parameters: 1 0.000428373 0.00032628 -0.000429357 0.999998 0.00152387 -0.000324952 -0.00152415 0.999999 -0.0477017 0.0244206 -0.0789533
FixedParameters: 0 0 0

#Transform 11
Transform: AffineTransform_float_3_3
Parameters: 1 0.000585352 0.000707275 -0.000586415 0.999999 0.00139947 -0.000706039 -0.00140031 0.999999 -0.0552433 0.019543 -0.0769429
FixedParameters: 0 0 0

#Transform 12
Transform: AffineTransform_float_3_3
Parameters: 0.999999 0.000464898 0.000682737 -0.000466375 0.999999 0.00176647 -0.000681454 -0.00176712 0.999998 -0.0540451 -0.00339336 -0.0669723
FixedParameters: 0 0 0

#Transform 13
Transform: AffineTransform_float_3_3
Parameters: 0.999999 0.00058071 0.000709453 -0.000582353 0.999999 0.00182529 -0.000707698 -0.00182544 0.999998 -0.0553395 0.00655397 -0.0714534
FixedParameters: 0 0 0

#Transform 14
Transform: AffineTransform_float_3_3
Parameters: 1 0.000579775 0.000709875 -0.000580645 0.999998 0.00190944 -0.000708445 -0.00191027 0.999998 -0.0554455 0.00720457 -0.0897654
FixedParameters: 0 0 0

#Transform 15
Transform: AffineTransform_float_3_3
Parameters: 1 0.000735362 0.000928915 -0.000736668 0.999997 0.00219799 -0.000926854 -0.00219797 0.999997 -0.0601183 0.0109761 -0.0763252
FixedParameters: 0 0 0

#Transform 16
Transform: AffineTransform_float_3_3
Parameters: 1 1.36443e-05 0.000643414 -1.59555e-05 0.999993 0.00358182 -0.000643057 -0.00358113 0.999994 -0.00706434 -0.0262661 0.000734426
FixedParameters: 0 0 0

#Transform 17
Transform: AffineTransform_float_3_3
Parameters: 1 -0.00108801 -0.000490193 0.00108783 1 0.000738437 0.000488985 -0.00073882 1 0.0243733 0.0624782 0.0680221
FixedParameters: 0 0 0

#Transform 18
Transform: AffineTransform_float_3_3
Parameters: 1 -4.67227e-05 -0.000398922 4.67605e-05 1 0.00118238 0.000399236 -0.00118241 0.999999 -0.00069141 0.049612 0.121242
FixedParameters: 0 0 0

#Transform 19
Transform: AffineTransform_float_3_3
Parameters: 1 0.000213132 -0.000413179 -0.000213187 1 -6.68722e-05 0.000413151 6.70483e-05 1 -0.00700949 0.0208826 -0.00959508
FixedParameters: 0 0 0

#Transform 20
Transform: AffineTransform_float_3_3
Parameters: 1 -0.00022755 -0.000506223 0.000227827 1 0.000272856 0.000506099 -0.000273087 1 0.00132566 0.00331597 0.0166654
FixedParameters: 0 0 0

#Transform 21
Transform: AffineTransform_float_3_3
Parameters: 0.999999 -4.16407e-05 -0.00139052 4.13367e-05 1 -0.000105683 0.00139053 0.000105632 0.999999 0.0317863 0.0442957 -0.0199312
FixedParameters: 0 0 0

#Transform 22
Transform: AffineTransform_float_3_3
Parameters: 1 0.000308716 -0.00107844 -0.000309079 1 -0.00015949 0.00107832 0.000159482 0.999999 0.0360955 0.0340192 -0.0207782
FixedParameters: 0 0 0

#Transform 23
Transform: AffineTransform_float_3_3
Parameters: 1 0.000286775 0.000105153 -0.00028672 1 -0.000257588 -0.000105301 0.000257528 1 0.0327928 0.047812 -0.0393227
FixedParameters: 0 0 0

#Transform 24
Transform: AffineTransform_float_3_3
Parameters: 1 0.000358392 5.91241e-05 -0.000358287 0.999999 -0.000881679 -5.97559e-05 0.000881636 0.999999 0.036184 0.0246859 -0.0171929
FixedParameters: 0 0 0

#Transform 25
Transform: AffineTransform_float_3_3
Parameters: 1 0.000477002 0.000165344 -0.000476407 0.999999 -0.000579989 -0.000164982 0.000579823 1 0.0350084 0.0219354 -0.0160653
FixedParameters: 0 0 0

#Transform 26
Transform: AffineTransform_float_3_3
Parameters: 0.999999 0.000740968 -0.000109762 -0.000742003 0.999999 -0.000544871 0.000109357 0.000545041 1 0.0336459 0.0501188 -0.00382783
FixedParameters: 0 0 0

#Transform 27
Transform: AffineTransform_float_3_3
Parameters: 0.999999 0.000744235 -0.000111462 -0.00074494 1 -0.000868223 0.000111487 0.00086765 0.999999 0.0500731 0.0545547 -0.00255468
FixedParameters: 0 0 0

#Transform 28
Transform: AffineTransform_float_3_3
Parameters: 0.999999 0.000740968 -0.000109762 -0.000742003 0.999999 -0.000544871 0.000109357 0.000545041 1 0.0360615 0.0451098 -0.0262913
FixedParameters: 0 0 0

#Transform 29
Transform: AffineTransform_float_3_3
Parameters: 1 0.000360504 5.8449e-05 -0.000360491 1 -0.000108605 -5.85273e-05 0.000108563 1 0.0481484 0.00663862 -0.0540029
FixedParameters: 0 0 0

#Transform 30
Transform: AffineTransform_float_3_3
Parameters: 1 2.56496e-05 -0.000686623 -2.59856e-05 1 0.00042141 0.000687048 -0.000421367 0.999999 -0.00393701 0.0202616 -0.0693261
FixedParameters: 0 0 0

#Transform 31
Transform: AffineTransform_float_3_3
Parameters: 1 4.1909e-06 -0.000196396 -4.19407e-06 1 -8.07083e-06 0.000196396 8.07248e-06 1 -0.0161665 0.0341085 -0.0687466
FixedParameters: 0 0 0

#Transform 32
Transform: AffineTransform_float_3_3
Parameters: 1 0.000374054 8.96391e-05 -0.000374027 1 -9.07812e-05 -8.97118e-05 9.13883e-05 1 -0.0146185 0.0176881 -0.0685176
FixedParameters: 0 0 0

#Transform 33
Transform: AffineTransform_float_3_3
Parameters: 1 0.000378613 8.74772e-05 -0.000378519 1 -0.00053359 -8.78812e-05 0.000533524 1 -0.00649408 0.0557231 -0.0851747
FixedParameters: 0 0 0

#Transform 34
Transform: AffineTransform_float_3_3
Parameters: 0.999999 0.00023 0.000764182 -0.000229866 1 -8.72769e-05 -0.000764222 8.69255e-05 0.999999 -0.00646016 0.0265588 -0.0838434
FixedParameters: 0 0 0

#Transform 35
Transform: AffineTransform_float_3_3
Parameters: 0.999999 0.000311716 0.000728133 -0.00031198 1 -0.000447346 -0.000728008 0.0004469 0.999999 -0.00737408 0.0521978 -0.0734473
FixedParameters: 0 0 0

#Transform 36
Transform: AffineTransform_float_3_3
Parameters: 0.999999 -1.04969e-05 0.000786278 1.12937e-05 0.999999 -0.000513519 -0.000786262 0.000512861 0.999999 -0.00701835 0.0509394 -0.0884481
FixedParameters: 0 0 0

#Transform 37
Transform: AffineTransform_float_3_3
Parameters: 1 -0.000135061 -0.000174224 0.000135485 0.999999 -0.00143571 0.000174229 0.00143566 0.999999 -0.00585976 0.062737 -0.0702105
FixedParameters: 0 0 0

#Transform 38
Transform: AffineTransform_float_3_3
Parameters: 0.999999 -0.000273249 0.000885138 0.000272433 1 0.000689129 -0.0008846 -0.000689393 0.999999 0.000789455 -0.0126537 0.0339884
FixedParameters: 0 0 0

#Transform 39
Transform: AffineTransform_float_3_3
Parameters: 0.999999 -0.000229624 0.000957213 0.000230037 1 -0.000221299 -0.000957107 0.000221065 0.999999 0.0126317 0.051495 -0.0346944
FixedParameters: 0 0 0

#Transform 40
Transform: AffineTransform_float_3_3
Parameters: 0.999999 -0.000388701 0.00079147 0.000389372 1 -0.000424267 -0.00079114 0.000424882 0.999999 0.0271046 0.0203248 -0.0628216
FixedParameters: 0 0 0

#Transform 41
Transform: AffineTransform_float_3_3
Parameters: 0.999999 -0.000223325 0.000965495 0.000223217 0.999999 -0.000423282 -0.000964898 0.000423046 0.999999 0.0231432 0.0431055 -0.0586996
FixedParameters: 0 0 0

#Transform 42
Transform: AffineTransform_float_3_3
Parameters: 0.999999 -0.000218211 0.000825763 0.000219219 1 -0.00085567 -0.000826279 0.000855365 1 0.0194493 0.0323018 -0.0620961
FixedParameters: 0 0 0

#Transform 43
Transform: AffineTransform_float_3_3
Parameters: 0.999999 -0.000217335 0.000963206 0.000218274 1 -0.000957418 -0.000962365 0.000957845 0.999999 0.0233036 0.0415872 -0.043796
FixedParameters: 0 0 0

#Transform 44
Transform: AffineTransform_float_3_3
Parameters: 1 -0.000412654 0.000526795 0.000413467 0.999999 -0.00077243 -0.000526157 0.000772864 0.999999 0.0139581 0.0441186 -0.0460676
FixedParameters: 0 0 0

#Transform 45
Transform: AffineTransform_float_3_3
Parameters: 0.999999 -0.000542621 -0.00145919 0.000541288 0.999999 -0.000770432 0.00145962 0.000769581 0.999998 0.0510769 0.0510909 -0.0645556
FixedParameters: 0 0 0

#Transform 46
Transform: AffineTransform_float_3_3
Parameters: 1 -5.74861e-05 -0.000962965 5.69004e-05 1 -0.00077898 0.00096265 0.000779601 0.999999 0.0338289 0.0566192 -0.0775137
FixedParameters: 0 0 0

#Transform 47
Transform: AffineTransform_float_3_3
Parameters: 0.999998 -0.000490858 -0.00161757 0.000490188 1 -0.000492809 0.00161767 0.000492692 0.999999 0.0193855 0.0104816 -0.0247186
FixedParameters: 0 0 0

#Transform 48
Transform: AffineTransform_float_3_3
Parameters: 0.999998 0.000848505 -0.00191434 -0.000849891 0.999999 -0.00069778 0.00191366 0.000699667 0.999998 -0.0914688 0.0706482 -0.0280184
FixedParameters: 0 0 0

#Transform 49
Transform: AffineTransform_float_3_3
Parameters: 1 0.000783288 -0.000803995 -0.000783652 1 -0.000471133 0.000804151 0.000471646 0.999999 -0.060595 0.0355034 -0.0346239
FixedParameters: 0 0 0

#Transform 50
Transform: AffineTransform_float_3_3
Parameters: 1 0.000345896 -0.000167074 -0.000346132 0.999999 -0.000705695 0.000166586 0.00070581 0.999999 -0.0320118 0.0571176 -0.0529851
FixedParameters: 0 0 0

#Transform 51
Transform: AffineTransform_float_3_3
Parameters: 1 -8.02066e-05 0.000412781 8.12215e-05 1 -0.00121873 -0.000412563 0.0012188 0.999999 -0.0179357 0.0673921 -0.0576298
FixedParameters: 0 0 0

#Transform 52
Transform: AffineTransform_float_3_3
Parameters: 1 -5.55221e-05 1.03853e-05 5.55625e-05 0.999999 -0.00152371 -1.01955e-05 0.00152371 0.999999 -0.00212095 0.0712804 -0.0675151
FixedParameters: 0 0 0

#Transform 53
Transform: AffineTransform_float_3_3
Parameters: 1 -0.000114819 0.000248849 0.000114321 0.999998 -0.00163136 -0.000248966 0.00163143 0.999998 0.00123785 0.0748735 -0.0814535
FixedParameters: 0 0 0

#Transform 54
Transform: AffineTransform_float_3_3
Parameters: 1 -0.000280251 0.000479569 0.000281281 0.999999 -0.00148399 -0.000479629 0.00148427 0.999999 0.00797865 0.0743059 -0.0714937
FixedParameters: 0 0 0

#Transform 55
Transform: AffineTransform_float_3_3
Parameters: 0.999999 -0.00021265 -0.00088367 0.000210946 0.999998 -0.00224152 0.000884788 0.00224112 0.999997 0.0043146 0.0793142 0.00951096
FixedParameters: 0 0 0

#Transform 56
Transform: AffineTransform_float_3_3
Parameters: 1 0.000315084 -0.000594616 -0.00031578 0.999998 -0.00169423 0.000594083 0.00169317 0.999998 0.0262266 0.0862982 -0.0467997
FixedParameters: 0 0 0

#Transform 57
Transform: AffineTransform_float_3_3
Parameters: 1 -0.000129964 -0.000227884 0.000130259 0.999999 -0.00137942 0.00022786 0.00137936 0.999999 0.0230368 0.0495421 -0.0334267
FixedParameters: 0 0 0

#Transform 58
Transform: AffineTransform_float_3_3
Parameters: 1 0.00017666 -0.000446751 -0.000177879 0.999999 -0.00137518 0.000446284 0.00137534 0.999999 0.0246607 0.0648314 -0.0376597
FixedParameters: 0 0 0

#Transform 59
Transform: AffineTransform_float_3_3
Parameters: 1 0.000411144 -0.000339494 -0.000411664 0.999999 -0.00137321 0.000339299 0.00137348 0.999999 0.0288052 0.0606855 -0.0231069
FixedParameters: 0 0 0

#Transform 60
Transform: AffineTransform_float_3_3
Parameters: 1 8.81364e-05 -0.000407351 -8.85888e-05 1 -0.000555257 0.000407253 0.000555329 1 0.0275005 0.088059 0.0317895
FixedParameters: 0 0 0

#Transform 61
Transform: AffineTransform_float_3_3
Parameters: 1 0.000166234 0.000275276 -0.000165411 0.999999 -0.00147868 -0.000275746 0.00147859 0.999999 0.0301116 0.0720304 0.00418145
FixedParameters: 0 0 0

#Transform 62
Transform: AffineTransform_float_3_3
Parameters: 1 0.000142879 0.000219995 -0.000142179 0.999999 -0.00156866 -0.000220422 0.0015686 0.999998 0.0377982 0.0547723 -0.0101115
FixedParameters: 0 0 0

#Transform 63
Transform: AffineTransform_float_3_3
Parameters: 1 1.85774e-05 0.00017225 -1.80069e-05 0.999998 -0.00162969 -0.000172289 0.00162969 0.999998 0.0431013 0.0588175 0.0115896
FixedParameters: 0 0 0

#Transform 64
Transform: AffineTransform_float_3_3
Parameters: 1 0.00021587 8.48775e-05 -0.000215617 0.999999 -0.00143229 -8.5475e-05 0.00143225 0.999999 0.033262 0.0783963 0.0289477
FixedParameters: 0 0 0

#Transform 65
Transform: AffineTransform_float_3_3
Parameters: 1 0.000409934 0.000374082 -0.000409809 0.999999 -0.00137673 -0.000374786 0.00137643 0.999999 0.0269293 0.0831299 0.0154628
FixedParameters: 0 0 0

#Transform 66
Transform: AffineTransform_float_3_3
Parameters: 1 0.000414975 0.000380557 -0.000414703 0.999998 -0.00154673 -0.000381416 0.00154642 0.999998 0.0294751 0.087006 -0.00690579
FixedParameters: 0 0 0

#Transform 67
Transform: AffineTransform_float_3_3
Parameters: 1 0.000573761 -0.000167382 -0.000574093 1 -0.00101935 0.000166232 0.00101954 1 0.02846 0.0885568 0.138501
FixedParameters: 0 0 0

#Transform 68
Transform: AffineTransform_float_3_3
Parameters: 0.999999 0.000429436 -0.000599786 -0.000429401 0.999999 -0.000733696 0.000598752 0.000734204 0.999999 0.0259819 0.0900082 0.0507404
FixedParameters: 0 0 0

#Transform 69
Transform: AffineTransform_float_3_3
Parameters: 1 0.000322115 5.55279e-05 -0.000322033 0.999999 -0.000730021 -5.59981e-05 0.000729985 0.999999 0.0196975 0.0641504 0.0703745
FixedParameters: 0 0 0

#Transform 70
Transform: AffineTransform_float_3_3
Parameters: 1 0.000139579 -0.000280394 -0.000140082 0.999999 -0.000897322 0.000280143 0.0008974 0.999999 0.0188874 0.0639329 0.0622727
FixedParameters: 0 0 0

#Transform 71
Transform: AffineTransform_float_3_3
Parameters: 1 0.000289271 -8.5261e-05 -0.000289423 0.999999 -0.000896688 8.47421e-05 0.000896737 0.999999 0.0217757 0.0895865 0.0508455
FixedParameters: 0 0 0

#Transform 72
Transform: AffineTransform_float_3_3
Parameters: 1 0.000295571 0.000177632 -0.000296113 1 -0.00102389 -0.000177814 0.00102379 1 0.0140285 0.0537937 0.0915921
FixedParameters: 0 0 0

#Transform 73
Transform: AffineTransform_float_3_3
Parameters: 1 5.14267e-05 0.000106281 -5.12166e-05 0.999999 -0.000988021 -0.000106382 0.00098801 0.999999 0.0198619 0.0569221 0.0891659
FixedParameters: 0 0 0

#Transform 74
Transform: AffineTransform_float_3_3
Parameters: 1 0.000197349 -7.52087e-05 -0.000197066 0.999999 -0.000795681 7.58097e-05 0.000795702 0.999999 0.0206575 0.0517334 0.0842527
FixedParameters: 0 0 0

#Transform 75
Transform: AffineTransform_float_3_3
Parameters: 1 0.000209294 -5.42877e-05 -0.000209395 1 -0.00101567 5.38829e-05 0.00101569 1 0.0226619 0.0918071 0.0456497
FixedParameters: 0 0 0

#Transform 76
Transform: AffineTransform_float_3_3
Parameters: 1 0.000295716 0.0001525 -0.000295529 1 -0.000612748 -0.000152862 0.000612658 1 0.0134128 0.0620075 0.0628327
FixedParameters: 0 0 0

#Transform 77
Transform: AffineTransform_float_3_3
Parameters: 1 0.000253111 5.43312e-05 -0.000253038 0.999999 -0.000674713 -5.46727e-05 0.000674686 1 0.0126728 0.0726906 0.0691529
FixedParameters: 0 0 0

#Transform 78
Transform: AffineTransform_float_3_3
Parameters: 1 0.00031251 0.000192102 -0.000311893 1 -0.000556771 -0.000191535 0.000556643 1 0.0114529 0.0540012 0.06586
FixedParameters: 0 0 0

#Transform 79
Transform: AffineTransform_float_3_3
Parameters: 1 -0.000132902 0.000179 0.000133161 0.999999 -0.000724189 -0.000178807 0.000724236 0.999999 0.00644547 0.0421641 0.0880759
FixedParameters: 0 0 0

#Transform 80
Transform: AffineTransform_float_3_3
Parameters: 0.999998 9.363e-05 -0.00161073 -9.55868e-05 0.999999 -0.00130017 0.00161061 0.00130052 0.999998 0.0210022 0.0922804 0.0552509
FixedParameters: 0 0 0

#Transform 81
Transform: AffineTransform_float_3_3
Parameters: 0.999998 -0.000284179 -0.00229427 0.000277769 0.999996 -0.00277247 0.0022953 0.00277192 0.999993 0.0427565 0.110246 -0.014195
FixedParameters: 0 0 0

#Transform 82
Transform: AffineTransform_float_3_3
Parameters: 0.999999 -0.000504478 -0.00148824 0.000502263 0.999998 -0.00197995 0.00148866 0.00197916 0.999997 0.0380293 0.0832488 0.0295325
FixedParameters: 0 0 0

#Transform 83
Transform: AffineTransform_float_3_3
Parameters: 0.999999 -0.000496572 -0.00149505 0.000493719 0.999997 -0.00218647 0.00149566 0.00218644 0.999997 0.030826 0.0915187 0.0341168
FixedParameters: 0 0 0

#Transform 84
Transform: AffineTransform_float_3_3
Parameters: 0.999999 -0.000792266 -0.00160347 0.000788395 0.999998 -0.00194251 0.00160446 0.00194143 0.999997 -0.0276595 0.0504076 0.143893
FixedParameters: 0 0 0

#Transform 85
Transform: AffineTransform_float_3_3
Parameters: 0.999999 -0.00073465 -0.00165527 0.000730954 0.999998 -0.00222702 0.00165696 0.0022253 0.999996 -0.0132396 0.123188 0.139249
FixedParameters: 0 0 0

#Transform 86
Transform: AffineTransform_float_3_3
Parameters: 0.999999 -0.00038158 -0.00128469 0.00037748 0.999997 -0.00267375 0.00128557 0.00267275 0.999995 0.0100248 0.121021 0.0789736
FixedParameters: 0 0 0

#Transform 87
Transform: AffineTransform_float_3_3
Parameters: 0.999999 -0.000389811 -0.000787495 0.000387586 0.999995 -0.00292755 0.000787748 0.00292766 0.999996 0.0186986 0.126373 0.0526847
FixedParameters: 0 0 0

#Transform 88
Transform: AffineTransform_float_3_3
Parameters: 0.999999 -0.000581261 -0.000412591 0.000579788 0.999997 -0.00243346 0.000414159 0.00243298 0.999997 0.0272988 0.0808272 0.0446661
FixedParameters: 0 0 0

#Transform 89
Transform: AffineTransform_float_3_3
Parameters: 0.999999 -0.000521606 -0.000607583 0.000520143 0.999997 -0.00239905 0.000608421 0.00239841 0.999997 0.0325037 0.0855519 0.0425944
FixedParameters: 0 0 0

#Transform 90
Transform: AffineTransform_float_3_3
Parameters: 0.999999 -0.000702613 -0.000360943 0.000701963 0.999997 -0.00235195 0.000361672 0.00235145 0.999997 0.0296021 0.0857359 0.0447971
FixedParameters: 0 0 0

#Transform 91
Transform: AffineTransform_float_3_3
Parameters: 1 -0.000646781 -0.000191881 0.000646297 0.999996 -0.00267203 0.000194099 0.00267179 0.999997 0.0264045 0.11777 0.0285232
FixedParameters: 0 0 0

#Transform 92
Transform: AffineTransform_float_3_3
Parameters: 0.999997 4.35311e-06 -0.00235522 -9.63552e-06 0.999997 -0.00226339 0.00235505 0.0022635 0.999995 -0.0119001 0.0653967 0.00284857
FixedParameters: 0 0 0

#Transform 93
Transform: AffineTransform_float_3_3
Parameters: 0.999998 0.000553161 -0.00204881 -0.000558149 0.999997 -0.00250543 0.00204814 0.00250704 0.999995 -0.0200353 0.0922896 -0.00315681
FixedParameters: 0 0 0

#Transform 94
Transform: AffineTransform_float_3_3
Parameters: 1 -6.44552e-05 -0.001095 6.15462e-05 0.999997 -0.00235593 0.00109545 0.00235577 0.999996 0.00652353 0.0719302 0.0196042
FixedParameters: 0 0 0

#Transform 95
Transform: AffineTransform_float_3_3
Parameters: 0.999999 -0.00019546 -0.00137825 0.000191396 0.999997 -0.00247666 0.00137806 0.00247617 0.999996 0.0310329 0.104685 -0.0330929
FixedParameters: 0 0 0

#Transform 96
Transform: AffineTransform_float_3_3
Parameters: 0.999999 -0.000263997 -0.00136751 0.000260899 0.999997 -0.00247751 0.00136726 0.00247683 0.999996 0.0305318 0.0692576 -0.017546
FixedParameters: 0 0 0

#Transform 97
Transform: AffineTransform_float_3_3
Parameters: 1 -0.000282838 -0.00108346 0.000280102 0.999996 -0.00272648 0.00108476 0.00272584 0.999995 0.0284755 0.104365 -0.0329257
FixedParameters: 0 0 0

#Transform 98
Transform: AffineTransform_float_3_3
Parameters: 0.999999 -0.0002724 -0.0013923 0.000268912 0.999996 -0.00272052 0.00139316 0.00271979 0.999996 0.0313195 0.127816 -0.0429639
FixedParameters: 0 0 0

#Transform 99
Transform: AffineTransform_float_3_3
Parameters: 1 -0.000281124 -0.00105687 0.000278381 0.999996 -0.00280221 0.00105822 0.00280232 0.999996 0.0259627 0.0956447 -0.00629339
FixedParameters: 0 0 0

#Transform 100
Transform: AffineTransform_float_3_3
Parameters: 0.999999 -0.000282537 -0.00085924 0.000280012 0.999997 -0.00255404 0.000859951 0.00255428 0.999997 0.0338627 0.0892572 -0.026657
FixedParameters: 0 0 0

#Transform 101
Transform: AffineTransform_float_3_3
Parameters: 0.999999 -0.000565589 -0.00114604 0.000562331 0.999997 -0.00262942 0.00114786 0.0026281 0.999996 0.0459218 0.122573 -0.0410561
FixedParameters: 0 0 0

#Transform 102
Transform: AffineTransform_float_3_3
Parameters: 1 -0.000414274 -0.00101521 0.000410874 0.999996 -0.00304226 0.00101659 0.0030414 0.999995 0.0426626 0.090609 -0.0269386
FixedParameters: 0 0 0

#Transform 103
Transform: AffineTransform_float_3_3
Parameters: 0.999998 -0.000513348 -0.00156425 0.000509378 0.999996 -0.00257741 0.00156627 0.00257725 0.999996 0.0527589 0.104822 -0.0108861
FixedParameters: 0 0 0

#Transform 104
Transform: AffineTransform_float_3_3
Parameters: 1 -0.000303313 -0.00115752 0.000299921 0.999997 -0.00266239 0.00115797 0.00266167 0.999996 0.0306369 0.112573 -0.0121208
FixedParameters: 0 0 0

#Transform 105
Transform: AffineTransform_float_3_3
Parameters: 0.999999 -0.000283437 -0.000920162 0.000280642 0.999996 -0.00303419 0.000920765 0.00303365 0.999995 0.031408 0.130203 -0.039285
FixedParameters: 0 0 0

#Transform 106
Transform: AffineTransform_float_3_3
Parameters: 1 -0.000439852 -0.00113515 0.000437172 0.999996 -0.00257666 0.00113717 0.00257637 0.999996 0.0336535 0.0867931 -0.0209232
FixedParameters: 0 0 0

#Transform 107
Transform: AffineTransform_float_3_3
Parameters: 0.999998 -0.00048766 -0.00157574 0.000483177 0.999995 -0.0030123 0.00157766 0.00301079 0.999995 0.0370039 0.118868 -0.0614136
FixedParameters: 0 0 0

#Transform 108
Transform: AffineTransform_float_3_3
Parameters: 0.999999 -0.000518528 -0.00136504 0.000513753 0.999994 -0.00344269 0.0013667 0.00344198 0.999993 0.0490225 0.140946 -0.0711482
FixedParameters: 0 0 0

#Transform 109
Transform: AffineTransform_float_3_3
Parameters: 0.999999 -0.000443374 -0.00136343 0.000439444 0.999995 -0.00313481 0.00136429 0.00313431 0.999994 0.0424318 0.071815 -0.0600804
FixedParameters: 0 0 0

#Transform 110
Transform: AffineTransform_float_3_3
Parameters: 0.999998 -0.000444687 -0.00159492 0.000440001 0.999995 -0.0033319 0.00159648 0.00333117 0.999993 0.0350521 0.129843 -0.066635
FixedParameters: 0 0 0

#Transform 111
Transform: AffineTransform_float_3_3
Parameters: 0.999998 -0.000191014 -0.00191793 0.000184942 0.999994 -0.00323296 0.00191866 0.00323298 0.999993 0.0275406 0.0802796 -0.0836886
FixedParameters: 0 0 0

#Transform 112
Transform: AffineTransform_float_3_3
Parameters: 0.999997 -0.00053001 -0.00213087 0.00052121 0.99999 -0.00432608 0.0021325 0.00432597 0.999988 0.0370187 0.154073 -0.0915158
FixedParameters: 0 0 0

#Transform 113
Transform: AffineTransform_float_3_3
Parameters: 0.999998 -0.000502898 -0.00156689 0.00049696 0.999993 -0.00379535 0.00156934 0.0037952 0.999992 0.0525665 0.0892195 -0.023058
FixedParameters: 0 0 0

#Transform 114
Transform: AffineTransform_float_3_3
Parameters: 0.999999 -0.000476683 -0.00143615 0.000471917 0.999995 -0.00294171 0.00143742 0.00294039 0.999995 0.0504144 0.079024 0.0162808
FixedParameters: 0 0 0

#Transform 115
Transform: AffineTransform_float_3_3
Parameters: 0.999999 -0.000597568 -0.00133973 0.000593563 0.999996 -0.00287583 0.00134162 0.00287561 0.999994 0.0618413 0.0968351 -0.0179194
FixedParameters: 0 0 0

#Transform 116
Transform: AffineTransform_float_3_3
Parameters: 0.999999 -0.000336724 -0.00128707 0.000333147 0.999997 -0.00246585 0.00128757 0.0024657 0.999996 0.0469 0.0821507 0.00330955
FixedParameters: 0 0 0

#Transform 117
Transform: AffineTransform_float_3_3
Parameters: 0.999999 -0.0005283 -0.00120856 0.000525282 0.999996 -0.00277639 0.00120995 0.00277582 0.999996 0.0469878 0.125854 -0.00504167
FixedParameters: 0 0 0

#Transform 118
Transform: AffineTransform_float_3_3
Parameters: 0.999999 -0.000460042 -0.00122682 0.000457785 0.999998 -0.00204549 0.00122752 0.00204508 0.999997 0.0469788 0.0696745 0.0416001
FixedParameters: 0 0 0

#Transform 119
Transform: AffineTransform_float_3_3
Parameters: 1 -0.000646055 -0.000984507 0.000644072 0.999997 -0.00241774 0.000986473 0.00241786 0.999997 0.0687336 0.0872012 0.0307286
FixedParameters: 0 0 0
