# transform file /out/sourcedata/freesurfer/sub-v1s18x0051263_ses-1/mri/transforms/cc_up.lta
# created by oesteban on Mon Mar  9 08:10:37 2026

type      = 0 # LINEAR_VOX_TO_VOX
nxforms   = 1
mean      = 128.0000 111.0000 115.0000
sigma     = 10000.0000
1 4 4
9.982194900512695e-01 4.933041334152222e-02 -3.353260457515717e-02 -1.422803282737732e+00 
-4.930260404944420e-02 9.987825751304626e-01 1.656193519011140e-03 4.628498840332031e+01 
3.357347846031189e-02 1.164153218269348e-10 9.994362592697144e-01 1.373103713989258e+01 
0.000000000000000e+00 0.000000000000000e+00 0.000000000000000e+00 1.000000000000000e+00 
src volume info
valid = 1  # volume info valid
filename = /out/sourcedata/freesurfer/sub-v1s18x0051263_ses-1/mri/norm.mgz
volume = 256 256 256
voxelsize = 1.000000000000000e+00 1.000000000000000e+00 1.000000000000000e+00
xras   = -1.000000000000000e+00 0.000000000000000e+00 0.000000000000000e+00
yras   = 0.000000000000000e+00 0.000000000000000e+00 -1.000000000000000e+00
zras   = 0.000000000000000e+00 1.000000000000000e+00 0.000000000000000e+00
cras   = -2.491767883300781e+00 7.650276184082031e+00 -6.043518066406250e+00
dst volume info
valid = 1  # volume info valid
filename = /out/sourcedata/freesurfer/sub-v1s18x0051263_ses-1/mri/norm.mgz
volume = 256 256 256
voxelsize = 1.000000000000000e+00 1.000000000000000e+00 1.000000000000000e+00
xras   = -1.000000000000000e+00 0.000000000000000e+00 0.000000000000000e+00
yras   = 0.000000000000000e+00 0.000000000000000e+00 -1.000000000000000e+00
zras   = 0.000000000000000e+00 1.000000000000000e+00 0.000000000000000e+00
cras   = -2.491767883300781e+00 7.650276184082031e+00 -6.043518066406250e+00
