#Insight Transform File V1.0
#Transform 0
Transform: AffineTransform_float_3_3
Parameters: 0.999999 0.00115891 0.000855659 -0.00116423 0.99998 0.00618189 -0.000848212 -0.00618237 0.99998 0.0216572 -0.0175253 2.99096
FixedParameters: 0 0 0

#Transform 1
Transform: AffineTransform_float_3_3
Parameters: 0.999999 0.00134348 6.48088e-05 -0.00134394 0.999991 0.00420958 -5.90245e-05 -0.00420982 0.999991 0.00838192 0.0958562 2.70829
FixedParameters: 0 0 0

#Transform 2
Transform: AffineTransform_float_3_3
Parameters: 0.999998 0.00157687 -0.00138674 -0.00157404 0.999997 0.00150861 0.00138922 -0.00150671 0.999998 -0.02787 0.0942227 2.28689
FixedParameters: 0 0 0

#Transform 3
Transform: AffineTransform_float_3_3
Parameters: 0.999998 0.00181457 -0.00157066 -0.00181567 0.999998 -0.000711195 0.00156878 0.000714435 0.999998 -0.0734911 0.138959 1.6736
FixedParameters: 0 0 0

#Transform 4
Transform: AffineTransform_float_3_3
Parameters: 0.999996 0.00159636 -0.00265217 -0.00159652 0.999999 -0.000283007 0.00265146 0.000287514 0.999996 -0.0836178 0.0597466 1.72563
FixedParameters: 0 0 0

#Transform 5
Transform: AffineTransform_float_3_3
Parameters: 0.999995 0.00122589 -0.00314216 -0.00122422 0.999999 0.000510155 0.00314279 -0.000506559 0.999995 -0.0926561 0.121987 1.55329
FixedParameters: 0 0 0

#Transform 6
Transform: AffineTransform_float_3_3
Parameters: 0.999982 0.00150781 -0.00584734 -0.00149974 0.999998 0.00135245 0.00584966 -0.00134303 0.999982 -0.127523 0.246984 0.919049
FixedParameters: 0 0 0

#Transform 7
Transform: AffineTransform_float_3_3
Parameters: 0.999997 0.00221214 -0.000356138 -0.00221497 0.999971 -0.00723326 0.000339798 0.00723393 0.999974 -0.229665 0.233781 -0.0804747
FixedParameters: 0 0 0

#Transform 8
Transform: AffineTransform_float_3_3
Parameters: 0.999999 0.00158845 0.000841923 -0.00157918 0.999936 -0.0112528 -0.000859813 0.0112516 0.999936 -0.093114 0.126662 -0.771946
FixedParameters: 0 0 0

#Transform 9
Transform: AffineTransform_float_3_3
Parameters: 0.999998 0.00216758 0.000424441 -0.00216046 0.999863 -0.0164271 -0.00046096 0.0164255 0.999865 -0.0801454 0.162757 -1.26166
FixedParameters: 0 0 0

#Transform 10
Transform: AffineTransform_float_3_3
Parameters: 0.999997 0.00210179 -0.000310751 -0.00210534 0.999932 -0.0114153 0.000286136 0.011416 0.999934 -0.0991094 0.0252566 -1.04906
FixedParameters: 0 0 0

#Transform 11
Transform: AffineTransform_float_3_3
Parameters: 0.999998 0.00197258 -0.000393017 -0.00197645 0.999945 -0.0103111 0.000372421 0.0103118 0.999947 -0.0882649 0.0251332 -1.01399
FixedParameters: 0 0 0

#Transform 12
Transform: AffineTransform_float_3_3
Parameters: 0.999998 0.00181253 -0.000661852 -0.00181988 0.999941 -0.0107213 0.000641619 0.0107227 0.999942 -0.0847122 0.0641616 -1.02325
FixedParameters: 0 0 0

#Transform 13
Transform: AffineTransform_float_3_3
Parameters: 0.999998 0.00162899 -0.000824221 -0.00163711 0.999952 -0.00967811 0.000808744 0.00967946 0.999953 -0.0674036 0.0575644 -0.951174
FixedParameters: 0 0 0

#Transform 14
Transform: AffineTransform_float_3_3
Parameters: 0.999998 0.00140503 -0.00130945 -0.00141583 0.999963 -0.00843402 0.00129738 0.00843574 0.999963 -0.0337441 0.0356913 -0.682592
FixedParameters: 0 0 0

#Transform 15
Transform: AffineTransform_float_3_3
Parameters: 0.999999 0.000662178 -0.00093067 -0.000668151 0.999979 -0.00643871 0.000926345 0.0064391 0.999979 -0.0164435 0.0193438 -0.528074
FixedParameters: 0 0 0

#Transform 16
Transform: AffineTransform_float_3_3
Parameters: 1 8.41983e-05 0.000130753 -8.33178e-05 0.999994 -0.00326236 -0.000131237 0.00326247 0.999995 0.0457642 0.018819 -0.182075
FixedParameters: 0 0 0

#Transform 17
Transform: AffineTransform_float_3_3
Parameters: 1 -0.000167884 0.000270314 0.000169048 0.999997 -0.00233316 -0.000269245 0.00233261 0.999998 0.0295093 0.0280657 -0.10375
FixedParameters: 0 0 0

#Transform 18
Transform: AffineTransform_float_3_3
Parameters: 1 -0.000276898 0.000374264 0.000278006 0.999999 -0.00175589 -0.00037379 0.0017555 0.999998 0.0258274 0.0110329 -0.022526
FixedParameters: 0 0 0

#Transform 19
Transform: AffineTransform_float_3_3
Parameters: 1 -0.000663555 0.000423413 0.000664326 0.999998 -0.0017408 -0.00042281 0.00174093 0.999998 0.0213772 0.00961092 0.0169818
FixedParameters: 0 0 0

#Transform 20
Transform: AffineTransform_float_3_3
Parameters: 0.999999 -0.000480605 0.000538906 0.000480253 1 0.000326744 -0.00053922 -0.000326226 1 -0.00578126 -0.0114111 -0.0262844
FixedParameters: 0 0 0

#Transform 21
Transform: AffineTransform_float_3_3
Parameters: 1 -0.000245121 0.000508708 0.000245814 0.999999 -0.000859352 -0.000508212 0.000858905 0.999999 0.00733629 0.0312303 0.00406787
FixedParameters: 0 0 0

#Transform 22
Transform: AffineTransform_float_3_3
Parameters: 1 0.000330492 -0.000258079 -0.000330611 1 -0.000230491 0.000257926 0.000230662 1 0.0213724 0.029099 0.0261668
FixedParameters: 0 0 0

#Transform 23
Transform: AffineTransform_float_3_3
Parameters: 1 -0.000144111 0.00017366 0.000143852 0.999999 0.000744451 -0.000173874 -0.000744401 0.999999 0.0274847 0.0134922 -0.0312771
FixedParameters: 0 0 0

#Transform 24
Transform: AffineTransform_float_3_3
Parameters: 1 -0.000164584 0.000455262 0.000165697 1 -0.00106301 -0.000454557 0.00106313 1 0.0308631 0.0509577 -0.0246858
FixedParameters: 0 0 0

#Transform 25
Transform: AffineTransform_float_3_3
Parameters: 0.999999 -0.000696741 0.00019352 0.000697014 1 -0.000238867 -0.00019326 0.000239834 1 0.030381 0.0327508 0.0495026
FixedParameters: 0 0 0

#Transform 26
Transform: AffineTransform_float_3_3
Parameters: 0.999999 -0.000664292 0.000388116 0.000664409 0.999999 -0.000602098 -0.00038817 0.000602748 1 0.0277833 0.0344315 0.0786375
FixedParameters: 0 0 0

#Transform 27
Transform: AffineTransform_float_3_3
Parameters: 0.999982 -0.00195792 0.00567381 0.00198496 0.999987 -0.00472948 -0.00566482 0.00474082 0.999973 -0.0365315 -0.048599 -0.504855
FixedParameters: 0 0 0

#Transform 28
Transform: AffineTransform_float_3_3
Parameters: 0.999901 -0.00187007 0.0139107 0.00221713 0.999684 -0.0250298 -0.0138601 0.0250585 0.99959 0.0330281 0.277096 -1.76543
FixedParameters: 0 0 0

#Transform 29
Transform: AffineTransform_float_3_3
Parameters: 0.999946 -0.000495131 0.0103939 0.000699822 0.999805 -0.0197106 -0.0103826 0.0197167 0.999752 -0.0406358 0.139546 -2.00216
FixedParameters: 0 0 0

#Transform 30
Transform: AffineTransform_float_3_3
Parameters: 0.999989 -0.000182138 0.00454546 0.000240217 0.999919 -0.0127821 -0.00454319 0.0127832 0.999909 -0.104865 0.0528321 -1.32837
FixedParameters: 0 0 0

#Transform 31
Transform: AffineTransform_float_3_3
Parameters: 0.999997 0.00193564 -0.00189144 -0.00193932 0.999997 -0.00182105 0.00188805 0.00182462 0.999996 -0.0300007 -0.0167663 -0.399567
FixedParameters: 0 0 0

#Transform 32
Transform: AffineTransform_float_3_3
Parameters: 0.999995 0.00197947 -0.00225282 -0.00197969 0.999999 9.13875e-05 0.00225319 -8.67231e-05 0.999997 -0.0467748 0.0583406 -0.343128
FixedParameters: 0 0 0

#Transform 33
Transform: AffineTransform_float_3_3
Parameters: 0.999996 0.00213488 -0.00183358 -0.00213424 0.999998 0.000396527 0.00183435 -0.000392121 0.999999 -0.0408415 0.0143042 -0.317131
FixedParameters: 0 0 0

#Transform 34
Transform: AffineTransform_float_3_3
Parameters: 0.999993 0.00239745 -0.00270499 -0.00239703 0.999997 0.00038205 0.0027054 -0.000375245 0.999996 -0.0387032 0.0321277 -0.270397
FixedParameters: 0 0 0

#Transform 35
Transform: AffineTransform_float_3_3
Parameters: 0.999992 0.00245808 -0.0029566 -0.00245587 0.999997 0.000471058 0.00295805 -0.000463662 0.999996 -0.0428013 0.0331187 -0.235247
FixedParameters: 0 0 0

#Transform 36
Transform: AffineTransform_float_3_3
Parameters: 0.999992 0.00238865 -0.0030749 -0.00238539 0.999996 0.00114276 0.0030774 -0.0011352 0.999995 -0.0442938 0.0173174 -0.211312
FixedParameters: 0 0 0

#Transform 37
Transform: AffineTransform_float_3_3
Parameters: 0.99999 0.00264126 -0.00349231 -0.00263815 0.999996 0.00105757 0.00349472 -0.00104833 0.999994 -0.0403673 0.00144263 -0.158624
FixedParameters: 0 0 0

#Transform 38
Transform: AffineTransform_float_3_3
Parameters: 0.999989 0.00296072 -0.0036407 -0.00295523 0.999995 0.0015804 0.00364575 -0.00156982 0.999992 -0.0391961 0.00244355 -0.134905
FixedParameters: 0 0 0

#Transform 39
Transform: AffineTransform_float_3_3
Parameters: 0.999988 0.00304102 -0.00392645 -0.00303525 0.999994 0.00138344 0.00393076 -0.00137149 0.999991 -0.0504167 0.00969895 -0.110183
FixedParameters: 0 0 0

#Transform 40
Transform: AffineTransform_float_3_3
Parameters: 0.99999 0.00285685 -0.00341193 -0.00285317 0.999995 0.00118398 0.00341473 -0.00117364 0.999993 -0.0572393 0.019165 -0.111115
FixedParameters: 0 0 0

#Transform 41
Transform: AffineTransform_float_3_3
Parameters: 0.999988 0.00294101 -0.00395529 -0.00293678 0.999995 0.00102051 0.00395767 -0.00100874 0.999991 -0.0519355 0.0296415 0.210786
FixedParameters: 0 0 0

#Transform 42
Transform: AffineTransform_float_3_3
Parameters: 0.999981 0.00190428 -0.00579495 -0.00183982 0.999936 0.0111606 0.00581661 -0.0111493 0.999921 -0.155678 -0.242029 2.31258
FixedParameters: 0 0 0

#Transform 43
Transform: AffineTransform_float_3_3
Parameters: 0.999991 0.00224304 -0.00356019 -0.00213254 0.999522 0.0308375 0.00362737 -0.0308289 0.999518 -0.253353 0.266688 1.9487
FixedParameters: 0 0 0

#Transform 44
Transform: AffineTransform_float_3_3
Parameters: 0.999986 0.00314114 -0.00425317 -0.00307343 0.999871 0.0157501 0.00430199 -0.0157369 0.999867 -0.25454 0.221738 1.46959
FixedParameters: 0 0 0

#Transform 45
Transform: AffineTransform_float_3_3
Parameters: 0.99999 0.00215559 -0.00374943 -0.00209265 0.999858 0.0167209 0.00378473 -0.0167137 0.999853 -0.27756 0.0488723 1.17558
FixedParameters: 0 0 0

#Transform 46
Transform: AffineTransform_float_3_3
Parameters: 0.999993 0.00358884 -0.00102206 -0.00358131 0.999973 0.00645333 0.0010454 -0.00644985 0.999979 -0.102405 0.168652 1.72401
FixedParameters: 0 0 0

#Transform 47
Transform: AffineTransform_float_3_3
Parameters: 0.999968 0.00384229 -0.00694408 -0.00373142 0.999868 0.0158763 0.00700445 -0.0158492 0.99985 -0.168336 0.131065 1.6726
FixedParameters: 0 0 0

#Transform 48
Transform: AffineTransform_float_3_3
Parameters: 0.999951 0.00502433 -0.00857591 -0.00489754 0.999879 0.014777 0.00864904 -0.0147342 0.999854 -0.293432 0.315146 1.24348
FixedParameters: 0 0 0

#Transform 49
Transform: AffineTransform_float_3_3
Parameters: 0.999969 0.00516678 -0.00588721 -0.00502087 0.999687 0.0245359 0.00601206 -0.0245051 0.999682 -0.303189 0.265579 1.217
FixedParameters: 0 0 0

#Transform 50
Transform: AffineTransform_float_3_3
Parameters: 0.999971 0.00267469 -0.00711135 -0.00247905 0.99962 0.0274364 0.0071812 -0.0274178 0.999598 -0.230142 0.206546 1.3108
FixedParameters: 0 0 0

#Transform 51
Transform: AffineTransform_float_3_3
Parameters: 0.999925 0.00765803 -0.00951746 -0.0072494 0.99908 0.0422548 0.00983298 -0.0421824 0.999061 -0.285364 0.338446 2.44492
FixedParameters: 0 0 0

#Transform 52
Transform: AffineTransform_float_3_3
Parameters: 0.99983 0.0111341 -0.0146742 -0.0102539 0.99822 0.0587435 0.0153018 -0.0585836 0.998166 -0.480033 -0.11171 4.53776
FixedParameters: 0 0 0

#Transform 53
Transform: AffineTransform_float_3_3
Parameters: 0.999814 0.0106648 -0.0161234 -0.00966432 0.998094 0.0609399 0.0167421 -0.0607727 0.998011 -0.542529 -0.00489891 5.14045
FixedParameters: 0 0 0

#Transform 54
Transform: AffineTransform_float_3_3
Parameters: 0.999811 0.0110959 -0.0159254 -0.010408 0.999035 0.0426751 0.0163839 -0.0425019 0.998962 -0.434412 0.32905 3.67282
FixedParameters: 0 0 0

#Transform 55
Transform: AffineTransform_float_3_3
Parameters: 0.999668 0.0151454 -0.0208619 -0.0145927 0.999545 0.0264143 0.021253 -0.0261012 0.999433 -0.467121 0.433134 2.10446
FixedParameters: 0 0 0

#Transform 56
Transform: AffineTransform_float_3_3
Parameters: 0.999613 0.0150029 -0.0234066 -0.0143178 0.999472 0.0291651 0.0238312 -0.0288185 0.9993 -0.4603 0.113277 2.13361
FixedParameters: 0 0 0

#Transform 57
Transform: AffineTransform_float_3_3
Parameters: 0.999616 0.0154734 -0.0229837 -0.0147997 0.999463 0.0292151 0.0234237 -0.0288637 0.999309 -0.478809 0.252381 2.07277
FixedParameters: 0 0 0

#Transform 58
Transform: AffineTransform_float_3_3
Parameters: 0.999611 0.0159738 -0.0228467 -0.0153391 0.999498 0.0277035 0.0232787 -0.0273428 0.999355 -0.464475 0.135934 2.08256
FixedParameters: 0 0 0

#Transform 59
Transform: AffineTransform_float_3_3
Parameters: 0.999623 0.015408 -0.0227265 -0.0148295 0.999567 0.0254025 0.0231084 -0.0250557 0.999419 -0.478308 0.233548 1.99409
FixedParameters: 0 0 0

#Transform 60
Transform: AffineTransform_float_3_3
Parameters: 0.999606 0.0153955 -0.0234654 -0.0147764 0.999543 0.0263618 0.0238605 -0.026005 0.999377 -0.479467 0.154662 2.04794
FixedParameters: 0 0 0

#Transform 61
Transform: AffineTransform_float_3_3
Parameters: 0.999599 0.0153069 -0.0238028 -0.0146486 0.999512 0.0275918 0.0242136 -0.0272325 0.999336 -0.483838 0.148292 2.04413
FixedParameters: 0 0 0

#Transform 62
Transform: AffineTransform_float_3_3
Parameters: 0.999686 0.0158093 -0.0194214 -0.0153176 0.999565 0.0252036 0.019811 -0.0248984 0.999494 -0.539729 0.266335 1.75237
FixedParameters: 0 0 0

#Transform 63
Transform: AffineTransform_float_3_3
Parameters: 0.999815 0.0111691 -0.0156476 -0.0107887 0.99965 0.024172 0.0159119 -0.0239988 0.999586 -0.476079 0.375171 1.31817
FixedParameters: 0 0 0

#Transform 64
Transform: AffineTransform_float_3_3
Parameters: 0.9998 0.0115321 -0.0162916 -0.0111646 0.999684 0.0225108 0.0165456 -0.0223241 0.999614 -0.477586 0.193024 1.24967
FixedParameters: 0 0 0

#Transform 65
Transform: AffineTransform_float_3_3
Parameters: 0.999777 0.0122639 -0.0172199 -0.0119157 0.999725 0.020195 0.0174624 -0.0199852 0.999647 -0.494034 0.253095 0.842939
FixedParameters: 0 0 0

#Transform 66
Transform: AffineTransform_float_3_3
Parameters: 0.999771 0.0128771 -0.0171003 -0.0125558 0.999746 0.0187544 0.0173371 -0.0185352 0.999678 -0.493133 0.21961 0.794709
FixedParameters: 0 0 0

#Transform 67
Transform: AffineTransform_float_3_3
Parameters: 0.999767 0.0132169 -0.0170618 -0.0128976 0.999742 0.0186805 0.0173042 -0.018457 0.99968 -0.496202 0.183794 0.793633
FixedParameters: 0 0 0

#Transform 68
Transform: AffineTransform_float_3_3
Parameters: 0.999761 0.0138906 -0.0168714 -0.0135822 0.999742 0.0182441 0.0171198 -0.01801 0.999691 -0.49931 0.143107 0.776475
FixedParameters: 0 0 0

#Transform 69
Transform: AffineTransform_float_3_3
Parameters: 0.999762 0.0140257 -0.0167645 -0.0137248 0.999745 0.017925 0.0170121 -0.01769 0.999699 -0.4914 0.195377 0.780402
FixedParameters: 0 0 0

#Transform 70
Transform: AffineTransform_float_3_3
Parameters: 0.999735 0.0147475 -0.0176591 -0.0144462 0.99975 0.0170395 0.0179053 -0.0167794 0.999699 -0.472838 0.184144 0.751201
FixedParameters: 0 0 0

#Transform 71
Transform: AffineTransform_float_3_3
Parameters: 0.999946 0.00872175 -0.00561616 -0.00862056 0.999803 0.0178799 0.00577111 -0.0178308 0.999824 -0.378159 0.37356 -0.275694
FixedParameters: 0 0 0

#Transform 72
Transform: AffineTransform_float_3_3
Parameters: 0.999993 0.00386258 -4.38892e-05 -0.00386129 0.999913 0.012585 9.20763e-05 -0.0125851 0.999921 -0.20534 0.232662 -0.942803
FixedParameters: 0 0 0

#Transform 73
Transform: AffineTransform_float_3_3
Parameters: 0.999984 0.00507913 -0.00232958 -0.00505175 0.999919 0.0116749 0.00238922 -0.0116629 0.999929 -0.166345 0.184496 -0.0361245
FixedParameters: 0 0 0

#Transform 74
Transform: AffineTransform_float_3_3
Parameters: 0.999977 0.00600353 -0.00313151 -0.00596848 0.999918 0.0113378 0.00319905 -0.0113191 0.999931 -0.188621 0.111285 0.0746484
FixedParameters: 0 0 0

#Transform 75
Transform: AffineTransform_float_3_3
Parameters: 0.999964 0.00689796 -0.00497983 -0.00683685 0.999901 0.0122186 0.0050634 -0.0121839 0.999913 -0.201508 0.149261 0.166187
FixedParameters: 0 0 0

#Transform 76
Transform: AffineTransform_float_3_3
Parameters: 0.999955 0.00748131 -0.00585361 -0.00740674 0.999893 0.012662 0.0059479 -0.0126183 0.999903 -0.206956 0.135713 0.274543
FixedParameters: 0 0 0

#Transform 77
Transform: AffineTransform_float_3_3
Parameters: 0.999942 0.00768079 -0.0075483 -0.00757994 0.999883 0.0133239 0.00764978 -0.0132661 0.999883 -0.204115 0.1431 0.340294
FixedParameters: 0 0 0

#Transform 78
Transform: AffineTransform_float_3_3
Parameters: 0.999927 0.00867002 -0.00847444 -0.008551 0.999866 0.013981 0.00859411 -0.0139069 0.999867 -0.214543 0.111408 0.342643
FixedParameters: 0 0 0

#Transform 79
Transform: AffineTransform_float_3_3
Parameters: 0.999911 0.00992645 -0.00897927 -0.00979807 0.999851 0.0142419 0.00911912 -0.0141534 0.999858 -0.24357 0.130812 0.284572
FixedParameters: 0 0 0

#Transform 80
Transform: AffineTransform_float_3_3
Parameters: 0.999909 0.0094552 -0.00967289 -0.00931672 0.999855 0.0142562 0.00980712 -0.0141651 0.999851 -0.248926 0.139333 0.350619
FixedParameters: 0 0 0

#Transform 81
Transform: AffineTransform_float_3_3
Parameters: 0.9999 0.0096853 -0.0102921 -0.00954119 0.999857 0.013972 0.0104256 -0.0138722 0.99985 -0.254432 0.113947 0.357408
FixedParameters: 0 0 0

#Transform 82
Transform: AffineTransform_float_3_3
Parameters: 0.999882 0.0104536 -0.0112548 -0.010291 0.999844 0.0144044 0.0114035 -0.0142875 0.999833 -0.257368 0.136632 0.364602
FixedParameters: 0 0 0

#Transform 83
Transform: AffineTransform_float_3_3
Parameters: 0.999877 0.0105658 -0.0115303 -0.0103917 0.999833 0.0150598 0.0116879 -0.0149382 0.99982 -0.24816 0.138638 0.364549
FixedParameters: 0 0 0

#Transform 84
Transform: AffineTransform_float_3_3
Parameters: 0.999875 0.0107769 -0.011622 -0.0106067 0.999837 0.0146281 0.011778 -0.0145027 0.999826 -0.239998 0.109918 0.37141
FixedParameters: 0 0 0

#Transform 85
Transform: AffineTransform_float_3_3
Parameters: 0.999879 0.0105354 -0.011441 -0.0103656 0.999837 0.0147454 0.0115941 -0.0146256 0.999826 -0.25112 0.139064 0.38276
FixedParameters: 0 0 0

#Transform 86
Transform: AffineTransform_float_3_3
Parameters: 0.999862 0.0107223 -0.0127092 -0.0105409 0.999843 0.0142563 0.0128597 -0.0141202 0.999817 -0.263404 0.134737 0.423638
FixedParameters: 0 0 0

#Transform 87
Transform: AffineTransform_float_3_3
Parameters: 0.999936 0.00792256 -0.00810461 -0.00784462 0.999923 0.00959595 0.00817947 -0.00953241 0.999921 -0.271265 0.212715 0.151387
FixedParameters: 0 0 0

#Transform 88
Transform: AffineTransform_float_3_3
Parameters: 0.999893 0.00954579 -0.0111303 -0.00941467 0.999887 0.0117398 0.0112414 -0.0116331 0.999869 -0.264001 0.114659 0.312969
FixedParameters: 0 0 0

#Transform 89
Transform: AffineTransform_float_3_3
Parameters: 0.999721 0.0150415 -0.0182355 -0.0146965 0.999713 0.0189155 0.0185148 -0.0186428 0.999655 -0.338326 0.290056 1.29939
FixedParameters: 0 0 0

#Transform 90
Transform: AffineTransform_float_3_3
Parameters: 0.999748 0.0133225 -0.018065 -0.0130601 0.999809 0.014567 0.0182556 -0.0143274 0.999731 -0.355862 0.336854 2.17414
FixedParameters: 0 0 0

#Transform 91
Transform: AffineTransform_float_3_3
Parameters: 0.999739 0.00927039 -0.0209049 -0.00876432 0.999669 0.0241953 0.0211221 -0.0240054 0.999488 -0.370949 0.238302 1.93983
FixedParameters: 0 0 0

#Transform 92
Transform: AffineTransform_float_3_3
Parameters: 0.999739 0.0110493 -0.019981 -0.0106196 0.999713 0.0215022 0.0202127 -0.0212847 0.999569 -0.401703 0.245665 1.69228
FixedParameters: 0 0 0

#Transform 93
Transform: AffineTransform_float_3_3
Parameters: 0.999696 0.0115188 -0.0218032 -0.0109651 0.999618 0.025354 0.0220867 -0.0251073 0.999441 -0.423265 0.231721 1.77477
FixedParameters: 0 0 0

#Transform 94
Transform: AffineTransform_float_3_3
Parameters: 0.999671 0.0113045 -0.0230216 -0.0106581 0.999551 0.0280058 0.0233277 -0.0277509 0.999343 -0.508016 0.53309 1.75809
FixedParameters: 0 0 0

#Transform 95
Transform: AffineTransform_float_3_3
Parameters: 0.999494 0.0126545 -0.0291728 -0.00951524 0.994388 0.105374 0.0303424 -0.105044 0.994005 -0.732712 1.02749 1.93594
FixedParameters: 0 0 0

#Transform 96
Transform: AffineTransform_float_3_3
Parameters: 0.999763 0.0140136 -0.0166624 -0.0121008 0.993877 0.109826 0.0180994 -0.109598 0.993811 -0.753183 0.755453 1.96398
FixedParameters: 0 0 0

#Transform 97
Transform: AffineTransform_float_3_3
Parameters: 0.999658 0.0131296 -0.0226229 -0.0103856 0.99303 0.117402 0.0240065 -0.117127 0.992826 -0.796473 0.769323 1.8171
FixedParameters: 0 0 0

#Transform 98
Transform: AffineTransform_float_3_3
Parameters: 0.999603 0.0127297 -0.0250994 -0.00954941 0.992361 0.122999 0.0264733 -0.122711 0.99209 -0.811029 0.743014 1.81785
FixedParameters: 0 0 0

#Transform 99
Transform: AffineTransform_float_3_3
Parameters: 0.999592 0.0134828 -0.025167 -0.010299 0.992402 0.122603 0.0266296 -0.122294 0.992137 -0.816056 0.719981 1.80454
FixedParameters: 0 0 0

#Transform 100
Transform: AffineTransform_float_3_3
Parameters: 0.999563 0.0136342 -0.0262126 -0.0102983 0.992299 0.123434 0.0276936 -0.123111 0.992007 -0.844766 0.672273 1.75042
FixedParameters: 0 0 0

#Transform 101
Transform: AffineTransform_float_3_3
Parameters: 0.999457 0.0146369 -0.0295368 -0.0109574 0.992579 0.121104 0.0310905 -0.120715 0.9922 -0.855502 0.69848 1.7118
FixedParameters: 0 0 0

#Transform 102
Transform: AffineTransform_float_3_3
Parameters: 0.999443 0.0150991 -0.0297527 -0.0115103 0.993027 0.117321 0.0313167 -0.116913 0.992649 -0.847943 0.755909 1.66169
FixedParameters: 0 0 0

#Transform 103
Transform: AffineTransform_float_3_3
Parameters: 0.999457 0.0153581 -0.0291607 -0.0119187 0.993332 0.114671 0.0307277 -0.114262 0.992975 -0.846249 0.670298 1.68525
FixedParameters: 0 0 0

#Transform 104
Transform: AffineTransform_float_3_3
Parameters: 0.99948 0.0161846 -0.027873 -0.0131651 0.994354 0.105298 0.0294193 -0.104876 0.99405 -0.790996 0.601336 1.73193
FixedParameters: 0 0 0

#Transform 105
Transform: AffineTransform_float_3_3
Parameters: 0.999497 0.0159544 -0.0273994 -0.01322 0.995174 0.097234 0.0288188 -0.0968232 0.994884 -0.788871 0.645107 1.5078
FixedParameters: 0 0 0

#Transform 106
Transform: AffineTransform_float_3_3
Parameters: 0.999491 0.016289 -0.0274399 -0.0135231 0.995085 0.0980944 0.0289029 -0.0976731 0.994799 -0.793821 0.656668 1.4426
FixedParameters: 0 0 0

#Transform 107
Transform: AffineTransform_float_3_3
Parameters: 0.999505 0.0166923 -0.0266622 -0.0140563 0.995267 0.0961656 0.0281411 -0.0957427 0.995008 -0.794705 0.591828 1.44226
FixedParameters: 0 0 0

#Transform 108
Transform: AffineTransform_float_3_3
Parameters: 0.999479 0.0173146 -0.0272461 -0.0146687 0.99542 0.0944633 0.0287564 -0.0940149 0.995156 -0.794176 0.576987 1.46452
FixedParameters: 0 0 0

#Transform 109
Transform: AffineTransform_float_3_3
Parameters: 0.999467 0.0177852 -0.0273839 -0.0151681 0.995552 0.0929895 0.0289158 -0.092525 0.995291 -0.778 0.593348 1.45089
FixedParameters: 0 0 0

#Transform 110
Transform: AffineTransform_float_3_3
Parameters: 0.999445 0.0184769 -0.0276854 -0.0159366 0.995874 0.089339 0.0292218 -0.0888482 0.995617 -0.775374 0.558517 1.45324
FixedParameters: 0 0 0

#Transform 111
Transform: AffineTransform_float_3_3
Parameters: 0.999434 0.0187989 -0.0279021 -0.0163326 0.996151 0.0861182 0.0294136 -0.0856135 0.995894 -0.758312 0.559889 1.47081
FixedParameters: 0 0 0

#Transform 112
Transform: AffineTransform_float_3_3
Parameters: 0.999418 0.0192792 -0.0281543 -0.01686 0.996344 0.0837524 0.0296652 -0.0832284 0.996089 -0.74334 0.537667 1.49292
FixedParameters: 0 0 0

#Transform 113
Transform: AffineTransform_float_3_3
Parameters: 0.999448 0.0190402 -0.0272305 -0.0167818 0.996584 0.0808675 0.028677 -0.0803654 0.996353 -0.751184 0.557721 1.50299
FixedParameters: 0 0 0

#Transform 114
Transform: AffineTransform_float_3_3
Parameters: 0.999451 0.0188556 -0.0272245 -0.0165678 0.9965 0.0819385 0.0286748 -0.0814431 0.996265 -0.755638 0.565242 1.48566
FixedParameters: 0 0 0

#Transform 115
Transform: AffineTransform_float_3_3
Parameters: 0.999447 0.0190307 -0.0272416 -0.0167181 0.99643 0.082745 0.0287191 -0.0822439 0.996199 -0.753831 0.555144 1.49643
FixedParameters: 0 0 0

#Transform 116
Transform: AffineTransform_float_3_3
Parameters: 0.999457 0.0188856 -0.0270085 -0.0166068 0.996476 0.0822207 0.0284661 -0.0817278 0.996248 -0.755211 0.542361 1.49818
FixedParameters: 0 0 0

#Transform 117
Transform: AffineTransform_float_3_3
Parameters: 0.999446 0.0188694 -0.0274366 -0.0165648 0.996502 0.0819146 0.0288856 -0.0814143 0.996262 -0.74435 0.544256 1.48391
FixedParameters: 0 0 0

#Transform 118
Transform: AffineTransform_float_3_3
Parameters: 0.999441 0.0186387 -0.027754 -0.0163065 0.996499 0.0820015 0.0291856 -0.0815033 0.996245 -0.745529 0.522197 1.4782
FixedParameters: 0 0 0

#Transform 119
Transform: AffineTransform_float_3_3
Parameters: 0.999456 0.0191398 -0.0268482 -0.0168842 0.9965 0.0818669 0.0283206 -0.081369 0.996281 -0.75945 0.523122 1.48981
FixedParameters: 0 0 0
