#Insight Transform File V1.0
#Transform 0
Transform: AffineTransform_float_3_3
Parameters: 1 -0.000185575 7.18541e-05 0.000185741 1 -0.00115699 -7.14245e-05 0.00115701 1 -0.0424363 -0.0466764 0.0159362
FixedParameters: 0 0 0

#Transform 1
Transform: AffineTransform_float_3_3
Parameters: 0.999999 -0.000408196 0.000660679 0.000408763 0.999999 -0.00070073 -0.000661039 0.000701269 0.999999 -0.03103 -0.0606674 -0.0140907
FixedParameters: 0 0 0

#Transform 2
Transform: AffineTransform_float_3_3
Parameters: 0.999999 -0.000450441 0.000551514 0.000451117 0.999999 -0.000612751 -0.000550961 0.000613248 0.999999 -0.0347009 -0.0671338 -0.037162
FixedParameters: 0 0 0

#Transform 3
Transform: AffineTransform_float_3_3
Parameters: 1 -0.000252771 0.00106182 0.00025366 1 -0.0010276 -0.00106188 0.0010274 0.999999 -0.0348295 -0.0459251 0.00678326
FixedParameters: 0 0 0

#Transform 4
Transform: AffineTransform_float_3_3
Parameters: 0.999999 -0.000355662 0.0007968 0.000356178 0.999999 -0.000549586 -0.000797341 0.000549413 0.999999 -0.0364942 -0.0268511 -0.0253551
FixedParameters: 0 0 0

#Transform 5
Transform: AffineTransform_float_3_3
Parameters: 1 -0.000215138 0.00116056 0.000216265 1 -0.000485284 -0.00116035 0.000485715 1 -0.0394813 -0.0584772 0.0269199
FixedParameters: 0 0 0

#Transform 6
Transform: AffineTransform_float_3_3
Parameters: 1 -0.000228149 0.000569449 0.000228523 1 -0.00032787 -0.0005693 0.00032813 1 -0.0306608 -0.0350017 -0.0467957
FixedParameters: 0 0 0

#Transform 7
Transform: AffineTransform_float_3_3
Parameters: 1 -0.000153555 0.000496557 0.000154443 1 4.50767e-05 -0.000496931 -4.49237e-05 1 -0.0335315 -0.0581705 0.0436335
FixedParameters: 0 0 0

#Transform 8
Transform: AffineTransform_float_3_3
Parameters: 1 -0.000122107 0.000472604 0.000121973 1 0.000142058 -0.000472639 -0.000141942 1 -0.0207852 -0.0291854 -0.0546492
FixedParameters: 0 0 0

#Transform 9
Transform: AffineTransform_float_3_3
Parameters: 1 -0.000469421 0.000502797 0.000469577 1 -0.000155764 -0.000502651 0.000156236 1 -0.0197704 -0.0415782 0.0654484
FixedParameters: 0 0 0

#Transform 10
Transform: AffineTransform_float_3_3
Parameters: 0.999999 7.61825e-05 0.00089994 -7.59773e-05 1 -0.000114068 -0.000899958 0.000113931 0.999999 -0.0177273 -0.0131963 -0.0106158
FixedParameters: 0 0 0

#Transform 11
Transform: AffineTransform_float_3_3
Parameters: 0.999999 3.26472e-05 0.000807315 -3.30121e-05 1 0.000225973 -0.000807301 -0.000226026 0.999999 -0.0171417 -0.0363047 0.0427331
FixedParameters: 0 0 0

#Transform 12
Transform: AffineTransform_float_3_3
Parameters: 1 -1.91758e-05 0.000605551 1.94222e-05 1 -0.000203859 -0.000605543 0.000203141 1 -0.0186543 -0.0145569 0.0244931
FixedParameters: 0 0 0

#Transform 13
Transform: AffineTransform_float_3_3
Parameters: 1 -0.000232565 0.000227937 0.000232462 1 0.000226053 -0.000228043 -0.000225947 1 -0.0234946 -0.0339322 0.0544289
FixedParameters: 0 0 0

#Transform 14
Transform: AffineTransform_float_3_3
Parameters: 1 -0.000281212 0.00048486 0.000281471 1 -0.000266864 -0.00048471 0.000267136 1 -0.00248603 -0.0185145 0.00666906
FixedParameters: 0 0 0

#Transform 15
Transform: AffineTransform_float_3_3
Parameters: 1 -0.000362928 0.000140014 0.000362909 1 6.80508e-05 -0.000140063 -6.79492e-05 1 -0.0146749 -0.0301277 -0.00637908
FixedParameters: 0 0 0

#Transform 16
Transform: AffineTransform_float_3_3
Parameters: 1 -0.00030505 0.000117786 0.000305102 1 -0.000219964 -0.000117652 0.000220036 1 -0.0146757 -0.00987201 0.0430131
FixedParameters: 0 0 0

#Transform 17
Transform: AffineTransform_float_3_3
Parameters: 1 -3.29844e-05 -0.000255212 3.31937e-05 1 0.000409991 0.000255185 -0.000410008 1 -0.0138657 -0.0031922 -0.000128355
FixedParameters: 0 0 0

#Transform 18
Transform: AffineTransform_float_3_3
Parameters: 1 -0.000183617 -3.42039e-05 0.000183622 1 7.59937e-05 3.4176e-05 -7.60063e-05 1 -0.0202202 0.00201838 0.0405078
FixedParameters: 0 0 0

#Transform 19
Transform: AffineTransform_float_3_3
Parameters: 1 -7.03202e-05 0.000270468 7.03841e-05 1 -0.000117981 -0.000270452 0.000118019 1 -0.0193242 -0.0159892 0.0490705
FixedParameters: 0 0 0

#Transform 20
Transform: AffineTransform_float_3_3
Parameters: 1 -0.000292083 0.000137479 0.000292179 1 -0.00035096 -0.000137274 0.00035104 1 -0.0174243 0.00329998 -0.00763267
FixedParameters: 0 0 0

#Transform 21
Transform: AffineTransform_float_3_3
Parameters: 1 -5.9755e-05 -1.8744e-05 5.97542e-05 1 -2.30011e-05 1.87467e-05 2.29989e-05 1 -0.0146076 -0.0116143 0.0492897
FixedParameters: 0 0 0

#Transform 22
Transform: AffineTransform_float_3_3
Parameters: 1 -0.000291918 6.01743e-05 0.000291938 1 -0.000170982 -6.00744e-05 0.000171018 1 0.000813657 0.010041 0.0366684
FixedParameters: 0 0 0

#Transform 23
Transform: AffineTransform_float_3_3
Parameters: 1 -6.15945e-05 9.80412e-06 6.15858e-05 1 0.000443001 -9.85869e-06 -0.000442999 1 0.00012503 -0.00775821 0.0818647
FixedParameters: 0 0 0

#Transform 24
Transform: AffineTransform_float_3_3
Parameters: 1 7.83528e-06 8.70092e-05 -7.86242e-06 1 0.000155999 -8.70068e-05 -0.000156001 1 -0.000771478 -0.00526541 0.0414274
FixedParameters: 0 0 0

#Transform 25
Transform: AffineTransform_float_3_3
Parameters: 1 -1.09041e-05 1.06348e-05 1.08986e-05 1 0.000261 -1.06405e-05 -0.000261 1 -8.71529e-05 -0.00727646 0.0631626
FixedParameters: 0 0 0

#Transform 26
Transform: AffineTransform_float_3_3
Parameters: 1 5.50431e-05 -0.000124106 -5.53249e-05 1 0.000316007 0.000123208 -0.000315993 1 -0.0179608 -0.000783801 0.0607913
FixedParameters: 0 0 0

#Transform 27
Transform: AffineTransform_float_3_3
Parameters: 1 0.000235439 -0.000112108 -0.000235296 1 0.000637026 0.000112408 -0.000636973 1 -0.00154696 0.00620175 0.0494228
FixedParameters: 0 0 0

#Transform 28
Transform: AffineTransform_float_3_3
Parameters: 1 9.35671e-05 -0.000230013 -9.33182e-05 1 0.000541021 0.000230115 -0.000540978 1 -0.00878956 -0.0101827 0.0903942
FixedParameters: 0 0 0

#Transform 29
Transform: AffineTransform_float_3_3
Parameters: 1 0.00021577 8.73179e-05 -0.000215913 0.999999 0.000823981 -8.69622e-05 -0.000824018 0.999999 -0.00809108 0.0114984 0.111233
FixedParameters: 0 0 0

#Transform 30
Transform: AffineTransform_float_3_3
Parameters: 1 -0.000273831 6.69422e-06 0.00027288 0.999999 0.00129 -7.03948e-06 -0.00129 0.999999 -0.0051083 -0.0200187 0.158462
FixedParameters: 0 0 0

#Transform 31
Transform: AffineTransform_float_3_3
Parameters: 1 -0.000262635 1.62785e-05 0.000262587 0.999999 0.001437 -1.70332e-05 -0.001437 0.999999 -0.00529984 -0.0163822 0.203899
FixedParameters: 0 0 0

#Transform 32
Transform: AffineTransform_float_3_3
Parameters: 1 -6.52372e-05 -3.60155e-05 6.53658e-05 0.999999 0.001792 3.57814e-05 -0.001792 0.999999 -0.00578738 0.0100507 0.154606
FixedParameters: 0 0 0

#Transform 33
Transform: AffineTransform_float_3_3
Parameters: 1 -0.000304581 -9.29895e-05 0.000304879 0.999998 0.00160797 9.20095e-05 -0.00160803 0.999998 -0.00425869 -0.00942895 0.214189
FixedParameters: 0 0 0

#Transform 34
Transform: AffineTransform_float_3_3
Parameters: 1 -0.00011558 -3.59346e-05 0.000115681 0.999999 0.001408 3.5609e-05 -0.001408 0.999999 -0.00564226 0.0135166 0.18275
FixedParameters: 0 0 0

#Transform 35
Transform: AffineTransform_float_3_3
Parameters: 1 -0.000270164 -3.48891e-06 0.000270176 0.999998 0.002046 2.38337e-06 -0.002046 0.999998 -0.00510404 -0.0182137 0.227667
FixedParameters: 0 0 0

#Transform 36
Transform: AffineTransform_float_3_3
Parameters: 1 -0.000277328 -2.21369e-05 0.000277774 0.999998 0.00195299 2.19857e-05 -0.00195301 0.999998 0.00164404 0.0076486 0.192375
FixedParameters: 0 0 0

#Transform 37
Transform: AffineTransform_float_3_3
Parameters: 1 -0.000191419 9.09508e-06 0.000191737 0.999998 0.002336 -9.05718e-06 -0.002336 0.999998 -0.00128076 -0.0098509 0.216874
FixedParameters: 0 0 0

#Transform 38
Transform: AffineTransform_float_3_3
Parameters: 1 -0.000362559 -0.000244369 0.000363902 0.999998 0.00201391 0.000243839 -0.00201409 0.999998 -0.00248669 -0.0290061 0.228368
FixedParameters: 0 0 0

#Transform 39
Transform: AffineTransform_float_3_3
Parameters: 1 -0.000259787 2.35106e-05 0.000260036 0.999997 0.00234401 -2.37961e-05 -0.002344 0.999998 -0.000848659 -0.0142875 0.216306
FixedParameters: 0 0 0

#Transform 40
Transform: AffineTransform_float_3_3
Parameters: 1 -0.000354155 -0.000223159 0.000354451 0.999996 0.00276192 0.000221562 -0.00276208 0.999996 0.00620255 -0.0130244 0.274503
FixedParameters: 0 0 0

#Transform 41
Transform: AffineTransform_float_3_3
Parameters: 1 -0.000219115 0.000129764 0.000218266 0.999994 0.00325503 -0.000131187 -0.00325497 0.999994 0.0120615 0.0133349 0.25996
FixedParameters: 0 0 0

#Transform 42
Transform: AffineTransform_float_3_3
Parameters: 1 -0.00052409 0.000455581 0.000522417 0.999991 0.00403724 -0.000457367 -0.00403676 0.999991 0.0135735 0.0133562 0.323443
FixedParameters: 0 0 0

#Transform 43
Transform: AffineTransform_float_3_3
Parameters: 1 -0.000561398 0.000357996 0.000559055 0.999989 0.00476387 -0.000360535 -0.00476413 0.999988 0.0144695 0.0194395 0.353195
FixedParameters: 0 0 0

#Transform 44
Transform: AffineTransform_float_3_3
Parameters: 1 -0.000554742 0.000375199 0.000552389 0.999992 0.00408087 -0.000377851 -0.00408113 0.999991 0.0169916 0.0204209 0.289505
FixedParameters: 0 0 0

#Transform 45
Transform: AffineTransform_float_3_3
Parameters: 1 -0.000500893 0.000252426 0.000500895 0.999994 0.00325812 -0.000254184 -0.00325787 0.999994 0.014986 0.00653552 0.281166
FixedParameters: 0 0 0

#Transform 46
Transform: AffineTransform_float_3_3
Parameters: 1 -0.000634703 0.00016565 0.000634428 0.999996 0.00298777 -0.000167576 -0.00298823 0.999995 0.0163558 0.0350783 0.319523
FixedParameters: 0 0 0

#Transform 47
Transform: AffineTransform_float_3_3
Parameters: 1 -0.00063593 1.37483e-05 0.000635613 0.999993 0.00351901 -1.5997e-05 -0.00351899 0.999994 0.0233359 0.0450182 0.269811
FixedParameters: 0 0 0

#Transform 48
Transform: AffineTransform_float_3_3
Parameters: 1 -0.000540712 0.000411823 0.000538703 0.999993 0.00374422 -0.000413066 -0.00374378 0.999993 0.0140339 -0.0105284 0.309833
FixedParameters: 0 0 0

#Transform 49
Transform: AffineTransform_float_3_3
Parameters: 1 -0.000639036 0.000154249 0.000637802 0.999995 0.00328876 -0.000156223 -0.00328924 0.999994 0.023836 0.0486617 0.249179
FixedParameters: 0 0 0

#Transform 50
Transform: AffineTransform_float_3_3
Parameters: 1 -0.000696859 2.58561e-06 0.000696979 0.999992 0.003768 -4.67876e-06 -0.003768 0.999993 0.0179556 0.0117341 0.283059
FixedParameters: 0 0 0

#Transform 51
Transform: AffineTransform_float_3_3
Parameters: 1 5.89106e-08 0.000605815 -2.1953e-06 0.999993 0.00360133 -0.000605594 -0.00360066 0.999994 -0.0223983 0.0191622 0.312371
FixedParameters: 0 0 0

#Transform 52
Transform: AffineTransform_float_3_3
Parameters: 1 -0.000424543 0.000110287 0.000424272 0.99999 0.00445305 -0.000112201 -0.00445295 0.99999 -0.0117645 0.0196993 0.328862
FixedParameters: 0 0 0

#Transform 53
Transform: AffineTransform_float_3_3
Parameters: 1 -0.000230999 0.000301609 0.000229344 0.999985 0.00547507 -0.000302624 -0.00547493 0.999985 0.00609002 -0.0128678 0.395411
FixedParameters: 0 0 0

#Transform 54
Transform: AffineTransform_float_3_3
Parameters: 1 -0.000492903 0.000386325 0.000491003 0.999987 0.00504732 -0.000388852 -0.00504768 0.999988 0.00676829 0.00299638 0.414218
FixedParameters: 0 0 0

#Transform 55
Transform: AffineTransform_float_3_3
Parameters: 1 -0.000491232 0.00037686 0.000488172 0.999985 0.00547518 -0.000379423 -0.00547481 0.999985 0.00681545 0.0108099 0.411049
FixedParameters: 0 0 0

#Transform 56
Transform: AffineTransform_float_3_3
Parameters: 1 -0.000537534 0.000421152 0.000535253 0.999984 0.00550922 -0.000423691 -0.00550877 0.999984 0.00138637 0.00609678 0.404469
FixedParameters: 0 0 0

#Transform 57
Transform: AffineTransform_float_3_3
Parameters: 1 -0.000408726 0.000760529 0.00040457 0.999984 0.00551244 -0.00076236 -0.00551256 0.999984 0.00344057 0.02079 0.379493
FixedParameters: 0 0 0

#Transform 58
Transform: AffineTransform_float_3_3
Parameters: 0.999999 -0.000498408 0.00052468 0.000495391 0.999982 0.00600926 -0.00052764 -0.00600874 0.999982 -0.0104815 0.00223974 0.472888
FixedParameters: 0 0 0

#Transform 59
Transform: AffineTransform_float_3_3
Parameters: 0.999999 -0.000499615 0.000521142 0.000496134 0.999984 0.00560426 -0.00052335 -0.00560374 0.999984 -0.0104594 0.034055 0.434962
FixedParameters: 0 0 0

#Transform 60
Transform: AffineTransform_float_3_3
Parameters: 1 -0.000547572 0.000394833 0.000545374 0.999983 0.00576722 -0.000397765 -0.00576679 0.999984 -0.0092378 0.0188308 0.441505
FixedParameters: 0 0 0

#Transform 61
Transform: AffineTransform_float_3_3
Parameters: 1 -0.000296042 0.000121819 0.000295288 0.999982 0.00600904 -0.000123506 -0.00600896 0.999982 -0.0083299 0.0234048 0.492387
FixedParameters: 0 0 0

#Transform 62
Transform: AffineTransform_float_3_3
Parameters: 1 -9.31537e-05 0.000227918 9.20132e-05 0.999985 0.00533315 -0.000228332 -0.00533385 0.999986 -0.00549923 0.0426839 0.392544
FixedParameters: 0 0 0

#Transform 63
Transform: AffineTransform_float_3_3
Parameters: 1 -0.000201054 0.00021124 0.000200251 0.999988 0.00494304 -0.000212651 -0.00494296 0.999988 -0.00954436 0.0222051 0.421435
FixedParameters: 0 0 0

#Transform 64
Transform: AffineTransform_float_3_3
Parameters: 1 2.41556e-06 0.000260058 -3.10407e-06 0.999985 0.005606 -0.000259814 -0.005606 0.999985 -0.0109662 0.0587473 0.384461
FixedParameters: 0 0 0

#Transform 65
Transform: AffineTransform_float_3_3
Parameters: 1 -9.51907e-05 0.000264998 9.34848e-05 0.999984 0.00565302 -0.000265491 -0.00565298 0.999984 -0.0104658 0.0148881 0.42161
FixedParameters: 0 0 0

#Transform 66
Transform: AffineTransform_float_3_3
Parameters: 1 0.000328169 0.000480788 -0.000330674 0.999987 0.00514871 -0.000479409 -0.00514828 0.999986 -0.0142909 0.0407206 0.385245
FixedParameters: 0 0 0

#Transform 67
Transform: AffineTransform_float_3_3
Parameters: 1 0.000162978 4.62075e-05 -0.000162934 0.999984 0.005755 -4.56248e-05 -0.00575501 0.999984 -0.0100249 0.0161433 0.422304
FixedParameters: 0 0 0

#Transform 68
Transform: AffineTransform_float_3_3
Parameters: 1 9.13944e-05 -0.000142633 -9.0012e-05 0.999982 0.00610402 0.000142807 -0.00610399 0.999982 0.0113078 0.0296524 0.465396
FixedParameters: 0 0 0

#Transform 69
Transform: AffineTransform_float_3_3
Parameters: 1 0.00024107 5.18692e-05 -0.000241079 0.999984 0.00569099 -5.04182e-05 -0.00569101 0.999984 0.000412105 0.0434297 0.449896
FixedParameters: 0 0 0

#Transform 70
Transform: AffineTransform_float_3_3
Parameters: 1 0.00017005 6.49608e-05 -0.000169895 0.999981 0.00606798 -6.3258e-05 -0.00606801 0.999981 0.000199528 0.0225255 0.437672
FixedParameters: 0 0 0

#Transform 71
Transform: AffineTransform_float_3_3
Parameters: 1 7.65711e-05 -0.000181884 -7.55267e-05 0.99998 0.00641802 0.000182288 -0.00641799 0.99998 0.00477527 0.0229887 0.44783
FixedParameters: 0 0 0

#Transform 72
Transform: AffineTransform_float_3_3
Parameters: 1 0.000121515 -6.31356e-05 -0.000120724 0.999981 0.00619201 6.46356e-05 -0.00619199 0.999981 0.00162032 0.036266 0.441264
FixedParameters: 0 0 0

#Transform 73
Transform: AffineTransform_float_3_3
Parameters: 1 0.000239545 -0.000127025 -0.000239558 0.99998 0.00641604 0.000128593 -0.00641597 0.99998 -0.00588241 0.0286381 0.446106
FixedParameters: 0 0 0

#Transform 74
Transform: AffineTransform_float_3_3
Parameters: 1 0.000275082 -0.000188539 -0.000273313 0.999979 0.00656906 0.000190276 -0.00656895 0.999979 -0.0122724 0.0280393 0.489789
FixedParameters: 0 0 0

#Transform 75
Transform: AffineTransform_float_3_3
Parameters: 1 0.000247024 -0.000257046 -0.000245292 0.999979 0.00656207 0.00025877 -0.00656194 0.999979 -0.00493348 0.0457706 0.459913
FixedParameters: 0 0 0

#Transform 76
Transform: AffineTransform_float_3_3
Parameters: 1 0.000691771 2.30225e-05 -0.000691999 0.999974 0.00707498 -1.8617e-05 -0.00707501 0.999975 -0.0282244 0.0159236 0.482942
FixedParameters: 0 0 0

#Transform 77
Transform: AffineTransform_float_3_3
Parameters: 0.999999 0.000708606 1.68259e-05 -0.000708749 0.999973 0.00730686 -1.18546e-05 -0.00730614 0.999973 -0.0280261 0.0182443 0.50692
FixedParameters: 0 0 0

#Transform 78
Transform: AffineTransform_float_3_3
Parameters: 1 0.000641205 4.28531e-05 -0.000641803 0.999966 0.00824097 -3.76644e-05 -0.00824102 0.999966 -0.028514 0.0451439 0.535528
FixedParameters: 0 0 0

#Transform 79
Transform: AffineTransform_float_3_3
Parameters: 0.999999 0.000809309 0.000151538 -0.000810159 0.999967 0.00815442 -0.000145369 -0.00815459 0.999966 -0.0318543 0.0209861 0.543737
FixedParameters: 0 0 0

#Transform 80
Transform: AffineTransform_float_3_3
Parameters: 0.999999 0.000847361 0.00014456 -0.000848048 0.999967 0.00799088 -0.000138049 -0.00799112 0.999968 -0.0242477 0.0187122 0.528536
FixedParameters: 0 0 0

#Transform 81
Transform: AffineTransform_float_3_3
Parameters: 0.999999 0.000819575 0.000235015 -0.000821247 0.999969 0.0077758 -0.000228361 -0.00777618 0.999969 -0.0309938 0.0818004 0.514913
FixedParameters: 0 0 0

#Transform 82
Transform: AffineTransform_float_3_3
Parameters: 1 0.000638161 0.000171301 -0.000640032 0.999963 0.00850289 -0.000166177 -0.0085031 0.999964 -0.0204416 0.0367792 0.537504
FixedParameters: 0 0 0

#Transform 83
Transform: AffineTransform_float_3_3
Parameters: 0.999999 0.000903246 -5.59198e-05 -0.000902935 0.999967 0.00809705 6.32941e-05 -0.00809695 0.999967 -0.0327719 0.0380873 0.562713
FixedParameters: 0 0 0

#Transform 84
Transform: AffineTransform_float_3_3
Parameters: 0.999999 0.000802411 0.000233879 -0.000804094 0.999959 0.00909382 -0.000226666 -0.00909419 0.999959 -0.0239465 0.0498916 1.19131
FixedParameters: 0 0 0

#Transform 85
Transform: AffineTransform_float_3_3
Parameters: 0.999999 0.0013195 -0.000333812 -0.00131646 0.999933 0.011526 0.000348907 -0.011525 0.999933 -0.0434059 -0.00315321 1.40807
FixedParameters: 0 0 0

#Transform 86
Transform: AffineTransform_float_3_3
Parameters: 1 0.00054454 0.000142019 -0.000545272 0.999995 0.0033438 -0.000140601 -0.00334321 0.999994 -0.0400631 0.253797 0.128686
FixedParameters: 0 0 0

#Transform 87
Transform: AffineTransform_float_3_3
Parameters: 1 0.000327285 0.000367098 -0.000328579 0.999999 0.00176588 -0.00036594 -0.00176612 0.999999 -0.0325561 0.138127 0.0340221
FixedParameters: 0 0 0

#Transform 88
Transform: AffineTransform_float_3_3
Parameters: 1 0.000577578 0.000237825 -0.000577849 0.999999 0.00177586 -0.000237066 -0.00177614 0.999999 -0.0481153 0.100147 0.0201232
FixedParameters: 0 0 0

#Transform 89
Transform: AffineTransform_float_3_3
Parameters: 0.999999 0.000789832 -0.000238944 -0.000789368 0.999998 0.00171685 0.000240723 -0.00171715 0.999998 -0.0628718 0.0983678 0.0594004
FixedParameters: 0 0 0

#Transform 90
Transform: AffineTransform_float_3_3
Parameters: 0.999999 0.000816399 -0.00011949 -0.000816695 0.999999 0.00176697 0.000120509 -0.00176603 0.999999 -0.0639308 0.130994 0.0744623
FixedParameters: 0 0 0

#Transform 91
Transform: AffineTransform_float_3_3
Parameters: 0.999999 0.000756676 0.000169701 -0.000757365 0.999996 0.00267087 -0.000167883 -0.00267113 0.999997 -0.0782563 0.10762 0.105319
FixedParameters: 0 0 0

#Transform 92
Transform: AffineTransform_float_3_3
Parameters: 0.999999 0.000758544 0.000168986 -0.000758297 0.999996 0.00267087 -0.00016752 -0.00267113 0.999997 -0.0771279 0.100788 0.110518
FixedParameters: 0 0 0

#Transform 93
Transform: AffineTransform_float_3_3
Parameters: 0.999999 0.000971445 8.7813e-05 -0.000972114 0.999995 0.00301892 -8.51042e-05 -0.00301909 0.999996 -0.0741283 0.084049 0.103607
FixedParameters: 0 0 0

#Transform 94
Transform: AffineTransform_float_3_3
Parameters: 1 0.000984019 0.000293565 -0.000984401 0.999997 0.00261358 -0.000291006 -0.00261342 0.999997 -0.0797461 0.113876 0.0676872
FixedParameters: 0 0 0

#Transform 95
Transform: AffineTransform_float_3_3
Parameters: 0.999999 0.000932254 0.000102468 -0.000932006 0.999996 0.00264691 -0.000101052 -0.0026471 0.999997 -0.0738597 0.109697 0.0618016
FixedParameters: 0 0 0

#Transform 96
Transform: AffineTransform_float_3_3
Parameters: 0.999999 0.000830488 0.000141263 -0.000830959 0.999997 0.00243575 -0.000139442 -0.00243525 0.999997 -0.0700723 0.0948126 0.0838585
FixedParameters: 0 0 0

#Transform 97
Transform: AffineTransform_float_3_3
Parameters: 1 0.000933947 -0.00031829 -0.000933197 0.999997 0.0023013 0.00032072 -0.0023007 0.999998 -0.067241 0.0991609 -0.00110841
FixedParameters: 0 0 0

#Transform 98
Transform: AffineTransform_float_3_3
Parameters: 0.999999 0.0007591 -0.000260409 -0.000758959 0.999999 0.00165086 0.000261049 -0.00165114 0.999998 -0.0663086 0.0926205 0.0518742
FixedParameters: 0 0 0

#Transform 99
Transform: AffineTransform_float_3_3
Parameters: 0.999999 0.000749486 -0.000179351 -0.000749506 0.999998 0.00194613 0.000180402 -0.00194587 0.999998 -0.0677752 0.137041 0.00526489
FixedParameters: 0 0 0

#Transform 100
Transform: AffineTransform_float_3_3
Parameters: 0.999999 0.000817541 -1.62115e-06 -0.000818249 0.999997 0.002357 3.61082e-06 -0.002357 0.999997 -0.077136 0.100051 0.0244986
FixedParameters: 0 0 0

#Transform 101
Transform: AffineTransform_float_3_3
Parameters: 0.999999 0.000749202 -0.000179977 -0.00074907 0.999997 0.00235714 0.000181642 -0.00235686 0.999997 -0.0630845 0.10249 0.0222838
FixedParameters: 0 0 0

#Transform 102
Transform: AffineTransform_float_3_3
Parameters: 0.999999 0.00081754 -1.96779e-06 -0.00081825 0.999998 0.001933 3.26388e-06 -0.001933 0.999998 -0.0856395 0.113994 -0.00836541
FixedParameters: 0 0 0

#Transform 103
Transform: AffineTransform_float_3_3
Parameters: 1 0.000641987 6.56446e-05 -0.000642082 0.999997 0.00235696 -6.4844e-05 -0.00235704 0.999997 -0.0713794 0.119958 -0.0224821
FixedParameters: 0 0 0

#Transform 104
Transform: AffineTransform_float_3_3
Parameters: 0.999999 0.000817542 -1.62371e-06 -0.000818249 0.999997 0.00235387 3.60766e-06 -0.00235313 0.999997 -0.0803534 0.1079 -0.0123793
FixedParameters: 0 0 0

#Transform 105
Transform: AffineTransform_float_3_3
Parameters: 0.999999 0.000817541 -2.11669e-06 -0.000818251 0.999999 0.00175087 3.11425e-06 -0.00175013 0.999999 -0.0827545 0.116428 0.00491032
FixedParameters: 0 0 0

#Transform 106
Transform: AffineTransform_float_3_3
Parameters: 0.999999 0.00081754 -1.9727e-06 -0.00081825 0.999998 0.001927 3.25897e-06 -0.001927 0.999998 -0.0789838 0.122169 0.0016154
FixedParameters: 0 0 0

#Transform 107
Transform: AffineTransform_float_3_3
Parameters: 0.999999 0.000780274 -9.91795e-05 -0.000780276 0.999998 0.00178908 0.000101038 -0.00178892 0.999999 -0.0768172 0.116643 0.0103901
FixedParameters: 0 0 0

#Transform 108
Transform: AffineTransform_float_3_3
Parameters: 0.999999 0.00081754 -2.08552e-06 -0.000818251 0.999998 0.001789 3.14606e-06 -0.001789 0.999999 -0.0799419 0.141842 0.0386295
FixedParameters: 0 0 0

#Transform 109
Transform: AffineTransform_float_3_3
Parameters: 0.999999 0.000817541 -2.0284e-06 -0.000818251 0.999998 0.00185887 3.20262e-06 -0.00185813 0.999998 -0.086891 0.1159 0.0178526
FixedParameters: 0 0 0

#Transform 110
Transform: AffineTransform_float_3_3
Parameters: 0.999999 0.000647849 -0.000444384 -0.000647599 0.999998 0.00213795 0.000445648 -0.00213805 0.999997 -0.0847694 0.125217 0.0485744
FixedParameters: 0 0 0

#Transform 111
Transform: AffineTransform_float_3_3
Parameters: 1 0.000651663 -0.000222161 -0.00065116 0.999998 0.00193415 0.000223748 -0.00193385 0.999998 -0.0832713 0.125224 0.0625271
FixedParameters: 0 0 0

#Transform 112
Transform: AffineTransform_float_3_3
Parameters: 0.999999 0.000866101 -2.01401e-05 -0.000866716 0.999997 0.00245689 2.25308e-05 -0.00245611 0.999997 -0.0792737 0.128798 0.0372994
FixedParameters: 0 0 0

#Transform 113
Transform: AffineTransform_float_3_3
Parameters: 1 0.0006457 6.44427e-05 -0.000645833 0.999996 0.00271196 -6.31659e-05 -0.00271204 0.999997 -0.0859335 0.108136 0.0557078
FixedParameters: 0 0 0

#Transform 114
Transform: AffineTransform_float_3_3
Parameters: 0.999999 0.00086758 0.000129466 -0.000868076 0.999996 0.00276589 -0.000126891 -0.00276611 0.999996 -0.0801683 0.107706 0.0957841
FixedParameters: 0 0 0

#Transform 115
Transform: AffineTransform_float_3_3
Parameters: 1 0.00061579 7.60773e-05 -0.000616965 0.999996 0.00302983 -7.42086e-05 -0.00302918 0.999995 -0.0709621 0.114889 0.0857452
FixedParameters: 0 0 0

#Transform 116
Transform: AffineTransform_float_3_3
Parameters: 1 0.000581243 8.92066e-05 -0.000581541 0.999995 0.00288195 -8.80813e-05 -0.00288205 0.999996 -0.0716748 0.105401 0.0863277
FixedParameters: 0 0 0

#Transform 117
Transform: AffineTransform_float_3_3
Parameters: 0.999999 0.000817542 -1.21729e-06 -0.000818609 0.999995 0.002851 3.08311e-06 -0.002851 0.999996 -0.0754163 0.0975935 0.102607
FixedParameters: 0 0 0

#Transform 118
Transform: AffineTransform_float_3_3
Parameters: 0.999999 0.000817543 -1.07105e-06 -0.00081861 0.999995 0.00302987 3.22894e-06 -0.00302913 0.999995 -0.0794435 0.117932 0.07472
FixedParameters: 0 0 0

#Transform 119
Transform: AffineTransform_float_3_3
Parameters: 0.999999 0.00077682 0.000346635 -0.000778026 0.999994 0.00340573 -0.000343925 -0.00340627 0.999994 -0.074831 0.114477 0.0838185
FixedParameters: 0 0 0
