# transform file /out/sourcedata/freesurfer/sub-v1s18x0051262_ses-1/mri/transforms/cc_up.lta
# created by oesteban on Mon Mar  9 07:42:24 2026

type      = 0 # LINEAR_VOX_TO_VOX
nxforms   = 1
mean      = 127.0000 129.0000 129.0000
sigma     = 10000.0000
1 4 4
9.983057379722595e-01 -2.977728471159935e-02 -4.999097809195518e-02 9.742609977722168e+00 
2.974002063274384e-02 9.995566010475159e-01 -1.489255926571786e-03 1.342780876159668e+01 
5.001315474510193e-02 0.000000000000000e+00 9.987486600875854e-01 -2.429207265377045e-01 
0.000000000000000e+00 0.000000000000000e+00 0.000000000000000e+00 1.000000000000000e+00 
src volume info
valid = 1  # volume info valid
filename = /out/sourcedata/freesurfer/sub-v1s18x0051262_ses-1/mri/norm.mgz
volume = 256 256 256
voxelsize = 1.000000000000000e+00 1.000000000000000e+00 1.000000000000000e+00
xras   = -1.000000000000000e+00 0.000000000000000e+00 0.000000000000000e+00
yras   = 0.000000000000000e+00 0.000000000000000e+00 -1.000000000000000e+00
zras   = 0.000000000000000e+00 1.000000000000000e+00 0.000000000000000e+00
cras   = 6.075477600097656e+00 5.837303161621094e+00 7.036132812500000e+00
dst volume info
valid = 1  # volume info valid
filename = /out/sourcedata/freesurfer/sub-v1s18x0051262_ses-1/mri/norm.mgz
volume = 256 256 256
voxelsize = 1.000000000000000e+00 1.000000000000000e+00 1.000000000000000e+00
xras   = -1.000000000000000e+00 0.000000000000000e+00 0.000000000000000e+00
yras   = 0.000000000000000e+00 0.000000000000000e+00 -1.000000000000000e+00
zras   = 0.000000000000000e+00 1.000000000000000e+00 0.000000000000000e+00
cras   = 6.075477600097656e+00 5.837303161621094e+00 7.036132812500000e+00
