# transform file /out/sourcedata/freesurfer/sub-v1s18x0051234_ses-1/mri/transforms/cc_up.lta
# created by oesteban on Mon Mar  9 06:29:48 2026

type      = 0 # LINEAR_VOX_TO_VOX
nxforms   = 1
mean      = 127.0000 127.0000 127.0000
sigma     = 10000.0000
1 4 4
9.989426732063293e-01 3.050055913627148e-02 -3.440254554152489e-02 1.465808451175690e-01 
-3.048248775303364e-02 9.995349645614624e-01 1.049785176292062e-03 2.285067558288574e+01 
3.441855683922768e-02 0.000000000000000e+00 9.994075894355774e-01 -2.365333080291748e+00 
0.000000000000000e+00 0.000000000000000e+00 0.000000000000000e+00 1.000000000000000e+00 
src volume info
valid = 1  # volume info valid
filename = /out/sourcedata/freesurfer/sub-v1s18x0051234_ses-1/mri/norm.mgz
volume = 256 256 256
voxelsize = 1.000000000000000e+00 1.000000000000000e+00 1.000000000000000e+00
xras   = -1.000000000000000e+00 0.000000000000000e+00 1.862645149230957e-09
yras   = 0.000000000000000e+00 0.000000000000000e+00 -1.000000119209290e+00
zras   = 0.000000000000000e+00 1.000000000000000e+00 0.000000000000000e+00
cras   = -4.867378234863281e+00 1.249589538574219e+01 1.414451599121094e+01
dst volume info
valid = 1  # volume info valid
filename = /out/sourcedata/freesurfer/sub-v1s18x0051234_ses-1/mri/norm.mgz
volume = 256 256 256
voxelsize = 1.000000000000000e+00 1.000000000000000e+00 1.000000000000000e+00
xras   = -1.000000000000000e+00 0.000000000000000e+00 1.862645149230957e-09
yras   = 0.000000000000000e+00 0.000000000000000e+00 -1.000000119209290e+00
zras   = 0.000000000000000e+00 1.000000000000000e+00 0.000000000000000e+00
cras   = -4.867378234863281e+00 1.249589538574219e+01 1.414451599121094e+01
