#Insight Transform File V1.0
#Transform 0
Transform: AffineTransform_float_3_3
Parameters: 1 0.000329326 -0.000616052 -0.000330043 1 -0.00058141 0.000615668 0.000581817 0.999999 0.0277931 -0.024639 0.000193241
FixedParameters: 0 0 0

#Transform 1
Transform: AffineTransform_float_3_3
Parameters: 0.999999 3.86113e-05 -0.000839458 -3.9616e-05 0.999999 -0.00139028 0.000839795 0.00139036 0.999998 0.0372524 -0.0225378 -0.0446159
FixedParameters: 0 0 0

#Transform 2
Transform: AffineTransform_float_3_3
Parameters: 0.999999 0.000151372 -0.000894551 -0.000152227 0.999999 -0.00122119 0.000894626 0.00122147 0.999999 0.0310347 -0.0209009 -0.0596476
FixedParameters: 0 0 0

#Transform 3
Transform: AffineTransform_float_3_3
Parameters: 1 0.00024361 -0.000545787 -0.000244489 0.999998 -0.00162364 0.000544541 0.00162391 0.999998 0.0338107 -0.028512 -0.0653954
FixedParameters: 0 0 0

#Transform 4
Transform: AffineTransform_float_3_3
Parameters: 1 6.07411e-05 -0.000564238 -6.16951e-05 0.999998 -0.00163647 0.000563585 0.00163654 0.999998 0.0326927 -0.0159145 -0.0637025
FixedParameters: 0 0 0

#Transform 5
Transform: AffineTransform_float_3_3
Parameters: 1 0.000272417 -0.000539837 -0.0002728 0.999998 -0.00159461 0.00053941 0.0015943 0.999999 0.0277011 -0.0186875 -0.0634277
FixedParameters: 0 0 0

#Transform 6
Transform: AffineTransform_float_3_3
Parameters: 0.999999 0.000480195 -0.000588604 -0.000481437 0.999998 -0.00218177 0.000586938 0.00218156 0.999997 0.0286628 0.0111588 -0.0947619
FixedParameters: 0 0 0

#Transform 7
Transform: AffineTransform_float_3_3
Parameters: 1 0.000151322 -0.000274598 -0.000151404 0.999999 -0.00176309 0.000273597 0.00176318 0.999999 0.033463 -0.0204727 -0.0710825
FixedParameters: 0 0 0

#Transform 8
Transform: AffineTransform_float_3_3
Parameters: 1 0.000198913 -0.000233343 -0.000198873 0.999999 -0.00181329 0.000232155 0.00181339 0.999999 0.0318809 -0.00991603 -0.070165
FixedParameters: 0 0 0

#Transform 9
Transform: AffineTransform_float_3_3
Parameters: 1 0.000161366 -0.000303937 -0.000162304 0.999999 -0.00153126 0.000303426 0.00153136 0.999999 0.0357616 -0.00352031 -0.0750002
FixedParameters: 0 0 0

#Transform 10
Transform: AffineTransform_float_3_3
Parameters: 1 8.57354e-05 -0.000401705 -8.62636e-05 0.999999 -0.00176008 0.000400934 0.00176015 0.999999 0.0382145 -0.00249937 -0.0731537
FixedParameters: 0 0 0

#Transform 11
Transform: AffineTransform_float_3_3
Parameters: 1 0.000128002 -0.000324377 -0.000127741 0.999998 -0.00164809 0.000324401 0.00164819 0.999998 0.0345383 0.00733814 -0.0825276
FixedParameters: 0 0 0

#Transform 12
Transform: AffineTransform_float_3_3
Parameters: 1 5.8134e-06 -0.000230001 -6.53661e-06 0.999999 -0.00155691 0.000229967 0.00155691 0.999999 0.036505 -0.0209199 -0.0670581
FixedParameters: 0 0 0

#Transform 13
Transform: AffineTransform_float_3_3
Parameters: 1 0.000397002 -0.000421448 -0.00039773 0.999999 -0.00137527 0.000421239 0.00137561 0.999999 0.0125727 0.0063127 -0.0743718
FixedParameters: 0 0 0

#Transform 14
Transform: AffineTransform_float_3_3
Parameters: 1 0.000322967 -0.000574428 -0.000324014 0.999999 -0.00128626 0.00057448 0.00128663 0.999999 0.00962907 0.00829713 -0.0977018
FixedParameters: 0 0 0

#Transform 15
Transform: AffineTransform_float_3_3
Parameters: 1 7.13884e-05 -0.000262064 -7.20857e-05 0.999999 -0.00131748 0.00026186 0.00131752 0.999999 0.0121687 0.00324511 -0.081192
FixedParameters: 0 0 0

#Transform 16
Transform: AffineTransform_float_3_3
Parameters: 1 0.000238458 -0.000114356 -0.00023867 0.999999 -0.000931148 0.000113912 0.000931203 0.999999 0.010788 0.0275967 -0.0362988
FixedParameters: 0 0 0

#Transform 17
Transform: AffineTransform_float_3_3
Parameters: 1 0.000354183 -0.000420746 -0.000353998 0.999999 0.000211269 0.000420892 -0.000211587 1 -0.00343322 0.0053916 0.0499304
FixedParameters: 0 0 0

#Transform 18
Transform: AffineTransform_float_3_3
Parameters: 1 -6.48174e-06 -0.000244929 6.57245e-06 1 0.000185181 0.000244927 -0.000185184 1 0.00102105 -0.00209194 0.037141
FixedParameters: 0 0 0

#Transform 19
Transform: AffineTransform_float_3_3
Parameters: 1 0.000397265 -0.000280674 -0.000396958 1 -0.000233789 0.000281387 0.000234018 1 -0.00792079 0.00687069 -0.00385319
FixedParameters: 0 0 0

#Transform 20
Transform: AffineTransform_float_3_3
Parameters: 1 -0.000273372 -0.000395157 0.000273414 1 6.22901e-05 0.000395127 -6.18905e-05 0.999999 0.00887657 0.0173904 -0.00149607
FixedParameters: 0 0 0

#Transform 21
Transform: AffineTransform_float_3_3
Parameters: 1 -6.41475e-05 4.02123e-05 6.41701e-05 1 -0.000281396 -4.01762e-05 0.000281401 1 0.00309237 0.0199929 0.0295751
FixedParameters: 0 0 0

#Transform 22
Transform: AffineTransform_float_3_3
Parameters: 1 6.64907e-06 -3.21491e-05 -6.45371e-06 0.999992 0.00381696 3.20968e-05 -0.00381696 0.999992 -0.00213952 -0.0114191 0.225706
FixedParameters: 0 0 0

#Transform 23
Transform: AffineTransform_float_3_3
Parameters: 1 9.9532e-05 -0.000198664 -9.93613e-05 1 0.000429602 0.00019875 -0.000429562 1 -0.0205897 0.0636297 0.0723263
FixedParameters: 0 0 0

#Transform 24
Transform: AffineTransform_float_3_3
Parameters: 1 -0.000133215 -0.00011977 0.000133381 0.999999 0.000697553 0.000119584 -0.000697585 0.999999 -0.0156248 -0.0164813 0.0818793
FixedParameters: 0 0 0

#Transform 25
Transform: AffineTransform_float_3_3
Parameters: 1 -0.000173425 -0.000424958 0.00017416 0.999999 0.00086571 0.000424657 -0.000865858 0.999999 -0.0117967 -0.00218349 0.0642031
FixedParameters: 0 0 0

#Transform 26
Transform: AffineTransform_float_3_3
Parameters: 1 -9.35989e-05 -4.1193e-05 9.41076e-05 0.999999 0.000846563 4.19328e-05 -0.000846565 0.999999 -0.0169646 0.0108419 0.0321275
FixedParameters: 0 0 0

#Transform 27
Transform: AffineTransform_float_3_3
Parameters: 1 -9.29826e-05 -4.14991e-05 9.34988e-05 0.999999 0.00093056 4.22242e-05 -0.000930562 0.999999 -0.0169046 0.00782542 0.0254375
FixedParameters: 0 0 0

#Transform 28
Transform: AffineTransform_float_3_3
Parameters: 1 -0.000288231 -0.000415682 0.00028876 1 -0.000444506 0.0004155 0.000444272 1 -0.00889601 0.0368654 -0.0183149
FixedParameters: 0 0 0

#Transform 29
Transform: AffineTransform_float_3_3
Parameters: 0.999999 -0.00077005 -0.000180232 0.000769357 0.999999 -0.000706193 0.00018042 0.000705909 0.999999 0.0163994 0.0401623 0.0107812
FixedParameters: 0 0 0

#Transform 30
Transform: AffineTransform_float_3_3
Parameters: 1 -0.000351822 -0.000120832 0.000351671 0.999999 -0.000624928 0.000121272 0.000624843 1 0.00080064 0.000540771 0.0102373
FixedParameters: 0 0 0

#Transform 31
Transform: AffineTransform_float_3_3
Parameters: 1 -0.000476847 -5.21569e-06 0.00047684 0.999999 -0.000634565 5.82089e-06 0.00063456 1 0.00578704 0.0212838 -0.0584229
FixedParameters: 0 0 0

#Transform 32
Transform: AffineTransform_float_3_3
Parameters: 1 -0.000308354 -0.000223266 0.00030797 0.999999 -0.000859644 0.000223796 0.000859506 0.999999 0.00776917 0.0210879 -0.0696256
FixedParameters: 0 0 0

#Transform 33
Transform: AffineTransform_float_3_3
Parameters: 1 -0.000383531 7.74035e-05 0.000383704 0.999999 -0.00117294 -7.65181e-05 0.001173 1 -0.00171287 0.0237734 -0.0763525
FixedParameters: 0 0 0

#Transform 34
Transform: AffineTransform_float_3_3
Parameters: 1 -0.000255442 1.4723e-05 0.000255467 1 -0.00110012 -1.41755e-05 0.00110013 1 0.00113085 0.0222958 -0.0770839
FixedParameters: 0 0 0

#Transform 35
Transform: AffineTransform_float_3_3
Parameters: 1 -0.000170208 0.000204551 0.000170161 0.999999 -0.000955029 -0.000205125 0.000955093 0.999999 -0.00574114 0.0116642 -0.0928831
FixedParameters: 0 0 0

#Transform 36
Transform: AffineTransform_float_3_3
Parameters: 0.999999 -0.000399566 0.000588524 0.000400191 0.999999 -0.0013018 -0.000587059 0.00130227 0.999999 0.00373117 0.0187921 -0.0974606
FixedParameters: 0 0 0

#Transform 37
Transform: AffineTransform_float_3_3
Parameters: 1 -0.000441619 0.000495274 0.000442066 1 -0.000893224 -0.000495384 0.000892867 0.999999 0.00983947 0.0152652 -0.0993588
FixedParameters: 0 0 0

#Transform 38
Transform: AffineTransform_float_3_3
Parameters: 1 -0.0004649 0.000443034 0.000465026 0.999999 -0.000636851 -0.00044334 0.000637256 0.999999 0.012903 0.0123561 -0.0820599
FixedParameters: 0 0 0

#Transform 39
Transform: AffineTransform_float_3_3
Parameters: 0.999999 -0.000545874 0.00112834 0.000547362 1 -0.000850223 -0.00112831 0.000850834 0.999999 0.0189108 0.0189794 -0.0695431
FixedParameters: 0 0 0

#Transform 40
Transform: AffineTransform_float_3_3
Parameters: 0.999999 -0.000654409 0.00105215 0.000653961 1 0.000216815 -0.00105242 -0.000216226 0.999999 0.00305519 0.0420286 0.053033
FixedParameters: 0 0 0

#Transform 41
Transform: AffineTransform_float_3_3
Parameters: 0.999999 -0.00066636 0.000589875 0.000666432 1 -6.06512e-05 -0.000589794 6.14373e-05 1 0.00899693 0.0156003 0.0112202
FixedParameters: 0 0 0

#Transform 42
Transform: AffineTransform_float_3_3
Parameters: 1 -0.000421916 -0.000127267 0.000420935 0.999998 -0.00206951 0.000128084 0.00206939 0.999998 -0.00491225 0.011738 -0.0686976
FixedParameters: 0 0 0

#Transform 43
Transform: AffineTransform_float_3_3
Parameters: 1 -0.000320868 -8.76907e-05 0.000320937 0.999997 -0.00215307 8.77064e-05 0.00215301 0.999997 -0.0107308 0.0590629 -0.136516
FixedParameters: 0 0 0

#Transform 44
Transform: AffineTransform_float_3_3
Parameters: 1 -0.000494453 -2.42966e-06 0.000494877 0.999997 -0.00243949 3.46242e-06 0.00243948 0.999997 -0.0186437 0.049638 -0.126956
FixedParameters: 0 0 0

#Transform 45
Transform: AffineTransform_float_3_3
Parameters: 1 -0.000557744 2.85258e-05 0.000558309 0.999998 -0.00225389 -2.7391e-05 0.00225392 0.999998 -0.0175156 0.0395366 -0.110498
FixedParameters: 0 0 0

#Transform 46
Transform: AffineTransform_float_3_3
Parameters: 1 -0.000367929 0.000343026 0.000368044 0.999997 -0.00214005 -0.00034194 0.00214029 0.999997 -0.0247456 0.0452289 -0.11836
FixedParameters: 0 0 0

#Transform 47
Transform: AffineTransform_float_3_3
Parameters: 1 -0.000218004 9.7998e-05 0.00021842 0.999997 -0.00220311 -9.70656e-05 0.00220315 0.999997 -0.0142762 0.0290295 -0.131993
FixedParameters: 0 0 0

#Transform 48
Transform: AffineTransform_float_3_3
Parameters: 1 -0.00035949 0.000436805 0.000360763 0.999998 -0.00197673 -0.000436309 0.00197704 0.999998 -0.00789595 0.042356 -0.133577
FixedParameters: 0 0 0

#Transform 49
Transform: AffineTransform_float_3_3
Parameters: 1 -0.000446295 0.000323367 0.00044614 0.999998 -0.00185352 -0.000322202 0.0018538 0.999998 -0.0107913 0.0464953 -0.135841
FixedParameters: 0 0 0

#Transform 50
Transform: AffineTransform_float_3_3
Parameters: 1 -0.000112593 0.000349114 0.000112426 0.999998 -0.00168596 -0.000349209 0.00168603 0.999998 -0.0130981 0.0484084 -0.130904
FixedParameters: 0 0 0

#Transform 51
Transform: AffineTransform_float_3_3
Parameters: 1 -6.51549e-05 0.00046278 6.65164e-05 0.999999 -0.00147889 -0.0004626 0.00147895 0.999999 -0.0152772 0.0398111 -0.116424
FixedParameters: 0 0 0

#Transform 52
Transform: AffineTransform_float_3_3
Parameters: 1 -0.000209187 0.000347287 0.000208744 0.999999 -0.00129822 -0.000347219 0.00129835 0.999999 -0.00868716 0.0496389 -0.0879946
FixedParameters: 0 0 0

#Transform 53
Transform: AffineTransform_float_3_3
Parameters: 1 -0.00013907 0.000455688 0.000139887 0.999998 -0.00189937 -0.000454749 0.00189949 0.999998 -0.0124068 0.0525167 -0.0895576
FixedParameters: 0 0 0

#Transform 54
Transform: AffineTransform_float_3_3
Parameters: 1 -5.59961e-05 0.000644306 5.7259e-05 0.999998 -0.00168892 -0.000643705 0.00168978 0.999999 -0.0233841 0.0641771 -0.0750751
FixedParameters: 0 0 0

#Transform 55
Transform: AffineTransform_float_3_3
Parameters: 1 -9.97568e-06 0.000649601 1.08204e-05 0.999998 -0.00168927 -0.000650056 0.00169006 0.999999 -0.0140605 0.0420741 -0.090489
FixedParameters: 0 0 0

#Transform 56
Transform: AffineTransform_float_3_3
Parameters: 1 -6.07187e-05 0.000682302 6.18463e-05 0.999999 -0.00181615 -0.000682569 0.00181622 0.999998 -0.0167042 0.0460249 -0.108648
FixedParameters: 0 0 0

#Transform 57
Transform: AffineTransform_float_3_3
Parameters: 0.999999 -0.000221598 0.000778866 0.000222858 0.999998 -0.0016761 -0.00077861 0.00167723 0.999998 -0.00571292 0.0433681 -0.0943807
FixedParameters: 0 0 0

#Transform 58
Transform: AffineTransform_float_3_3
Parameters: 1 -0.000358114 0.000493652 0.000358063 0.999999 -0.00131051 -0.000493188 0.00131085 0.999999 -0.00709532 0.0534901 -0.100962
FixedParameters: 0 0 0

#Transform 59
Transform: AffineTransform_float_3_3
Parameters: 1 -0.000318711 0.000573429 0.000319258 0.999999 -0.0012685 -0.000572196 0.00126886 0.999999 -0.00707666 0.0773404 -0.0881087
FixedParameters: 0 0 0

#Transform 60
Transform: AffineTransform_float_3_3
Parameters: 0.999999 -0.000201505 0.000822568 0.000202272 0.999999 -0.00183451 -0.000821879 0.00183482 0.999998 -0.0167141 0.057218 -0.116211
FixedParameters: 0 0 0

#Transform 61
Transform: AffineTransform_float_3_3
Parameters: 1 -0.00029443 0.000629689 0.000295606 0.999998 -0.00164929 -0.000628295 0.00164904 0.999998 -0.0194371 0.0584673 -0.114317
FixedParameters: 0 0 0

#Transform 62
Transform: AffineTransform_float_3_3
Parameters: 0.999999 -0.00021503 0.000783132 0.000215909 1 -0.00114052 -0.000782216 0.00114085 0.999999 -0.0158872 0.0268578 -0.111435
FixedParameters: 0 0 0

#Transform 63
Transform: AffineTransform_float_3_3
Parameters: 0.999999 -6.71888e-05 0.00108368 6.85398e-05 1 -0.00103842 -0.00108312 0.00103795 0.999999 -0.0198449 0.0259322 -0.109043
FixedParameters: 0 0 0

#Transform 64
Transform: AffineTransform_float_3_3
Parameters: 1 -7.7975e-05 0.00105881 7.8909e-05 0.999999 -0.000865217 -0.00105824 0.000866166 0.999999 -0.0194235 0.058834 -0.118223
FixedParameters: 0 0 0

#Transform 65
Transform: AffineTransform_float_3_3
Parameters: 1 -0.000286199 0.000624935 0.000285817 1 -0.00041353 -0.00062426 0.000413882 0.999999 -0.0160394 0.0517481 -0.0841467
FixedParameters: 0 0 0

#Transform 66
Transform: AffineTransform_float_3_3
Parameters: 1 -0.000289322 0.00062673 0.00028952 1 -0.000881513 -0.000625796 0.00088187 1 -0.0180503 0.0494629 -0.0891545
FixedParameters: 0 0 0

#Transform 67
Transform: AffineTransform_float_3_3
Parameters: 0.999999 -0.000310535 0.000758416 0.000311406 1 -0.000866831 -0.00075879 0.000867296 1 -0.0300535 0.0630606 -0.0943225
FixedParameters: 0 0 0

#Transform 68
Transform: AffineTransform_float_3_3
Parameters: 1 -0.00023573 0.000600566 0.000236846 1 -0.000929424 -0.000600127 0.00092892 0.999999 -0.021554 0.071475 -0.131808
FixedParameters: 0 0 0

#Transform 69
Transform: AffineTransform_float_3_3
Parameters: 1 -0.000288412 0.000626213 0.000288447 0.999999 -0.000745517 -0.000625344 0.000745873 0.999999 -0.029015 0.00952933 -0.095494
FixedParameters: 0 0 0

#Transform 70
Transform: AffineTransform_float_3_3
Parameters: 0.999999 -0.000179975 0.000841219 0.000179216 0.999999 -0.000339371 -0.000841561 0.000339047 1 -0.022458 0.08107 -0.117201
FixedParameters: 0 0 0

#Transform 71
Transform: AffineTransform_float_3_3
Parameters: 1 -0.000281123 0.00108672 0.000277974 0.999998 0.00206028 -0.00108743 -0.00205966 0.999997 -0.0271699 -0.0210901 0.0760255
FixedParameters: 0 0 0

#Transform 72
Transform: AffineTransform_float_3_3
Parameters: 0.999999 -0.000361111 0.00122993 0.000358531 0.999998 0.00213272 -0.00123058 -0.00213243 0.999997 -0.0468134 0.0532386 0.0726715
FixedParameters: 0 0 0

#Transform 73
Transform: AffineTransform_float_3_3
Parameters: 0.999998 -0.000319431 0.00158567 0.00031705 0.999998 0.00187513 -0.00158641 -0.00187392 0.999997 -0.044912 0.00802104 0.0444
FixedParameters: 0 0 0

#Transform 74
Transform: AffineTransform_float_3_3
Parameters: 0.999998 -0.000209796 0.00167441 0.000208318 1 0.00110946 -0.00167487 -0.00110857 0.999998 -0.052868 0.0559357 -0.0114085
FixedParameters: 0 0 0

#Transform 75
Transform: AffineTransform_float_3_3
Parameters: 0.999998 -0.000468092 0.00153268 0.000466175 0.999999 0.00150002 -0.00153319 -0.0014998 0.999998 -0.0442293 0.0167522 0.0114152
FixedParameters: 0 0 0

#Transform 76
Transform: AffineTransform_float_3_3
Parameters: 0.999998 -0.00044576 0.00158335 0.000444206 0.999999 0.00120101 -0.00158441 -0.00120082 0.999998 -0.0410089 0.0301028 0.0228301
FixedParameters: 0 0 0

#Transform 77
Transform: AffineTransform_float_3_3
Parameters: 0.999999 -0.000366421 0.00143323 0.000366375 1 0.000485509 -0.00143313 -0.000485063 0.999999 -0.040387 0.0628928 -0.0169496
FixedParameters: 0 0 0

#Transform 78
Transform: AffineTransform_float_3_3
Parameters: 0.999998 -0.000480985 0.00152362 0.000480664 1 0.000402868 -0.00152445 -0.000402013 0.999999 -0.0408516 0.0739749 -0.0125674
FixedParameters: 0 0 0

#Transform 79
Transform: AffineTransform_float_3_3
Parameters: 0.999999 -0.000316783 0.00152056 0.000315167 0.999999 0.00126683 -0.00152136 -0.00126568 0.999998 -0.0444435 0.0407454 0.0268111
FixedParameters: 0 0 0

#Transform 80
Transform: AffineTransform_float_3_3
Parameters: 0.999999 -0.000357581 0.00176876 0.000355623 1 0.000935751 -0.00176895 -0.000935094 0.999997 -0.0391938 0.0403743 -0.0165662
FixedParameters: 0 0 0

#Transform 81
Transform: AffineTransform_float_3_3
Parameters: 0.999999 -0.000210979 0.00156302 0.000209933 1 0.000764646 -0.00156288 -0.000764593 0.999998 -0.0404453 0.0594996 -0.0110706
FixedParameters: 0 0 0

#Transform 82
Transform: AffineTransform_float_3_3
Parameters: 0.999998 -0.000232241 0.00167218 0.000230478 1 0.00092925 -0.00167215 -0.00092908 0.999998 -0.0421121 0.0503218 -0.0228557
FixedParameters: 0 0 0

#Transform 83
Transform: AffineTransform_float_3_3
Parameters: 0.999998 -0.000241737 0.00157802 0.000240771 1 0.000731975 -0.00157792 -0.000731818 0.999998 -0.0371599 0.0466966 -0.0388023
FixedParameters: 0 0 0

#Transform 84
Transform: AffineTransform_float_3_3
Parameters: 0.999998 -0.000185357 0.00193998 0.000184317 1 0.000616411 -0.00193975 -0.000616126 0.999998 -0.0453332 0.045474 -0.0437107
FixedParameters: 0 0 0

#Transform 85
Transform: AffineTransform_float_3_3
Parameters: 0.999998 -0.000107068 0.00174475 0.000105278 1 0.000898392 -0.00174449 -0.000898626 0.999998 -0.0462775 0.0347091 -0.0237588
FixedParameters: 0 0 0

#Transform 86
Transform: AffineTransform_float_3_3
Parameters: 0.999998 -8.56108e-05 0.00199455 8.42746e-05 1 0.000897508 -0.00199468 -0.00089698 0.999997 -0.0516331 0.0410931 -0.0236789
FixedParameters: 0 0 0

#Transform 87
Transform: AffineTransform_float_3_3
Parameters: 0.999999 -0.000123791 0.00184742 0.000121361 1 0.000904503 -0.00184808 -0.000904488 0.999998 -0.0477428 0.0587033 -0.0132499
FixedParameters: 0 0 0

#Transform 88
Transform: AffineTransform_float_3_3
Parameters: 0.999999 -0.00032766 0.00182373 0.000325366 0.999998 0.0013663 -0.00182371 -0.00136553 0.999997 -0.0398923 0.0484354 0.0166118
FixedParameters: 0 0 0

#Transform 89
Transform: AffineTransform_float_3_3
Parameters: 0.999998 -0.000260492 0.00196719 0.000258773 0.999999 0.00100922 -0.0019677 -0.00100863 0.999998 -0.0423117 0.0425147 -0.00323229
FixedParameters: 0 0 0

#Transform 90
Transform: AffineTransform_float_3_3
Parameters: 0.999998 -0.000275876 0.00193698 0.000274585 1 0.000914248 -0.00193747 -0.000913609 0.999998 -0.0375318 0.062246 -0.0277714
FixedParameters: 0 0 0

#Transform 91
Transform: AffineTransform_float_3_3
Parameters: 0.999997 -0.00040591 0.00214919 0.000402478 0.999998 0.00173551 -0.00214924 -0.00173479 0.999996 -0.029516 0.0582514 0.00333694
FixedParameters: 0 0 0

#Transform 92
Transform: AffineTransform_float_3_3
Parameters: 0.999998 -0.000215228 0.00205724 0.000212918 0.999999 0.00121515 -0.00205685 -0.00121469 0.999997 -0.0402452 0.060421 -0.0258335
FixedParameters: 0 0 0

#Transform 93
Transform: AffineTransform_float_3_3
Parameters: 0.999997 -0.000343752 0.00211995 0.00034196 0.999999 0.00105759 -0.00211976 -0.00105656 0.999997 -0.0282553 0.045315 -0.0331603
FixedParameters: 0 0 0

#Transform 94
Transform: AffineTransform_float_3_3
Parameters: 0.999998 -0.000299233 0.00188702 0.00029753 1 0.00104608 -0.00188763 -0.00104477 0.999998 -0.0392559 0.0484325 -0.0279008
FixedParameters: 0 0 0

#Transform 95
Transform: AffineTransform_float_3_3
Parameters: 0.999998 -0.000218653 0.0020597 0.000217694 1 0.000561169 -0.0020595 -0.000560702 0.999998 -0.0289252 0.0676489 -0.0432413
FixedParameters: 0 0 0

#Transform 96
Transform: AffineTransform_float_3_3
Parameters: 0.999999 -0.000350458 0.00178911 0.000349804 1 0.00056076 -0.00178903 -0.000560111 0.999998 -0.0303884 0.066329 -0.0229204
FixedParameters: 0 0 0

#Transform 97
Transform: AffineTransform_float_3_3
Parameters: 0.999998 -0.000264973 0.00196313 0.00026373 1 0.000661235 -0.00196302 -0.000660629 0.999998 -0.0299402 0.0656674 0.00834036
FixedParameters: 0 0 0

#Transform 98
Transform: AffineTransform_float_3_3
Parameters: 0.999998 -0.000216438 0.00205811 0.000215077 0.999999 0.00098416 -0.00205762 -0.000983692 0.999997 -0.0289978 0.0654183 0.00609011
FixedParameters: 0 0 0

#Transform 99
Transform: AffineTransform_float_3_3
Parameters: 0.999998 -0.000215872 0.0020577 0.000214068 0.999999 0.00109215 -0.00205726 -0.00109169 0.999997 -0.0343408 0.0626891 -0.0038265
FixedParameters: 0 0 0

#Transform 100
Transform: AffineTransform_float_3_3
Parameters: 0.999998 -0.000217533 0.0020589 0.000215694 1 0.000775158 -0.00205878 -0.000774698 0.999998 -0.0395861 0.0708881 -0.0139062
FixedParameters: 0 0 0

#Transform 101
Transform: AffineTransform_float_3_3
Parameters: 0.999998 -0.000215343 0.00205732 0.000213124 0.999999 0.00119315 -0.00205692 -0.00119269 0.999997 -0.0429683 0.0671269 -0.00409248
FixedParameters: 0 0 0

#Transform 102
Transform: AffineTransform_float_3_3
Parameters: 0.999998 -0.000212653 0.00205538 0.000209216 0.999998 0.00170713 -0.00205564 -0.00170668 0.999996 -0.0358223 0.0623978 0.00794457
FixedParameters: 0 0 0

#Transform 103
Transform: AffineTransform_float_3_3
Parameters: 0.999998 -0.000215495 0.00205743 0.000213395 0.999999 0.00116415 -0.00205702 -0.00116369 0.999997 -0.0428814 0.069529 -0.0241685
FixedParameters: 0 0 0

#Transform 104
Transform: AffineTransform_float_3_3
Parameters: 0.999998 -0.000551114 0.00222042 0.000548015 0.999999 0.00130676 -0.00222093 -0.00130614 0.999997 -0.0294942 0.0829253 -0.00979344
FixedParameters: 0 0 0

#Transform 105
Transform: AffineTransform_float_3_3
Parameters: 0.999998 -0.00021581 0.00205766 0.000213956 0.999999 0.00110415 -0.00205722 -0.00110369 0.999997 -0.0431777 0.0968818 0.0113813
FixedParameters: 0 0 0

#Transform 106
Transform: AffineTransform_float_3_3
Parameters: 0.999997 -2.27255e-05 0.00245043 1.89494e-05 0.999999 0.00141395 -0.00245091 -0.00141488 0.999996 -0.0512101 0.0779358 0.0103419
FixedParameters: 0 0 0

#Transform 107
Transform: AffineTransform_float_3_3
Parameters: 0.999998 -0.000219082 0.00206001 0.000218461 1 0.000479173 -0.00205977 -0.000478704 0.999998 -0.0379182 0.095327 -0.0424389
FixedParameters: 0 0 0

#Transform 108
Transform: AffineTransform_float_3_3
Parameters: 0.999998 -0.000216642 0.00205826 0.000215003 0.999999 0.000945158 -0.00205865 -0.000944696 0.999997 -0.0428301 0.0770757 -0.0384735
FixedParameters: 0 0 0

#Transform 109
Transform: AffineTransform_float_3_3
Parameters: 0.999998 -0.000215888 0.00205771 0.000214096 0.999999 0.00108915 -0.00205727 -0.00108869 0.999997 -0.0426084 0.0474824 -0.06253
FixedParameters: 0 0 0

#Transform 110
Transform: AffineTransform_float_3_3
Parameters: 0.999997 -0.000184708 0.00212147 0.000182676 0.999999 0.0011131 -0.00212097 -0.00111274 0.999997 -0.0393454 0.0426376 -0.0445973
FixedParameters: 0 0 0

#Transform 111
Transform: AffineTransform_float_3_3
Parameters: 0.999998 -0.000215453 0.0020574 0.00021332 0.999999 0.00117215 -0.00205699 -0.00117169 0.999997 -0.0426817 0.0419694 -0.0433918
FixedParameters: 0 0 0

#Transform 112
Transform: AffineTransform_float_3_3
Parameters: 0.999998 -0.000215359 0.00205733 0.000213152 0.999999 0.00119015 -0.00205693 -0.00118969 0.999997 -0.0427155 0.0456411 -0.0395706
FixedParameters: 0 0 0

#Transform 113
Transform: AffineTransform_float_3_3
Parameters: 0.999997 -0.000178142 0.00213496 0.000175636 0.999999 0.00111408 -0.00213534 -0.00111376 0.999997 -0.0443851 0.0643803 -0.0502181
FixedParameters: 0 0 0

#Transform 114
Transform: AffineTransform_float_3_3
Parameters: 0.999998 -0.000434293 0.00224967 0.000432345 0.999999 0.00103296 -0.00224963 -0.00103143 0.999996 -0.0393752 0.0643688 -0.0381988
FixedParameters: 0 0 0

#Transform 115
Transform: AffineTransform_float_3_3
Parameters: 0.999998 -0.000495922 0.00219376 0.000493372 1 0.00119593 -0.00219402 -0.00119497 0.999997 -0.0375454 0.0799829 -0.01943
FixedParameters: 0 0 0

#Transform 116
Transform: AffineTransform_float_3_3
Parameters: 0.999998 -0.000431809 0.00225171 0.000429184 0.999999 0.00108574 -0.00225262 -0.00108563 0.999997 -0.0454416 0.0766472 -0.0131971
FixedParameters: 0 0 0

#Transform 117
Transform: AffineTransform_float_3_3
Parameters: 0.999998 -0.000420654 0.00229618 0.000417495 1 0.00117962 -0.00229714 -0.00117891 0.999996 -0.040429 0.0818974 0.00302969
FixedParameters: 0 0 0

#Transform 118
Transform: AffineTransform_float_3_3
Parameters: 0.999997 -0.00053914 0.00240815 0.00053668 0.999999 0.00125781 -0.00240903 -0.00125625 0.999997 -0.0533717 0.0815817 -0.00866948
FixedParameters: 0 0 0

#Transform 119
Transform: AffineTransform_float_3_3
Parameters: 0.999997 -0.000395174 0.00232262 0.00039213 0.999999 0.00123607 -0.00232268 -0.00123528 0.999997 -0.0539255 0.0628654 -0.013956
FixedParameters: 0 0 0
