#Insight Transform File V1.0
#Transform 0
Transform: AffineTransform_float_3_3
Parameters: 0.999483 -0.00351656 -0.0319531 0.00241403 0.999403 -0.0344845 0.0320555 0.0343892 0.998894 -1.01981 0.0591264 -2.04797
FixedParameters: 0 0 0

#Transform 1
Transform: AffineTransform_float_3_3
Parameters: 0.999543 -0.00195949 -0.0301654 0.00108062 0.999575 -0.029114 0.0302096 0.0290678 0.999121 -1.08043 -0.141881 -1.82077
FixedParameters: 0 0 0

#Transform 2
Transform: AffineTransform_float_3_3
Parameters: 0.999627 -0.00339411 -0.027116 0.00262012 0.99959 -0.0285184 0.0272019 0.0284371 0.999225 -0.950445 0.0448335 -1.83209
FixedParameters: 0 0 0

#Transform 3
Transform: AffineTransform_float_3_3
Parameters: 0.999678 -0.00292944 -0.0252123 0.00233286 0.999717 -0.0236599 0.0252746 0.0235933 0.999403 -0.98434 -0.00149415 -1.62255
FixedParameters: 0 0 0

#Transform 4
Transform: AffineTransform_float_3_3
Parameters: 0.999709 -0.00163645 -0.0240637 0.00111722 0.999767 -0.0215829 0.0240934 0.0215501 0.999477 -1.01429 0.0195034 -1.56677
FixedParameters: 0 0 0

#Transform 5
Transform: AffineTransform_float_3_3
Parameters: 0.999704 -0.00123649 -0.024297 0.000665735 0.999724 -0.023515 0.024319 0.0234919 0.999428 -1.07394 0.153561 -1.66859
FixedParameters: 0 0 0

#Transform 6
Transform: AffineTransform_float_3_3
Parameters: 0.999711 5.23649e-05 -0.024022 -0.000596992 0.999742 -0.0226733 0.0240154 0.0226817 0.999454 -1.11051 0.00697705 -1.63254
FixedParameters: 0 0 0

#Transform 7
Transform: AffineTransform_float_3_3
Parameters: 0.999752 -0.000620934 -0.0222458 0.000133657 0.99976 -0.0218882 0.0222546 0.02188 0.999513 -1.05117 0.120674 -1.55386
FixedParameters: 0 0 0

#Transform 8
Transform: AffineTransform_float_3_3
Parameters: 0.999748 -0.000305216 -0.0224772 -0.000161613 0.999784 -0.0207654 0.0224786 0.0207642 0.999532 -1.03971 0.107955 -1.70459
FixedParameters: 0 0 0

#Transform 9
Transform: AffineTransform_float_3_3
Parameters: 0.999793 0.000332852 -0.0203495 -0.000716007 0.999822 -0.0188335 0.0203401 0.0188443 0.999615 -1.11693 0.0848472 -1.42712
FixedParameters: 0 0 0

#Transform 10
Transform: AffineTransform_float_3_3
Parameters: 0.99983 0.000628741 -0.0183798 -0.000889304 0.999899 -0.0141986 0.018369 0.0142126 0.99973 -1.05981 0.0630353 -1.30628
FixedParameters: 0 0 0

#Transform 11
Transform: AffineTransform_float_3_3
Parameters: 0.999744 0.00117469 -0.0226391 -0.00141018 0.999945 -0.0104097 0.0226251 0.0104388 0.99969 -1.062 0.0991883 -1.71478
FixedParameters: 0 0 0

#Transform 12
Transform: AffineTransform_float_3_3
Parameters: 0.99943 -0.000404267 -0.0337738 -0.000636365 0.999526 -0.0308004 0.0337699 0.0308044 0.998955 -1.15917 0.235563 -2.55766
FixedParameters: 0 0 0

#Transform 13
Transform: AffineTransform_float_3_3
Parameters: 0.999718 0.00434517 -0.0233237 -0.00469634 0.999876 -0.0150348 0.023255 0.0151407 0.999615 -0.944133 0.232774 -1.86791
FixedParameters: 0 0 0

#Transform 14
Transform: AffineTransform_float_3_3
Parameters: 0.999999 0.000252295 -0.00186358 -0.000260577 0.999992 -0.0040136 0.00186227 0.00401467 0.99999 -0.118867 -0.0305922 -0.22664
FixedParameters: 0 0 0

#Transform 15
Transform: AffineTransform_float_3_3
Parameters: 0.999997 -0.000403618 0.00240566 0.000400406 0.999999 0.00122598 -0.00240638 -0.00122522 0.999996 -0.0536355 0.0694513 -0.212001
FixedParameters: 0 0 0

#Transform 16
Transform: AffineTransform_float_3_3
Parameters: 0.999955 -0.00180011 0.00925628 0.00176355 0.999991 0.00392947 -0.0092639 -0.00391377 0.99995 -0.142156 0.188721 -0.312157
FixedParameters: 0 0 0

#Transform 17
Transform: AffineTransform_float_3_3
Parameters: 0.999963 -0.000753538 0.00851532 0.000713905 0.999989 0.00463294 -0.00851871 -0.00462687 0.999954 -0.273264 0.0334941 0.090716
FixedParameters: 0 0 0

#Transform 18
Transform: AffineTransform_float_3_3
Parameters: 0.999991 -0.00153274 -0.00406436 0.00147757 0.999908 -0.0134347 0.0040844 0.0134291 0.999902 -0.348147 0.276333 -1.3424
FixedParameters: 0 0 0

#Transform 19
Transform: AffineTransform_float_3_3
Parameters: 0.999839 -0.0011552 -0.0179094 0.000897 0.999896 -0.014409 0.0179238 0.0143905 0.999736 -0.550404 0.184848 -1.35964
FixedParameters: 0 0 0

#Transform 20
Transform: AffineTransform_float_3_3
Parameters: 0.999998 0.000178638 -0.00189972 -0.000177523 1 0.000495339 0.00190009 -0.000494711 0.999998 0.035352 -0.0454681 -0.183636
FixedParameters: 0 0 0

#Transform 21
Transform: AffineTransform_float_3_3
Parameters: 0.999999 -0.00117131 0.000550325 0.00117289 0.999994 -0.0029954 -0.000546704 0.00299539 0.999995 0.0696052 0.0656792 -0.00129898
FixedParameters: 0 0 0

#Transform 22
Transform: AffineTransform_float_3_3
Parameters: 0.999999 -0.00122032 0.000847716 0.00122192 0.999998 -0.00183699 -0.000845138 0.0018382 0.999998 0.0698189 0.0781201 0.0797518
FixedParameters: 0 0 0

#Transform 23
Transform: AffineTransform_float_3_3
Parameters: 0.999996 -0.0019203 0.00167047 0.00192383 0.999996 -0.00213634 -0.00166592 0.00213965 0.999997 -0.0220469 0.141419 0.198167
FixedParameters: 0 0 0

#Transform 24
Transform: AffineTransform_float_3_3
Parameters: 0.999997 -0.0010279 0.00222203 0.00102853 0.999999 -0.000477083 -0.00222123 0.000479161 0.999997 -0.0996667 0.122814 0.295095
FixedParameters: 0 0 0

#Transform 25
Transform: AffineTransform_float_3_3
Parameters: 0.999996 -0.00117682 0.00244688 0.00117828 0.999999 -0.000620942 -0.00244597 0.000624196 0.999997 -0.126762 0.190181 0.308223
FixedParameters: 0 0 0

#Transform 26
Transform: AffineTransform_float_3_3
Parameters: 0.999996 -0.000836923 0.002762 0.000835655 0.999999 0.000380624 -0.00276246 -0.000378442 0.999996 -0.143909 0.0811288 0.361545
FixedParameters: 0 0 0

#Transform 27
Transform: AffineTransform_float_3_3
Parameters: 0.999995 -0.00044605 0.00309975 0.000446067 1 0.000284709 -0.00310008 -0.00028373 0.999995 -0.170491 0.133961 0.28635
FixedParameters: 0 0 0

#Transform 28
Transform: AffineTransform_float_3_3
Parameters: 0.999994 -0.00079313 0.00347853 0.000790253 1 0.000744147 -0.00347857 -0.000741174 0.999994 -0.167751 0.125252 0.307829
FixedParameters: 0 0 0

#Transform 29
Transform: AffineTransform_float_3_3
Parameters: 0.999992 -0.000841077 0.00370686 0.000838742 1 0.000637648 -0.0037072 -0.000634344 0.999993 -0.174243 0.143297 0.316821
FixedParameters: 0 0 0

#Transform 30
Transform: AffineTransform_float_3_3
Parameters: 0.999992 -0.000756134 0.00394392 0.00075274 1 0.000756613 -0.00394438 -0.000753956 0.999992 -0.167579 0.140435 0.288794
FixedParameters: 0 0 0

#Transform 31
Transform: AffineTransform_float_3_3
Parameters: 0.999996 -0.000453286 0.00283004 0.000447325 0.999997 0.00233945 -0.00283059 -0.00233753 0.999994 -0.244409 0.0777485 0.490657
FixedParameters: 0 0 0

#Transform 32
Transform: AffineTransform_float_3_3
Parameters: 0.999585 0.00697944 -0.0279807 -0.00735394 0.999884 -0.0132996 0.027884 0.0134994 0.99952 -0.869087 0.503489 -1.41003
FixedParameters: 0 0 0

#Transform 33
Transform: AffineTransform_float_3_3
Parameters: 0.999365 0.00991509 -0.0342213 -0.0106304 0.999728 -0.0207747 0.0340058 0.0211262 0.999198 -1.07679 0.372765 -1.63167
FixedParameters: 0 0 0

#Transform 34
Transform: AffineTransform_float_3_3
Parameters: 0.999948 -0.00163032 0.010086 0.00162489 0.999999 0.000516651 -0.0100868 -0.000500664 0.999949 -0.181076 -0.0209118 1.28532
FixedParameters: 0 0 0

#Transform 35
Transform: AffineTransform_float_3_3
Parameters: 0.999952 -0.00260785 0.00946784 0.00263777 0.999992 -0.00313075 -0.00945958 0.00315551 0.99995 -0.273467 0.108825 1.23128
FixedParameters: 0 0 0

#Transform 36
Transform: AffineTransform_float_3_3
Parameters: 0.999918 -0.00306774 0.0124118 0.00308827 0.999994 -0.00162651 -0.0124071 0.00166453 0.999922 -0.199441 0.103875 1.31199
FixedParameters: 0 0 0

#Transform 37
Transform: AffineTransform_float_3_3
Parameters: 0.999927 -0.000547293 0.0120838 0.000517502 0.999997 0.00241999 -0.0120844 -0.00241307 0.999924 -0.257086 0.453371 1.17675
FixedParameters: 0 0 0

#Transform 38
Transform: AffineTransform_float_3_3
Parameters: 0.999905 0.000448783 0.0137525 -0.000506403 0.999991 0.0042065 -0.0137498 -0.00421285 0.999896 -0.304174 0.286265 1.17968
FixedParameters: 0 0 0

#Transform 39
Transform: AffineTransform_float_3_3
Parameters: 0.999972 -0.004369 -0.00621496 0.00428369 0.999897 -0.0136547 0.00627391 0.0136281 0.999887 -0.432821 -0.0838693 -0.256265
FixedParameters: 0 0 0

#Transform 40
Transform: AffineTransform_float_3_3
Parameters: 0.999987 -3.07868e-05 0.00524747 -4.30253e-05 0.999902 0.0140573 -0.00524801 -0.0140573 0.999888 -0.547347 0.083173 1.26238
FixedParameters: 0 0 0

#Transform 41
Transform: AffineTransform_float_3_3
Parameters: 0.999948 -0.00272383 0.00986196 0.00266116 0.999976 0.00638093 -0.00987868 -0.0063543 0.999931 -0.147065 -0.116962 1.24856
FixedParameters: 0 0 0

#Transform 42
Transform: AffineTransform_float_3_3
Parameters: 0.999935 -0.00268105 0.0110742 0.00262168 0.999982 0.00534778 -0.0110876 -0.00531834 0.999924 -0.119237 0.145641 1.0686
FixedParameters: 0 0 0

#Transform 43
Transform: AffineTransform_float_3_3
Parameters: 0.999669 -0.00805272 -0.0244274 0.00745651 0.999674 -0.0244286 0.0246161 0.0242383 0.999403 -0.757529 0.477317 -1.21937
FixedParameters: 0 0 0

#Transform 44
Transform: AffineTransform_float_3_3
Parameters: 0.99989 0.00252084 0.0145926 -0.00298314 0.999491 0.0317511 -0.0145046 -0.0317913 0.99939 -0.251822 0.226089 1.20218
FixedParameters: 0 0 0

#Transform 45
Transform: AffineTransform_float_3_3
Parameters: 0.999899 0.000165137 0.0141712 -0.000465079 0.999777 0.0211197 -0.0141646 -0.0211235 0.999677 -0.185808 0.129431 0.982399
FixedParameters: 0 0 0

#Transform 46
Transform: AffineTransform_float_3_3
Parameters: 0.999933 -0.00157773 0.0115051 0.00144581 0.999933 0.0115014 -0.0115222 -0.0114834 0.999868 -0.088545 0.111977 0.96169
FixedParameters: 0 0 0

#Transform 47
Transform: AffineTransform_float_3_3
Parameters: 0.999614 0.00601838 -0.0271275 -0.00614578 0.999971 -0.00464504 0.0270987 0.00481066 0.999621 -1.00742 0.417603 -1.02234
FixedParameters: 0 0 0

#Transform 48
Transform: AffineTransform_float_3_3
Parameters: 0.999475 0.00806331 -0.031373 -0.00854388 0.999848 -0.0151999 0.0312459 0.0154598 0.999392 -1.00712 0.446459 -1.33773
FixedParameters: 0 0 0

#Transform 49
Transform: AffineTransform_float_3_3
Parameters: 0.999816 0.00659656 -0.0180367 -0.00671841 0.999954 -0.0067393 0.0179908 0.0068589 0.999815 -0.790079 0.260521 -0.627717
FixedParameters: 0 0 0

#Transform 50
Transform: AffineTransform_float_3_3
Parameters: 0.999959 0.00445026 -0.00782391 -0.00433294 0.999879 0.0149483 0.00788909 -0.0149143 0.999858 -0.573658 0.352248 0.906108
FixedParameters: 0 0 0

#Transform 51
Transform: AffineTransform_float_3_3
Parameters: 0.999996 0.000437068 -0.00282146 -0.000351451 0.999546 0.03012 0.00283274 -0.0301189 0.999542 -0.329132 0.275091 1.50774
FixedParameters: 0 0 0

#Transform 52
Transform: AffineTransform_float_3_3
Parameters: 1 0.000600445 -0.000631538 -0.000579479 0.999474 0.032429 0.00065053 -0.0324288 0.999474 -0.305977 0.0699371 1.6365
FixedParameters: 0 0 0

#Transform 53
Transform: AffineTransform_float_3_3
Parameters: 0.999999 0.00126791 0.000665669 -0.00128884 0.999484 0.032123 -0.000624607 -0.0321235 0.999483 -0.356506 0.175122 1.67019
FixedParameters: 0 0 0

#Transform 54
Transform: AffineTransform_float_3_3
Parameters: 0.999969 -0.00665466 0.00420263 0.00650102 0.999344 0.0356065 -0.00443688 -0.0355776 0.999356 -0.230135 0.105583 1.65964
FixedParameters: 0 0 0

#Transform 55
Transform: AffineTransform_float_3_3
Parameters: 0.999297 0.0192173 -0.0321936 -0.0189024 0.999771 0.0100458 0.0323792 -0.00942984 0.999431 -1.02276 0.80007 -0.032414
FixedParameters: 0 0 0

#Transform 56
Transform: AffineTransform_float_3_3
Parameters: 0.999586 0.0199371 -0.0207331 -0.0196439 0.999705 0.0142898 0.0210121 -0.0138768 0.999683 -0.967481 0.761956 0.142323
FixedParameters: 0 0 0

#Transform 57
Transform: AffineTransform_float_3_3
Parameters: 0.999828 0.0152768 -0.010473 -0.0150274 0.999612 0.0234729 0.0108269 -0.0233107 0.999669 -0.723646 0.252351 0.550543
FixedParameters: 0 0 0

#Transform 58
Transform: AffineTransform_float_3_3
Parameters: 0.999885 0.00725217 -0.0133231 -0.00718643 0.999962 0.00498418 0.0133594 -0.00488851 0.999899 -0.399165 -0.0233421 0.100882
FixedParameters: 0 0 0

#Transform 59
Transform: AffineTransform_float_3_3
Parameters: 0.999946 0.00633891 -0.0082776 -0.00629516 0.999966 0.00527542 0.00831033 -0.00522346 0.999952 -0.361618 0.173895 0.220188
FixedParameters: 0 0 0

#Transform 60
Transform: AffineTransform_float_3_3
Parameters: 0.999952 0.00581709 -0.0078654 -0.0057596 0.999956 0.00738099 0.0079073 -0.0073359 0.999942 -0.306763 0.209314 0.131918
FixedParameters: 0 0 0

#Transform 61
Transform: AffineTransform_float_3_3
Parameters: 0.999954 0.00529022 -0.00795725 -0.00524576 0.99997 0.00568588 0.00798819 -0.00564335 0.999952 -0.28425 0.199702 0.138388
FixedParameters: 0 0 0

#Transform 62
Transform: AffineTransform_float_3_3
Parameters: 0.99998 0.00602644 -0.0014556 -0.00600703 0.999891 0.0135188 0.00153802 -0.0135096 0.999907 -0.352787 0.202332 0.77614
FixedParameters: 0 0 0

#Transform 63
Transform: AffineTransform_float_3_3
Parameters: 0.999984 0.00556157 0.000770662 -0.00556951 0.999928 0.0105656 -0.000711708 -0.0105691 0.999944 -0.315587 0.332388 0.621131
FixedParameters: 0 0 0

#Transform 64
Transform: AffineTransform_float_3_3
Parameters: 0.999985 0.00534443 -0.00128376 -0.00533364 0.999947 0.00874167 0.00133067 -0.00873507 0.999961 -0.350525 0.237046 0.517784
FixedParameters: 0 0 0

#Transform 65
Transform: AffineTransform_float_3_3
Parameters: 0.999985 0.00529214 -0.00129289 -0.00528409 0.999969 0.00580974 0.00132296 -0.005803 0.999983 -0.384298 0.317768 0.445072
FixedParameters: 0 0 0

#Transform 66
Transform: AffineTransform_float_3_3
Parameters: 0.999987 0.00511085 0.000119215 -0.00511243 0.999957 0.00765822 -8.02686e-05 -0.00765823 0.999971 -0.39162 0.249948 0.553992
FixedParameters: 0 0 0

#Transform 67
Transform: AffineTransform_float_3_3
Parameters: 0.999986 0.00522915 0.000841143 -0.0052367 0.99994 0.00955603 -0.000791413 -0.00956041 0.999954 -0.410075 0.205728 0.658312
FixedParameters: 0 0 0

#Transform 68
Transform: AffineTransform_float_3_3
Parameters: 0.999985 0.0052788 0.00182588 -0.00529585 0.999942 0.00941164 -0.00177563 -0.0094207 0.999954 -0.447702 0.339193 0.663912
FixedParameters: 0 0 0

#Transform 69
Transform: AffineTransform_float_3_3
Parameters: 0.999985 0.004887 0.00252052 -0.00491107 0.999943 0.0095261 -0.00247417 -0.00953772 0.999951 -0.426844 0.272758 0.547281
FixedParameters: 0 0 0

#Transform 70
Transform: AffineTransform_float_3_3
Parameters: 0.999982 0.00496476 0.00338931 -0.00500059 0.999933 0.0104435 -0.00333698 -0.0104597 0.99994 -0.41873 0.251473 0.58921
FixedParameters: 0 0 0

#Transform 71
Transform: AffineTransform_float_3_3
Parameters: 0.999983 0.0049346 0.00312519 -0.00496764 0.999931 0.0105932 -0.00307195 -0.0106088 0.999939 -0.411017 0.271068 0.596326
FixedParameters: 0 0 0

#Transform 72
Transform: AffineTransform_float_3_3
Parameters: 0.99998 0.00514537 0.00356941 -0.00518462 0.999925 0.011082 -0.00351156 -0.0111005 0.999932 -0.397979 0.255047 0.552103
FixedParameters: 0 0 0

#Transform 73
Transform: AffineTransform_float_3_3
Parameters: 0.99998 0.00509818 0.00378581 -0.0051417 0.999921 0.0114868 -0.00372671 -0.0115056 0.999927 -0.414945 0.263984 0.539269
FixedParameters: 0 0 0

#Transform 74
Transform: AffineTransform_float_3_3
Parameters: 0.999981 0.00474818 0.00394361 -0.00479108 0.99993 0.0107898 -0.00389258 -0.0108084 0.999934 -0.428243 0.294968 0.580681
FixedParameters: 0 0 0

#Transform 75
Transform: AffineTransform_float_3_3
Parameters: 0.999988 0.00426715 0.00267309 -0.004288 0.99996 0.0077762 -0.00263951 -0.00778753 0.999966 -0.438307 0.272347 0.493032
FixedParameters: 0 0 0

#Transform 76
Transform: AffineTransform_float_3_3
Parameters: 0.999988 0.00402941 0.0028789 -0.00404978 0.999967 0.00701484 -0.00284982 -0.00702654 0.999971 -0.428382 0.271603 0.546765
FixedParameters: 0 0 0

#Transform 77
Transform: AffineTransform_float_3_3
Parameters: 0.999989 0.00412217 0.00219232 -0.00414012 0.999959 0.00799582 -0.00215903 -0.00800578 0.999966 -0.447653 0.286672 0.599959
FixedParameters: 0 0 0

#Transform 78
Transform: AffineTransform_float_3_3
Parameters: 0.999983 0.00566013 -0.000683416 -0.00565515 0.999961 0.00676721 0.000721416 -0.00676344 0.999977 -0.531374 0.320596 0.523228
FixedParameters: 0 0 0

#Transform 79
Transform: AffineTransform_float_3_3
Parameters: 0.999985 0.00503121 -0.00182873 -0.00502685 0.999984 0.00250142 0.00184168 -0.00249173 0.999995 -0.503761 0.334843 0.395703
FixedParameters: 0 0 0

#Transform 80
Transform: AffineTransform_float_3_3
Parameters: 0.999989 0.00490499 -0.000143154 -0.00490444 0.999981 0.00378531 0.000161457 -0.00378521 0.999993 -0.480706 0.269394 0.45411
FixedParameters: 0 0 0

#Transform 81
Transform: AffineTransform_float_3_3
Parameters: 0.999988 0.00491327 0.000234551 -0.00491478 0.999979 0.00440138 -0.000212322 -0.00440204 0.999991 -0.488958 0.231179 0.470757
FixedParameters: 0 0 0

#Transform 82
Transform: AffineTransform_float_3_3
Parameters: 0.99999 0.00449572 0.000260159 -0.0044962 0.999982 0.00400067 -0.000241844 -0.00400145 0.999992 -0.472487 0.317243 0.476357
FixedParameters: 0 0 0

#Transform 83
Transform: AffineTransform_float_3_3
Parameters: 0.999979 0.00655906 0.000666492 -0.00656381 0.999959 0.00621444 -0.000625677 -0.00621787 0.99998 -0.560608 0.475078 0.580226
FixedParameters: 0 0 0

#Transform 84
Transform: AffineTransform_float_3_3
Parameters: 0.999964 0.0070562 0.00470442 -0.00712916 0.999852 0.0157018 -0.00459292 -0.0157344 0.999865 -0.57368 0.288911 1.01364
FixedParameters: 0 0 0

#Transform 85
Transform: AffineTransform_float_3_3
Parameters: 0.999968 0.00654874 0.00439679 -0.0066183 0.999852 0.0158873 -0.00429214 -0.0159156 0.999864 -0.56994 0.325798 0.988543
FixedParameters: 0 0 0

#Transform 86
Transform: AffineTransform_float_3_3
Parameters: 0.999965 0.00674102 0.00508932 -0.00682207 0.999849 0.0160106 -0.00498144 -0.0160452 0.999859 -0.577691 0.345547 0.984966
FixedParameters: 0 0 0

#Transform 87
Transform: AffineTransform_float_3_3
Parameters: 0.999964 0.00671465 0.00519904 -0.00679546 0.999853 0.0157345 -0.00509214 -0.0157695 0.999863 -0.587574 0.36172 0.959222
FixedParameters: 0 0 0

#Transform 88
Transform: AffineTransform_float_3_3
Parameters: 0.999963 0.0068082 0.00521447 -0.00689168 0.999845 0.0162018 -0.00510384 -0.0162376 0.999855 -0.586166 0.339128 1.0034
FixedParameters: 0 0 0

#Transform 89
Transform: AffineTransform_float_3_3
Parameters: 0.999958 0.00693751 0.00595955 -0.00703798 0.999831 0.0169995 -0.00584006 -0.0170412 0.999838 -0.608365 0.353234 1.08062
FixedParameters: 0 0 0

#Transform 90
Transform: AffineTransform_float_3_3
Parameters: 0.999958 0.00679173 0.00608886 -0.0068953 0.999827 0.0172464 -0.00597069 -0.0172877 0.999833 -0.612216 0.350445 1.11853
FixedParameters: 0 0 0

#Transform 91
Transform: AffineTransform_float_3_3
Parameters: 0.999958 0.00680663 0.00619012 -0.00691203 0.999828 0.0171959 -0.00607198 -0.0172381 0.999833 -0.608217 0.365738 1.129
FixedParameters: 0 0 0

#Transform 92
Transform: AffineTransform_float_3_3
Parameters: 0.999956 0.00691952 0.0064185 -0.00703073 0.999822 0.0174977 -0.00629693 -0.0175425 0.999827 -0.611634 0.3587 1.12149
FixedParameters: 0 0 0

#Transform 93
Transform: AffineTransform_float_3_3
Parameters: 0.999958 0.00626255 0.00677862 -0.00637007 0.999853 0.015963 -0.00667813 -0.016006 0.99985 -0.601076 0.332662 1.0906
FixedParameters: 0 0 0

#Transform 94
Transform: AffineTransform_float_3_3
Parameters: 0.999954 0.00627176 0.00727167 -0.00638287 0.999861 0.0153811 -0.00717436 -0.0154269 0.999855 -0.572282 0.370787 1.06374
FixedParameters: 0 0 0

#Transform 95
Transform: AffineTransform_float_3_3
Parameters: 0.999955 0.00649999 0.00682693 -0.00660316 0.999861 0.0152832 -0.00672655 -0.0153281 0.99986 -0.593732 0.356594 1.0662
FixedParameters: 0 0 0

#Transform 96
Transform: AffineTransform_float_3_3
Parameters: 0.999954 0.00658665 0.00697907 -0.00670704 0.999826 0.0174088 -0.00686378 -0.0174557 0.999824 -0.588063 0.354495 1.13544
FixedParameters: 0 0 0

#Transform 97
Transform: AffineTransform_float_3_3
Parameters: 0.999953 0.00649364 0.00726327 -0.00662202 0.99982 0.0177765 -0.0071466 -0.0178243 0.999815 -0.592199 0.353565 1.15332
FixedParameters: 0 0 0

#Transform 98
Transform: AffineTransform_float_3_3
Parameters: 0.999943 0.00695763 0.00801832 -0.00711104 0.999789 0.0192661 -0.00788275 -0.0193221 0.999782 -0.608109 0.372831 1.25206
FixedParameters: 0 0 0

#Transform 99
Transform: AffineTransform_float_3_3
Parameters: 0.999886 0.0099508 0.0113331 -0.010197 0.999709 0.0218766 -0.011112 -0.0219901 0.999697 -0.685581 0.40263 1.3472
FixedParameters: 0 0 0

#Transform 100
Transform: AffineTransform_float_3_3
Parameters: 0.9999 0.00915356 0.0108568 -0.009379 0.999738 0.0209187 -0.010663 -0.0210185 0.999722 -0.649295 0.372911 1.34183
FixedParameters: 0 0 0

#Transform 101
Transform: AffineTransform_float_3_3
Parameters: 0.999906 0.00867652 0.0106543 -0.00890309 0.999731 0.0214207 -0.0104653 -0.0215137 0.999713 -0.644083 0.359151 1.35251
FixedParameters: 0 0 0

#Transform 102
Transform: AffineTransform_float_3_3
Parameters: 0.999804 0.0167114 -0.0106292 -0.0165166 0.999701 0.0180828 0.0109284 -0.0179038 0.99978 -1.17034 0.682368 0.29599
FixedParameters: 0 0 0

#Transform 103
Transform: AffineTransform_float_3_3
Parameters: 0.999928 0.0119172 -0.00116431 -0.0119119 0.99992 0.00410537 0.00121296 -0.00409115 0.999991 -0.763614 0.549791 1.00942
FixedParameters: 0 0 0

#Transform 104
Transform: AffineTransform_float_3_3
Parameters: 0.999967 0.00505209 0.00629718 -0.00513579 0.999898 0.0133289 -0.00622968 -0.0133608 0.999891 -0.350428 0.172151 1.50637
FixedParameters: 0 0 0

#Transform 105
Transform: AffineTransform_float_3_3
Parameters: 0.999966 0.0043697 0.00699398 -0.00445626 0.999912 0.012454 -0.00693874 -0.0124853 0.999898 -0.254216 0.186543 1.39656
FixedParameters: 0 0 0

#Transform 106
Transform: AffineTransform_float_3_3
Parameters: 0.999951 0.00396072 0.00913582 -0.0040697 0.999922 0.0118594 -0.00908805 -0.0118955 0.999888 -0.292129 0.280936 1.45757
FixedParameters: 0 0 0

#Transform 107
Transform: AffineTransform_float_3_3
Parameters: 0.999944 0.00373252 0.00982404 -0.00386328 0.999904 0.013317 -0.00977333 -0.0133545 0.999863 -0.289559 0.195752 1.56226
FixedParameters: 0 0 0

#Transform 108
Transform: AffineTransform_float_3_3
Parameters: 0.999928 0.00370283 0.0114191 -0.00386379 0.999893 0.014115 -0.0113651 -0.0141582 0.999835 -0.298842 0.21717 1.64335
FixedParameters: 0 0 0

#Transform 109
Transform: AffineTransform_float_3_3
Parameters: 0.999922 0.00372983 0.011902 -0.0038867 0.999905 0.013269 -0.0118508 -0.0133145 0.999841 -0.289842 0.243043 1.58073
FixedParameters: 0 0 0

#Transform 110
Transform: AffineTransform_float_3_3
Parameters: 0.999921 0.00368279 0.01206 -0.00383579 0.999913 0.0126501 -0.0120128 -0.0126952 0.999847 -0.28478 0.301367 1.51611
FixedParameters: 0 0 0

#Transform 111
Transform: AffineTransform_float_3_3
Parameters: 0.999919 0.00369614 0.0121983 -0.00386033 0.999902 0.0134681 -0.0121467 -0.013514 0.999835 -0.285296 0.181861 1.60117
FixedParameters: 0 0 0

#Transform 112
Transform: AffineTransform_float_3_3
Parameters: 0.999916 0.00367045 0.0124539 -0.0038497 0.999889 0.0144023 -0.0123995 -0.0144488 0.999819 -0.312503 0.222306 1.6292
FixedParameters: 0 0 0

#Transform 113
Transform: AffineTransform_float_3_3
Parameters: 0.999912 0.00345544 0.0128321 -0.00363928 0.99989 0.014382 -0.0127809 -0.0144278 0.999814 -0.313531 0.259909 1.56095
FixedParameters: 0 0 0

#Transform 114
Transform: AffineTransform_float_3_3
Parameters: 0.999902 0.00337518 0.0135709 -0.00355168 0.999909 0.013018 -0.0135249 -0.0130648 0.999823 -0.309135 0.250969 1.50892
FixedParameters: 0 0 0

#Transform 115
Transform: AffineTransform_float_3_3
Parameters: 0.999898 0.00297057 0.0139411 -0.00316303 0.9999 0.0138028 -0.0138992 -0.0138459 0.999807 -0.310864 0.232366 1.55064
FixedParameters: 0 0 0

#Transform 116
Transform: AffineTransform_float_3_3
Parameters: 0.999918 0.00330848 0.0123618 -0.00346202 0.999917 0.01243 -0.0123197 -0.0124718 0.999846 -0.334749 0.260792 1.4734
FixedParameters: 0 0 0

#Transform 117
Transform: AffineTransform_float_3_3
Parameters: 0.999912 0.00382357 0.0127272 -0.00398768 0.999909 0.0128987 -0.0126767 -0.0129485 0.999836 -0.360751 0.254002 1.48434
FixedParameters: 0 0 0

#Transform 118
Transform: AffineTransform_float_3_3
Parameters: 0.999912 0.0038628 0.0127171 -0.00403053 0.999905 0.0131632 -0.0126644 -0.0132135 0.999832 -0.363313 0.243635 1.50147
FixedParameters: 0 0 0

#Transform 119
Transform: AffineTransform_float_3_3
Parameters: 0.999912 0.00372746 0.0127845 -0.00389559 0.999906 0.0131355 -0.0127345 -0.0131844 0.999832 -0.367306 0.236086 1.4747
FixedParameters: 0 0 0
