# transform file /out/sourcedata/freesurfer/sub-v1s18x0051213_ses-1/mri/transforms/cc_up.lta
# created by oesteban on Mon Mar  9 05:23:16 2026

type      = 0 # LINEAR_VOX_TO_VOX
nxforms   = 1
mean      = 133.0000 142.0000 125.0000
sigma     = 10000.0000
1 4 4
9.770378470420837e-01 -7.084795087575912e-02 2.009422779083252e-01 -1.636305046081543e+01 
6.939551234245300e-02 9.974871873855591e-01 1.427221205085516e-02 -5.492425441741943e+00 
-2.014485001564026e-01 9.313226856377810e-10 9.794992208480835e-01 4.194880676269531e+01 
0.000000000000000e+00 0.000000000000000e+00 0.000000000000000e+00 1.000000000000000e+00 
src volume info
valid = 1  # volume info valid
filename = /out/sourcedata/freesurfer/sub-v1s18x0051213_ses-1/mri/norm.mgz
volume = 256 256 256
voxelsize = 1.000000000000000e+00 1.000000000000000e+00 1.000000000000000e+00
xras   = -9.999999403953552e-01 0.000000000000000e+00 0.000000000000000e+00
yras   = 0.000000000000000e+00 0.000000000000000e+00 -1.000000000000000e+00
zras   = 0.000000000000000e+00 9.999999403953552e-01 0.000000000000000e+00
cras   = 3.106033325195312e+00 -9.351966857910156e+00 -1.534382629394531e+01
dst volume info
valid = 1  # volume info valid
filename = /out/sourcedata/freesurfer/sub-v1s18x0051213_ses-1/mri/norm.mgz
volume = 256 256 256
voxelsize = 1.000000000000000e+00 1.000000000000000e+00 1.000000000000000e+00
xras   = -9.999999403953552e-01 0.000000000000000e+00 0.000000000000000e+00
yras   = 0.000000000000000e+00 0.000000000000000e+00 -1.000000000000000e+00
zras   = 0.000000000000000e+00 9.999999403953552e-01 0.000000000000000e+00
cras   = 3.106033325195312e+00 -9.351966857910156e+00 -1.534382629394531e+01
