# transform file /out/sourcedata/freesurfer/sub-v1s18x0051279_ses-1/mri/transforms/cc_up.lta
# created by oesteban on Thu Mar 12 13:45:36 2026

type      = 0 # LINEAR_VOX_TO_VOX
nxforms   = 1
mean      = 129.0000 102.0000 133.0000
sigma     = 10000.0000
1 4 4
9.922417998313904e-01 -8.403746038675308e-02 -9.161922335624695e-02 1.901045799255371e+01 
8.368148654699326e-02 9.964626431465149e-01 -7.726779673248529e-03 3.760507583618164e+01 
9.194447100162506e-02 4.656613428188905e-10 9.957641959190369e-01 -8.169172286987305e+00 
0.000000000000000e+00 0.000000000000000e+00 0.000000000000000e+00 1.000000000000000e+00 
src volume info
valid = 1  # volume info valid
filename = /out/sourcedata/freesurfer/sub-v1s18x0051279_ses-1/mri/norm.mgz
volume = 256 256 256
voxelsize = 1.000000000000000e+00 1.000000000000000e+00 1.000000000000000e+00
xras   = -1.000000000000000e+00 0.000000000000000e+00 -3.725290298461914e-09
yras   = 0.000000000000000e+00 0.000000000000000e+00 -1.000000000000000e+00
zras   = 0.000000000000000e+00 1.000000000000000e+00 0.000000000000000e+00
cras   = -1.179878234863281e+00 7.047958374023438e+00 -3.259925842285156e+00
dst volume info
valid = 1  # volume info valid
filename = /out/sourcedata/freesurfer/sub-v1s18x0051279_ses-1/mri/norm.mgz
volume = 256 256 256
voxelsize = 1.000000000000000e+00 1.000000000000000e+00 1.000000000000000e+00
xras   = -1.000000000000000e+00 0.000000000000000e+00 -3.725290298461914e-09
yras   = 0.000000000000000e+00 0.000000000000000e+00 -1.000000000000000e+00
zras   = 0.000000000000000e+00 1.000000000000000e+00 0.000000000000000e+00
cras   = -1.179878234863281e+00 7.047958374023438e+00 -3.259925842285156e+00
