#Insight Transform File V1.0
#Transform 0
Transform: AffineTransform_float_3_3
Parameters: 0.999995 0.000765257 -0.00284842 -0.000761023 0.999999 0.00139436 0.00284886 -0.00139298 0.999996 -0.0249915 -0.0342685 1.11973
FixedParameters: 0 0 0

#Transform 1
Transform: AffineTransform_float_3_3
Parameters: 0.999994 0.000501732 -0.00349676 -0.000494137 0.999998 0.00207198 0.00349731 -0.00207017 0.999992 -0.0502201 -0.0236652 1.11554
FixedParameters: 0 0 0

#Transform 2
Transform: AffineTransform_float_3_3
Parameters: 0.999993 0.000616385 -0.00387962 -0.000616041 1 0.000116298 0.00388019 -0.000113573 0.999993 -0.0551527 -0.0711153 1.03071
FixedParameters: 0 0 0

#Transform 3
Transform: AffineTransform_float_3_3
Parameters: 0.999995 0.00033015 -0.00333712 -0.000333628 0.999999 -0.00108781 0.00333707 0.00108885 0.999994 -0.079278 -0.0162222 1.00283
FixedParameters: 0 0 0

#Transform 4
Transform: AffineTransform_float_3_3
Parameters: 0.999993 0.000744569 -0.00378091 -0.000747106 0.999999 -0.000510049 0.00377989 0.000512983 0.999992 -0.081371 -0.0397924 1.0013
FixedParameters: 0 0 0

#Transform 5
Transform: AffineTransform_float_3_3
Parameters: 0.999994 0.000575082 -0.00348743 -0.000574989 1 -0.000165352 0.00348691 0.000166639 0.999994 -0.0709177 -0.0419548 1.02288
FixedParameters: 0 0 0

#Transform 6
Transform: AffineTransform_float_3_3
Parameters: 0.999995 0.000585677 -0.00286004 -0.000587219 1 -0.000541724 0.00285993 0.000542369 0.999996 -0.0769347 -0.0607453 1.00191
FixedParameters: 0 0 0

#Transform 7
Transform: AffineTransform_float_3_3
Parameters: 0.999995 0.000370474 -0.00314867 -0.000367406 1 0.00101567 0.00314876 -0.00101488 0.999994 -0.0904967 -0.0215631 1.05734
FixedParameters: 0 0 0

#Transform 8
Transform: AffineTransform_float_3_3
Parameters: 0.999995 0.000374072 -0.00306933 -0.000372566 0.999999 0.000724957 0.00307013 -0.000723442 0.999995 -0.0833219 -0.0262949 1.04039
FixedParameters: 0 0 0

#Transform 9
Transform: AffineTransform_float_3_3
Parameters: 0.999994 0.000476486 -0.00322281 -0.000473225 1 0.000819961 0.00322345 -0.00081836 0.999994 -0.0859332 -0.0229111 1.05676
FixedParameters: 0 0 0

#Transform 10
Transform: AffineTransform_float_3_3
Parameters: 0.999997 0.000578789 -0.00264224 -0.000575959 1 0.000752491 0.00264261 -0.000750884 0.999996 -0.110085 -0.0103651 1.09681
FixedParameters: 0 0 0

#Transform 11
Transform: AffineTransform_float_3_3
Parameters: 0.999998 0.00123347 -0.00168801 -0.00122644 0.999991 0.00389263 0.00169307 -0.00389092 0.999991 -0.116741 0.0176947 1.14834
FixedParameters: 0 0 0

#Transform 12
Transform: AffineTransform_float_3_3
Parameters: 0.999997 0.000933791 -0.00218286 -0.000924739 0.999992 0.0039059 0.0021863 -0.00390365 0.99999 -0.115006 0.0420162 1.13717
FixedParameters: 0 0 0

#Transform 13
Transform: AffineTransform_float_3_3
Parameters: 0.999999 0.000323601 -0.00123806 -0.000323092 0.999999 0.000560195 0.00123879 -0.00055941 0.999999 -0.0561545 0.0722119 0.468372
FixedParameters: 0 0 0

#Transform 14
Transform: AffineTransform_float_3_3
Parameters: 1 0.000545299 -0.000881345 -0.00054525 0.999999 0.000202455 0.000880716 -0.000202224 1 -0.0722664 -0.0031895 0.346421
FixedParameters: 0 0 0

#Transform 15
Transform: AffineTransform_float_3_3
Parameters: 1 0.000881289 -0.000325826 -0.000881812 0.999996 -0.00247513 0.000324042 0.0024758 0.999997 -0.0970712 -0.0943637 0.784922
FixedParameters: 0 0 0

#Transform 16
Transform: AffineTransform_float_3_3
Parameters: 0.999999 0.000862694 -0.000259932 -0.000862638 0.999999 0.000107553 0.000260117 -0.000107104 1 -0.0568575 0.0480648 0.459749
FixedParameters: 0 0 0

#Transform 17
Transform: AffineTransform_float_3_3
Parameters: 1 0.000498419 -0.000998807 -0.000496994 1 0.000907001 0.000998792 -0.00090604 0.999999 -0.0203955 0.0585031 -0.0484538
FixedParameters: 0 0 0

#Transform 18
Transform: AffineTransform_float_3_3
Parameters: 1 0.00112695 0.000439975 -0.00112717 0.999999 0.000809742 -0.000439437 -0.000810035 1 -0.0191311 -0.0190911 -0.102856
FixedParameters: 0 0 0

#Transform 19
Transform: AffineTransform_float_3_3
Parameters: 0.999999 4.08648e-05 0.000761994 -3.98472e-05 1 -0.000667704 -0.000762048 0.000667642 0.999999 0.024344 -0.0430313 -0.103613
FixedParameters: 0 0 0

#Transform 20
Transform: AffineTransform_float_3_3
Parameters: 1 -4.41189e-05 -9.20974e-05 4.41271e-05 1 4.42745e-05 9.20935e-05 -4.42827e-05 1 -0.00909156 -0.00683914 -0.0244
FixedParameters: 0 0 0

#Transform 21
Transform: AffineTransform_float_3_3
Parameters: 1 -0.000362423 4.19825e-05 0.000362446 1 -0.000276948 -4.17818e-05 0.000276979 1 0.0105714 0.00609209 0.0120406
FixedParameters: 0 0 0

#Transform 22
Transform: AffineTransform_float_3_3
Parameters: 1 -0.000405948 6.03179e-05 0.000405982 1 -0.00028074 -6.009e-05 0.000280789 1 -0.00384664 0.00563804 0.0468317
FixedParameters: 0 0 0

#Transform 23
Transform: AffineTransform_float_3_3
Parameters: 1 -0.000204368 0.000267104 0.000204192 1 0.000330029 -0.000267239 -0.00032992 1 -0.0262605 0.032361 0.0690314
FixedParameters: 0 0 0

#Transform 24
Transform: AffineTransform_float_3_3
Parameters: 1 8.48078e-05 0.000449002 -8.55362e-05 0.999999 0.00175535 -0.000449263 -0.0017554 0.999999 -0.050761 0.0287632 0.12209
FixedParameters: 0 0 0

#Transform 25
Transform: AffineTransform_float_3_3
Parameters: 1 0.000126649 0.000184306 -0.000127099 1 0.00112408 -0.000184107 -0.00112413 1 -0.0465745 0.0374186 0.11383
FixedParameters: 0 0 0

#Transform 26
Transform: AffineTransform_float_3_3
Parameters: 1 0.000131206 0.000159637 -0.000131308 0.999999 0.00141978 -0.000158433 -0.00141979 0.999999 -0.0650988 0.0316789 0.12747
FixedParameters: 0 0 0

#Transform 27
Transform: AffineTransform_float_3_3
Parameters: 1 -4.2008e-05 -9.29859e-05 4.20253e-05 1 9.32214e-05 9.29781e-05 -9.32292e-05 1 -0.0589313 0.0213572 0.0455619
FixedParameters: 0 0 0

#Transform 28
Transform: AffineTransform_float_3_3
Parameters: 1 -4.77722e-05 3.20268e-05 4.77563e-05 1 0.000248905 -3.20505e-05 -0.000248902 1 -0.0631486 0.0237578 0.0461015
FixedParameters: 0 0 0

#Transform 29
Transform: AffineTransform_float_3_3
Parameters: 1 -5.3208e-05 -8.82689e-05 5.31786e-05 1 -0.000166496 8.82866e-05 0.000166487 1 -0.062368 0.0245668 0.0388692
FixedParameters: 0 0 0

#Transform 30
Transform: AffineTransform_float_3_3
Parameters: 1 2.45361e-05 -0.000121022 -2.46268e-05 1 -0.000374651 0.000121004 0.000374657 1 -0.0618508 0.0314064 0.0104679
FixedParameters: 0 0 0

#Transform 31
Transform: AffineTransform_float_3_3
Parameters: 1 2.84528e-05 -0.000122631 -2.84176e-05 1 0.000143719 0.000122639 -0.000143712 1 -0.0398402 0.0273061 0.0264742
FixedParameters: 0 0 0

#Transform 32
Transform: AffineTransform_float_3_3
Parameters: 1 0.000118669 0.000193119 -0.000119013 0.999999 0.000892331 -0.000192907 -0.000892377 0.999999 -0.0366458 0.0382337 0.0278719
FixedParameters: 0 0 0

#Transform 33
Transform: AffineTransform_float_3_3
Parameters: 1 0.000396715 0.000197873 -0.000396701 1 0.00111451 -0.000198362 -0.00111398 0.999999 -0.0407699 0.0636292 -0.000573916
FixedParameters: 0 0 0

#Transform 34
Transform: AffineTransform_float_3_3
Parameters: 1 -1.59369e-05 -0.00010394 1.60819e-05 1 0.000697565 0.000103917 -0.000697568 1 -0.0363601 0.0273153 -0.0240938
FixedParameters: 0 0 0

#Transform 35
Transform: AffineTransform_float_3_3
Parameters: 1 0.000423565 0.000359211 -0.000424155 0.999998 0.0019461 -0.000358102 -0.00194567 0.999998 -0.0690931 0.0325034 0.0767695
FixedParameters: 0 0 0

#Transform 36
Transform: AffineTransform_float_3_3
Parameters: 0.999999 0.00107597 -5.95642e-05 -0.00107564 0.999996 0.00265158 6.27029e-05 -0.00265149 0.999997 -0.0865489 0.0777263 0.0473577
FixedParameters: 0 0 0

#Transform 37
Transform: AffineTransform_float_3_3
Parameters: 1 0.00112994 -0.000106455 -0.00112876 0.999994 0.00314487 0.000109704 -0.00314397 0.999995 -0.111654 0.0679066 0.0133005
FixedParameters: 0 0 0

#Transform 38
Transform: AffineTransform_float_3_3
Parameters: 0.999999 0.000957721 -0.000147989 -0.00095788 0.999996 0.00241586 0.000150524 -0.00241565 0.999997 -0.0964378 0.0491917 -0.0341999
FixedParameters: 0 0 0

#Transform 39
Transform: AffineTransform_float_3_3
Parameters: 0.999999 0.000828376 -0.000137333 -0.000828608 0.999997 0.00234451 0.000139125 -0.00234436 0.999997 -0.109466 0.0310317 -0.00403733
FixedParameters: 0 0 0

#Transform 40
Transform: AffineTransform_float_3_3
Parameters: 0.999999 0.000962108 0.000167404 -0.00096269 0.999997 0.00197161 -0.000166004 -0.00197197 0.999998 -0.117098 0.0712626 0.00952546
FixedParameters: 0 0 0

#Transform 41
Transform: AffineTransform_float_3_3
Parameters: 0.999999 0.000986179 0.000228846 -0.000986643 0.999998 0.00193945 -0.000226479 -0.0019392 0.999998 -0.092759 0.0290799 -0.0199184
FixedParameters: 0 0 0

#Transform 42
Transform: AffineTransform_float_3_3
Parameters: 0.999999 0.000906084 2.61317e-05 -0.000906112 0.999997 0.00203368 -2.48408e-05 -0.00203376 0.999998 -0.0836642 0.0342625 -0.0268521
FixedParameters: 0 0 0

#Transform 43
Transform: AffineTransform_float_3_3
Parameters: 0.999999 0.000844385 -7.73203e-05 -0.000843627 0.999998 0.00166783 7.87451e-05 -0.00166841 0.999998 -0.0941097 0.0180679 -0.0212723
FixedParameters: 0 0 0

#Transform 44
Transform: AffineTransform_float_3_3
Parameters: 0.999999 0.000826393 -8.84427e-05 -0.000825645 0.999998 0.00140348 8.93701e-05 -0.00140334 0.999999 -0.0833486 0.0438627 -0.0133013
FixedParameters: 0 0 0

#Transform 45
Transform: AffineTransform_float_3_3
Parameters: 0.999999 0.000689551 -0.00039985 -0.00068895 0.999999 0.00127978 0.00040061 -0.00127926 0.999999 -0.0801191 0.0505131 -0.0281543
FixedParameters: 0 0 0

#Transform 46
Transform: AffineTransform_float_3_3
Parameters: 1 0.000619296 -0.000370337 -0.000618724 0.999999 0.00134136 0.000370994 -0.00134093 0.999999 -0.0904373 0.04599 -0.0232255
FixedParameters: 0 0 0

#Transform 47
Transform: AffineTransform_float_3_3
Parameters: 0.999999 0.000686383 -0.000398583 -0.000685842 0.999999 0.00120686 0.000399235 -0.00120635 0.999999 -0.0585339 0.0532663 -0.0948144
FixedParameters: 0 0 0

#Transform 48
Transform: AffineTransform_float_3_3
Parameters: 1 0.000493928 -0.000410645 -0.000493675 0.999998 0.00198366 0.000411902 -0.00198332 0.999998 -0.0510422 0.0566596 -0.152157
FixedParameters: 0 0 0

#Transform 49
Transform: AffineTransform_float_3_3
Parameters: 1 0.000576503 -0.000351864 -0.000575451 0.999998 0.00214202 0.000353242 -0.00214237 0.999997 -0.0756846 0.0296672 -0.134119
FixedParameters: 0 0 0

#Transform 50
Transform: AffineTransform_float_3_3
Parameters: 0.999999 0.000699667 -0.00040389 -0.000698866 0.999998 0.00151253 0.000405001 -0.001512 0.999999 -0.0521647 0.0259704 -0.162465
FixedParameters: 0 0 0

#Transform 51
Transform: AffineTransform_float_3_3
Parameters: 0.999999 0.000761844 -0.000286648 -0.000761285 0.999998 0.00177019 0.000288255 -0.00176979 0.999999 -0.0526845 0.0557494 -0.186588
FixedParameters: 0 0 0

#Transform 52
Transform: AffineTransform_float_3_3
Parameters: 1 0.000377735 -0.000268866 -0.000377769 0.999999 0.00171047 0.00027046 -0.00171102 0.999998 -0.0492365 0.0365067 -0.179159
FixedParameters: 0 0 0

#Transform 53
Transform: AffineTransform_float_3_3
Parameters: 1 0.000489005 0.000104233 -0.00048904 0.999998 0.00221822 -0.000103626 -0.00221833 0.999998 -0.0713584 0.0389499 -0.176945
FixedParameters: 0 0 0

#Transform 54
Transform: AffineTransform_float_3_3
Parameters: 1 0.000546416 0.000114696 -0.000546342 0.999999 0.00169737 -0.000114318 -0.0016975 0.999999 -0.0648472 0.0322525 -0.160175
FixedParameters: 0 0 0

#Transform 55
Transform: AffineTransform_float_3_3
Parameters: 1 0.000414691 0.000190541 -0.000414565 0.999998 0.00189962 -0.000189525 -0.00189975 0.999998 -0.0781013 0.0276749 -0.150221
FixedParameters: 0 0 0

#Transform 56
Transform: AffineTransform_float_3_3
Parameters: 1 0.000551743 0.000198373 -0.000551862 0.999997 0.00235932 -0.000196414 -0.00235951 0.999997 -0.0961296 0.0443322 -0.138141
FixedParameters: 0 0 0

#Transform 57
Transform: AffineTransform_float_3_3
Parameters: 1 0.000345325 0.000449433 -0.000346304 0.999998 0.00203433 -0.000448585 -0.00203461 0.999998 -0.0749692 0.0728259 -0.173018
FixedParameters: 0 0 0

#Transform 58
Transform: AffineTransform_float_3_3
Parameters: 1 0.000149719 0.000266749 -0.000151009 0.999997 0.00229697 -0.000266334 -0.00229775 0.999998 -0.059158 0.0483197 -0.172343
FixedParameters: 0 0 0

#Transform 59
Transform: AffineTransform_float_3_3
Parameters: 1 0.000247297 0.000429709 -0.000247961 0.999997 0.00217076 -0.000428361 -0.0021702 0.999998 -0.0509592 0.0380626 -0.188368
FixedParameters: 0 0 0

#Transform 60
Transform: AffineTransform_float_3_3
Parameters: 1 6.70932e-05 0.000595021 -6.918e-05 0.999997 0.00243546 -0.000595334 -0.00243552 0.999997 -0.0695982 0.0490182 -0.171779
FixedParameters: 0 0 0

#Transform 61
Transform: AffineTransform_float_3_3
Parameters: 1 -4.09754e-05 0.000344316 4.01532e-05 0.999997 0.00237059 -0.000345153 -0.00237053 0.999997 -0.0609038 0.0410441 -0.176579
FixedParameters: 0 0 0

#Transform 62
Transform: AffineTransform_float_3_3
Parameters: 1 -1.24146e-05 0.000482086 1.17559e-05 0.999998 0.00196441 -0.000481775 -0.00196434 0.999998 -0.0487791 0.0640517 -0.203446
FixedParameters: 0 0 0

#Transform 63
Transform: AffineTransform_float_3_3
Parameters: 1 5.72253e-05 0.000400887 -5.76595e-05 0.999998 0.00208305 -0.000400289 -0.00208304 0.999998 -0.019814 0.0391199 -0.207602
FixedParameters: 0 0 0

#Transform 64
Transform: AffineTransform_float_3_3
Parameters: 1 9.15308e-05 0.000319253 -9.23674e-05 0.999996 0.00258162 -0.000319424 -0.00258165 0.999996 -0.0188043 0.0235864 -0.205156
FixedParameters: 0 0 0

#Transform 65
Transform: AffineTransform_float_3_3
Parameters: 1 -0.00030063 0.00047568 0.000299163 0.999997 0.00228531 -0.000475491 -0.00228566 0.999998 -0.024317 0.0544507 -0.215365
FixedParameters: 0 0 0

#Transform 66
Transform: AffineTransform_float_3_3
Parameters: 1 -0.000185318 0.000315557 0.000184627 0.999995 0.00293195 -0.000316455 -0.00293177 0.999995 -0.0205043 0.0567836 -0.210363
FixedParameters: 0 0 0

#Transform 67
Transform: AffineTransform_float_3_3
Parameters: 0.999999 -0.000207147 0.000685534 0.000205683 0.999995 0.00289879 -0.000686032 -0.00289908 0.999996 -0.0246245 0.0530169 -0.223615
FixedParameters: 0 0 0

#Transform 68
Transform: AffineTransform_float_3_3
Parameters: 0.999999 -0.000288269 0.000704964 0.00028505 0.999995 0.00332796 -0.000705939 -0.00332746 0.999994 -0.0308841 0.0386232 -0.173864
FixedParameters: 0 0 0

#Transform 69
Transform: AffineTransform_float_3_3
Parameters: 1 -0.000405724 0.000497167 0.000403894 0.999995 0.00331927 -0.000498922 -0.00331878 0.999995 -0.0234102 0.0556084 -0.187591
FixedParameters: 0 0 0

#Transform 70
Transform: AffineTransform_float_3_3
Parameters: 1 -0.000756261 0.000710848 0.000754219 0.999995 0.00309548 -0.000712602 -0.00309494 0.999995 -0.00767411 0.0672848 -0.197733
FixedParameters: 0 0 0

#Transform 71
Transform: AffineTransform_float_3_3
Parameters: 1 -0.000559633 0.000887516 0.000556986 0.999994 0.00331943 -0.000888774 -0.00331894 0.999995 -0.00596577 0.0611621 -0.220193
FixedParameters: 0 0 0

#Transform 72
Transform: AffineTransform_float_3_3
Parameters: 0.999999 -0.000677693 0.00108813 0.000674059 0.999993 0.0035813 -0.00109091 -0.00358102 0.999993 -0.0230622 0.0549123 -0.202213
FixedParameters: 0 0 0

#Transform 73
Transform: AffineTransform_float_3_3
Parameters: 0.999999 -0.000708695 0.0010265 0.000704936 0.999994 0.00340966 -0.00102887 -0.00340871 0.999994 -0.0221997 0.0401005 -0.214065
FixedParameters: 0 0 0

#Transform 74
Transform: AffineTransform_float_3_3
Parameters: 0.999999 -0.000698749 0.000923034 0.000695339 0.999994 0.00312595 -0.00092447 -0.0031252 0.999995 -0.0417095 0.0742521 -0.188037
FixedParameters: 0 0 0

#Transform 75
Transform: AffineTransform_float_3_3
Parameters: 0.999999 -0.000694666 0.00106072 0.000690638 0.999993 0.0034267 -0.00106301 -0.00342573 0.999994 -0.0336236 0.056435 -0.188637
FixedParameters: 0 0 0

#Transform 76
Transform: AffineTransform_float_3_3
Parameters: 1 -0.000718309 0.00066274 0.000716414 0.999996 0.0029122 -0.00066481 -0.00291183 0.999995 -0.0365092 0.0626416 -0.197356
FixedParameters: 0 0 0

#Transform 77
Transform: AffineTransform_float_3_3
Parameters: 0.999999 -0.000842986 0.000870386 0.000839702 0.999994 0.00324007 -0.000872916 -0.00323986 0.999994 -0.0460036 0.0743377 -0.165162
FixedParameters: 0 0 0

#Transform 78
Transform: AffineTransform_float_3_3
Parameters: 0.999998 -0.000779714 0.00173753 0.000776653 0.999997 0.00213499 -0.00173847 -0.00213345 0.999996 -0.0190866 0.0106557 -0.250731
FixedParameters: 0 0 0

#Transform 79
Transform: AffineTransform_float_3_3
Parameters: 0.999997 -0.0018061 0.00158136 0.00180283 0.999996 0.00225323 -0.00158571 -0.00225011 0.999997 0.1782 -0.13857 -0.184521
FixedParameters: 0 0 0

#Transform 80
Transform: AffineTransform_float_3_3
Parameters: 0.999997 3.94845e-05 -0.0024544 -5.04913e-05 0.999989 -0.00447168 0.00245389 0.00447172 0.999987 0.270795 0.0914888 -0.560939
FixedParameters: 0 0 0

#Transform 81
Transform: AffineTransform_float_3_3
Parameters: 0.999998 -0.0011332 -0.00120538 0.00113178 0.999998 -0.000793645 0.00120578 0.000792342 1 0.150795 0.0936914 -0.133525
FixedParameters: 0 0 0

#Transform 82
Transform: AffineTransform_float_3_3
Parameters: 0.999999 -0.000375681 0.00116513 0.000376036 0.999999 -0.000118302 -0.00116497 0.000118481 0.999999 -0.0242683 0.177895 -0.112656
FixedParameters: 0 0 0

#Transform 83
Transform: AffineTransform_float_3_3
Parameters: 0.999999 0.00093322 0.000182712 -0.0009325 0.999999 0.000550644 -0.000182072 -0.000550952 1 -0.0632396 0.0801607 -0.104398
FixedParameters: 0 0 0

#Transform 84
Transform: AffineTransform_float_3_3
Parameters: 0.999999 0.00143902 -0.000334603 -0.00143905 0.999999 0.000551636 0.000335376 -0.000550721 0.999999 -0.0830605 0.0967057 -0.10244
FixedParameters: 0 0 0

#Transform 85
Transform: AffineTransform_float_3_3
Parameters: 0.999998 0.00160566 -0.000276192 -0.00160596 0.999999 0.000181092 0.000275959 -0.000180254 1 -0.0797149 0.0956573 -0.125644
FixedParameters: 0 0 0

#Transform 86
Transform: AffineTransform_float_3_3
Parameters: 0.999999 0.00137995 -0.000169668 -0.00138011 0.999999 0.000676043 0.000170719 -0.000675622 0.999999 -0.0960393 0.0693072 -0.105974
FixedParameters: 0 0 0

#Transform 87
Transform: AffineTransform_float_3_3
Parameters: 1 0.000979317 -0.000216377 -0.000979184 1 -0.000569909 0.000216282 0.000570351 0.999999 -0.0956235 0.0980806 -0.115472
FixedParameters: 0 0 0

#Transform 88
Transform: AffineTransform_float_3_3
Parameters: 0.999999 0.00093201 0.000149711 -0.00093242 0.999999 -0.000561268 -0.000149434 0.000561688 0.999999 -0.101103 0.0933569 -0.140319
FixedParameters: 0 0 0

#Transform 89
Transform: AffineTransform_float_3_3
Parameters: 0.999999 0.000835038 -6.88597e-05 -0.000836049 1 -0.00065819 6.81479e-05 0.000657556 1 -0.114549 0.0627467 -0.111373
FixedParameters: 0 0 0

#Transform 90
Transform: AffineTransform_float_3_3
Parameters: 1 0.000865788 9.6601e-05 -0.000866087 0.999999 -0.00143426 -9.77622e-05 0.00143479 0.999999 -0.0632281 0.0513793 -0.327338
FixedParameters: 0 0 0

#Transform 91
Transform: AffineTransform_float_3_3
Parameters: 0.999997 -0.000428438 -0.0026047 0.000424849 0.999998 -0.00148706 0.0026053 0.00148575 0.999995 0.14805 0.039266 -0.515549
FixedParameters: 0 0 0

#Transform 92
Transform: AffineTransform_float_3_3
Parameters: 0.999993 -0.00286213 -0.00230365 0.0028669 0.999994 0.00203626 0.00229715 -0.0020432 0.999995 0.222713 0.31827 -1.17237
FixedParameters: 0 0 0

#Transform 93
Transform: AffineTransform_float_3_3
Parameters: 0.999987 -0.00369683 -0.00350375 0.00367573 0.999975 -0.00606103 0.00352566 0.00604841 0.999976 0.164659 -0.100911 -1.06961
FixedParameters: 0 0 0

#Transform 94
Transform: AffineTransform_float_3_3
Parameters: 0.999997 -0.00101315 -0.00197006 0.00100277 0.999985 -0.00539231 0.00197591 0.00539017 0.999984 0.157678 -0.0110607 -0.74827
FixedParameters: 0 0 0

#Transform 95
Transform: AffineTransform_float_3_3
Parameters: 0.999994 -0.00155674 -0.00293079 0.00153457 0.999969 -0.0077423 0.00294297 0.00773693 0.999966 0.15331 0.0567437 -0.705173
FixedParameters: 0 0 0

#Transform 96
Transform: AffineTransform_float_3_3
Parameters: 0.999997 -0.00142887 -0.00207127 0.00141016 0.999957 -0.00922416 0.00208485 0.00922109 0.999956 0.16816 0.0613352 -0.724891
FixedParameters: 0 0 0

#Transform 97
Transform: AffineTransform_float_3_3
Parameters: 0.999997 -0.0014445 -0.00192819 0.00142375 0.999942 -0.0106733 0.0019433 0.0106706 0.999941 0.141645 0.0579487 -0.737352
FixedParameters: 0 0 0

#Transform 98
Transform: AffineTransform_float_3_3
Parameters: 0.999997 -0.00141631 -0.00167453 0.00139929 0.999946 -0.0102825 0.00168857 0.0102797 0.999946 0.116977 0.0483015 -0.653829
FixedParameters: 0 0 0

#Transform 99
Transform: AffineTransform_float_3_3
Parameters: 0.999998 -0.00118544 -0.00132238 0.00117258 0.999953 -0.00960244 0.00133387 0.00960115 0.999953 0.132644 0.0697138 -0.637682
FixedParameters: 0 0 0

#Transform 100
Transform: AffineTransform_float_3_3
Parameters: 0.999998 -0.00113292 -0.00134506 0.00111979 0.999954 -0.00955837 0.00135552 0.00955646 0.999953 0.131971 0.0423422 -0.618709
FixedParameters: 0 0 0

#Transform 101
Transform: AffineTransform_float_3_3
Parameters: 0.999998 -0.00111697 -0.00135199 0.00110387 0.999957 -0.00919842 0.001362 0.00919723 0.999957 0.113784 0.0566375 -0.644276
FixedParameters: 0 0 0

#Transform 102
Transform: AffineTransform_float_3_3
Parameters: 0.999998 -0.000997406 -0.00125987 0.000987957 0.99997 -0.00768028 0.00126789 0.00767883 0.99997 0.094119 0.0981005 -0.620277
FixedParameters: 0 0 0

#Transform 103
Transform: AffineTransform_float_3_3
Parameters: 0.999998 -0.00104862 -0.00138154 0.0010379 0.99997 -0.00765911 0.00138899 0.00765799 0.99997 0.0956767 0.0843007 -0.64015
FixedParameters: 0 0 0

#Transform 104
Transform: AffineTransform_float_3_3
Parameters: 0.999998 -0.0010243 -0.00139203 0.00101418 0.999974 -0.00711172 0.00139872 0.00711062 0.999974 0.064852 0.0839487 -0.626012
FixedParameters: 0 0 0

#Transform 105
Transform: AffineTransform_float_3_3
Parameters: 0.999999 -0.000826365 -0.00113199 0.000818585 0.999974 -0.00708632 0.00113762 0.00708545 0.999974 0.0351716 0.0840892 -0.613996
FixedParameters: 0 0 0

#Transform 106
Transform: AffineTransform_float_3_3
Parameters: 0.999999 -0.000517665 -0.00121678 0.000508226 0.999971 -0.00757153 0.00122008 0.00756993 0.99997 0.0329898 0.107083 -0.671411
FixedParameters: 0 0 0

#Transform 107
Transform: AffineTransform_float_3_3
Parameters: 0.999999 -0.000565538 -0.00170459 0.000552807 0.99997 -0.007664 0.00170889 0.00766337 0.999969 0.0670093 0.092596 -0.710703
FixedParameters: 0 0 0

#Transform 108
Transform: AffineTransform_float_3_3
Parameters: 0.999998 -0.000439962 -0.00211502 0.000421791 0.999965 -0.00827632 0.0021182 0.00827523 0.999963 0.0672783 0.0980618 -0.722127
FixedParameters: 0 0 0

#Transform 109
Transform: AffineTransform_float_3_3
Parameters: 0.999998 -0.000352433 -0.00212851 0.000335606 0.999968 -0.00801682 0.00213117 0.00801612 0.999966 0.0755652 0.0980246 -0.714312
FixedParameters: 0 0 0

#Transform 110
Transform: AffineTransform_float_3_3
Parameters: 0.999998 -0.000364798 -0.00201656 0.000348379 0.999967 -0.00802828 0.0020188 0.00802754 0.999966 0.0751584 0.0858548 -0.712846
FixedParameters: 0 0 0

#Transform 111
Transform: AffineTransform_float_3_3
Parameters: 0.999998 -0.000451609 -0.00186193 0.000439245 0.999975 -0.00697083 0.0018643 0.00697046 0.999974 0.0634403 0.0504141 -0.684539
FixedParameters: 0 0 0

#Transform 112
Transform: AffineTransform_float_3_3
Parameters: 0.999998 -0.000691797 -0.00210833 0.000676455 0.999972 -0.00728747 0.0021135 0.00728595 0.999972 0.0794246 0.0920949 -0.72575
FixedParameters: 0 0 0

#Transform 113
Transform: AffineTransform_float_3_3
Parameters: 0.999998 -0.000427104 -0.00202018 0.000413547 0.999978 -0.00660441 0.00202337 0.006604 0.999976 0.0835883 0.09538 -0.647779
FixedParameters: 0 0 0

#Transform 114
Transform: AffineTransform_float_3_3
Parameters: 0.999997 -0.00032527 -0.00206659 0.000312561 0.999982 -0.00607605 0.00206883 0.00607458 0.999979 0.083716 0.0960368 -0.555726
FixedParameters: 0 0 0

#Transform 115
Transform: AffineTransform_float_3_3
Parameters: 0.999998 -0.000696578 -0.00214102 0.000680578 0.999974 -0.00711289 0.0021465 0.00711197 0.999973 0.0989509 0.105702 -0.68558
FixedParameters: 0 0 0

#Transform 116
Transform: AffineTransform_float_3_3
Parameters: 0.999998 -0.000579632 -0.0018691 0.000565679 0.999974 -0.00710892 0.0018737 0.00710803 0.999973 0.0938953 0.100295 -0.698099
FixedParameters: 0 0 0

#Transform 117
Transform: AffineTransform_float_3_3
Parameters: 0.999997 -0.00068823 -0.00206219 0.000672149 0.999971 -0.00759262 0.00206748 0.00759115 0.999969 0.0969544 0.0928534 -0.7243
FixedParameters: 0 0 0

#Transform 118
Transform: AffineTransform_float_3_3
Parameters: 0.999997 -0.000471936 -0.0022632 0.000454279 0.999969 -0.00792435 0.00226729 0.00792306 0.999966 0.107276 0.0908304 -0.776862
FixedParameters: 0 0 0

#Transform 119
Transform: AffineTransform_float_3_3
Parameters: 0.999997 -0.000703007 -0.00203225 0.000686003 0.999966 -0.00821598 0.00203871 0.00821385 0.999965 0.133146 0.0962547 -0.80733
FixedParameters: 0 0 0
