# transform file /out/sourcedata/freesurfer/sub-v1s18x0051203_ses-1/mri/transforms/cc_up.lta
# created by oesteban on Mon Mar  9 05:13:08 2026

type      = 0 # LINEAR_VOX_TO_VOX
nxforms   = 1
mean      = 130.0000 124.0000 120.0000
sigma     = 10000.0000
1 4 4
9.941737055778503e-01 -1.886264793574810e-02 1.061276942491531e-01 -1.012312030792236e+01 
1.875608228147030e-02 9.998221993446350e-01 2.002205234020948e-03 1.737495231628418e+01 
-1.061465814709663e-01 0.000000000000000e+00 9.943506121635437e-01 3.334543609619141e+01 
0.000000000000000e+00 0.000000000000000e+00 0.000000000000000e+00 1.000000000000000e+00 
src volume info
valid = 1  # volume info valid
filename = /out/sourcedata/freesurfer/sub-v1s18x0051203_ses-1/mri/norm.mgz
volume = 256 256 256
voxelsize = 1.000000000000000e+00 1.000000000000000e+00 1.000000000000000e+00
xras   = -1.000000000000000e+00 7.450580596923828e-09 0.000000000000000e+00
yras   = 0.000000000000000e+00 0.000000000000000e+00 -1.000000000000000e+00
zras   = 7.450580596923828e-09 1.000000119209290e+00 0.000000000000000e+00
cras   = 1.278457641601562e+00 4.578880310058594e+00 -1.231719970703125e+01
dst volume info
valid = 1  # volume info valid
filename = /out/sourcedata/freesurfer/sub-v1s18x0051203_ses-1/mri/norm.mgz
volume = 256 256 256
voxelsize = 1.000000000000000e+00 1.000000000000000e+00 1.000000000000000e+00
xras   = -1.000000000000000e+00 7.450580596923828e-09 0.000000000000000e+00
yras   = 0.000000000000000e+00 0.000000000000000e+00 -1.000000000000000e+00
zras   = 7.450580596923828e-09 1.000000119209290e+00 0.000000000000000e+00
cras   = 1.278457641601562e+00 4.578880310058594e+00 -1.231719970703125e+01
