# transform file transforms/talairach.lta
# created by oesteban on Mon Mar  9 03:54:37 2026

type      = 0 # LINEAR_VOX_TO_VOX
nxforms   = 1
mean      = 130.0000 127.0000 120.0000
sigma     = 10000.0000
1 4 4
1.076861739158630e+00 9.601117111742496e-03 1.055135056376457e-01 -2.545488357543945e+01 
4.553003236651421e-03 1.173049688339233e+00 -8.111226558685303e-02 -1.714809608459473e+01 
-1.404309868812561e-01 8.398468047380447e-02 1.044015526771545e+00 -9.611114501953125e+00 
0.000000000000000e+00 0.000000000000000e+00 0.000000000000000e+00 1.000000000000000e+00 
src volume info
valid = 1  # volume info valid
filename = nu.mgz
volume = 256 256 256
voxelsize = 1.000000000000000e+00 1.000000000000000e+00 1.000000000000000e+00
xras   = -1.000000000000000e+00 7.450580596923828e-09 0.000000000000000e+00
yras   = 0.000000000000000e+00 0.000000000000000e+00 -1.000000000000000e+00
zras   = 7.450580596923828e-09 1.000000119209290e+00 0.000000000000000e+00
cras   = 1.278457641601562e+00 4.578880310058594e+00 -1.231719970703125e+01
dst volume info
valid = 1  # volume info valid
filename = /opt/freesurfer/average/RB_all_2020-01-02.gca
volume = 256 256 256
voxelsize = 1.000000000000000e+00 1.000000000000000e+00 1.000000000000000e+00
xras   = -1.000000000000000e+00 0.000000000000000e+00 0.000000000000000e+00
yras   = 0.000000000000000e+00 0.000000000000000e+00 -1.000000000000000e+00
zras   = 0.000000000000000e+00 1.000000000000000e+00 0.000000000000000e+00
cras   = 0.000000000000000e+00 0.000000000000000e+00 0.000000000000000e+00
