# transform file /out/sourcedata/freesurfer/sub-v1s18x0051259_ses-1/mri/transforms/cc_up.lta
# created by oesteban on Mon Mar  9 07:55:39 2026

type      = 0 # LINEAR_VOX_TO_VOX
nxforms   = 1
mean      = 130.0000 131.0000 123.0000
sigma     = 10000.0000
1 4 4
9.993913769721985e-01 8.715996518731117e-04 3.487076610326767e-02 -3.100208759307861e+00 
-8.710695547051728e-04 9.999995827674866e-01 -3.039335933863185e-05 1.611423301696777e+01 
-3.487078100442886e-02 0.000000000000000e+00 9.993917942047119e-01 1.549975109100342e+01 
0.000000000000000e+00 0.000000000000000e+00 0.000000000000000e+00 1.000000000000000e+00 
src volume info
valid = 1  # volume info valid
filename = /out/sourcedata/freesurfer/sub-v1s18x0051259_ses-1/mri/norm.mgz
volume = 256 256 256
voxelsize = 1.000000000000000e+00 1.000000000000000e+00 1.000000000000000e+00
xras   = -1.000000000000000e+00 0.000000000000000e+00 0.000000000000000e+00
yras   = -3.725290298461914e-09 0.000000000000000e+00 -1.000000000000000e+00
zras   = 0.000000000000000e+00 1.000000000000000e+00 0.000000000000000e+00
cras   = -1.783508300781250e+00 7.653305053710938e+00 2.276799774169922e+01
dst volume info
valid = 1  # volume info valid
filename = /out/sourcedata/freesurfer/sub-v1s18x0051259_ses-1/mri/norm.mgz
volume = 256 256 256
voxelsize = 1.000000000000000e+00 1.000000000000000e+00 1.000000000000000e+00
xras   = -1.000000000000000e+00 0.000000000000000e+00 0.000000000000000e+00
yras   = -3.725290298461914e-09 0.000000000000000e+00 -1.000000000000000e+00
zras   = 0.000000000000000e+00 1.000000000000000e+00 0.000000000000000e+00
cras   = -1.783508300781250e+00 7.653305053710938e+00 2.276799774169922e+01
