#Insight Transform File V1.0
#Transform 0
Transform: AffineTransform_float_3_3
Parameters: 0.999996 0.000887108 0.00269795 -0.000879661 0.999995 -0.00283363 -0.00270042 0.00283148 0.999993 -0.0450509 0.0370299 0.0173752
FixedParameters: 0 0 0

#Transform 1
Transform: AffineTransform_float_3_3
Parameters: 0.999997 0.000708535 0.00231496 -0.000701219 0.999994 -0.00326153 -0.00231692 0.00326004 0.999992 -0.0423195 0.0503596 0.0301823
FixedParameters: 0 0 0

#Transform 2
Transform: AffineTransform_float_3_3
Parameters: 0.999997 0.000706726 0.00231593 -0.000698627 0.999995 -0.00322786 -0.00231833 0.00322689 0.999992 -0.0426236 0.0670048 0.015842
FixedParameters: 0 0 0

#Transform 3
Transform: AffineTransform_float_3_3
Parameters: 0.999997 0.000780851 0.00245426 -0.000772941 0.999994 -0.0032089 -0.00245671 0.00320686 0.999992 -0.045169 0.0537268 0.0308186
FixedParameters: 0 0 0

#Transform 4
Transform: AffineTransform_float_3_3
Parameters: 0.999996 0.000931084 0.00238328 -0.000924729 0.999996 -0.00251227 -0.00238561 0.00251005 0.999994 -0.043497 0.00104339 0.00168563
FixedParameters: 0 0 0

#Transform 5
Transform: AffineTransform_float_3_3
Parameters: 0.999997 0.000977642 0.00216758 -0.000972324 0.999997 -0.00233367 -0.00217039 0.00233078 0.999995 -0.040834 0.0135026 -0.0090996
FixedParameters: 0 0 0

#Transform 6
Transform: AffineTransform_float_3_3
Parameters: 0.999997 0.00101522 0.00196784 -0.00100672 0.99999 -0.00448197 -0.00197284 0.00448006 0.999987 -0.0209113 0.246184 0.0148486
FixedParameters: 0 0 0

#Transform 7
Transform: AffineTransform_float_3_3
Parameters: 0.999997 0.000762018 0.0022865 -0.000752434 0.999991 -0.00423378 -0.00228977 0.00423219 0.999989 -0.0291528 0.0152424 0.0886635
FixedParameters: 0 0 0

#Transform 8
Transform: AffineTransform_float_3_3
Parameters: 0.999998 0.000563772 0.00220611 -0.000558729 0.999997 -0.00205692 -0.00220723 0.00205521 0.999995 -0.0469078 -0.0791401 0.00235336
FixedParameters: 0 0 0

#Transform 9
Transform: AffineTransform_float_3_3
Parameters: 0.999997 0.00062409 0.00203127 -0.000619271 0.999996 -0.00248252 -0.00203335 0.00248084 0.999995 -0.0276674 0.0365228 -0.0723088
FixedParameters: 0 0 0

#Transform 10
Transform: AffineTransform_float_3_3
Parameters: 0.999998 0.000595 0.00156859 -0.000591503 0.999998 -0.00206768 -0.00157028 0.0020668 0.999996 -0.0141006 0.0114364 -0.101442
FixedParameters: 0 0 0

#Transform 11
Transform: AffineTransform_float_3_3
Parameters: 0.999998 0.000613869 0.00145925 -0.000610836 0.999998 -0.00206351 -0.00146101 0.0020627 0.999996 -0.0104455 -0.00647813 -0.108236
FixedParameters: 0 0 0

#Transform 12
Transform: AffineTransform_float_3_3
Parameters: 0.999999 0.000822551 0.00134565 -0.000819274 0.999997 -0.00213125 -0.00134741 0.0021308 0.999997 -0.0045698 0.0373264 -0.0970122
FixedParameters: 0 0 0

#Transform 13
Transform: AffineTransform_float_3_3
Parameters: 0.999999 0.000852993 0.00132903 -0.000850902 0.999999 -0.00142533 -0.0013304 0.00142396 0.999998 0.00334305 -0.0020401 -0.0977138
FixedParameters: 0 0 0

#Transform 14
Transform: AffineTransform_float_3_3
Parameters: 0.999999 0.000667549 0.00115213 -0.000665973 0.999999 -0.00142065 -0.00115297 0.00142001 0.999998 -0.0112151 0.0211869 -0.0970432
FixedParameters: 0 0 0

#Transform 15
Transform: AffineTransform_float_3_3
Parameters: 1 0.000409988 0.0010088 -0.000408075 0.999999 -0.00178984 -0.00100921 0.00178907 0.999998 -0.0085053 0.0360147 -0.0640789
FixedParameters: 0 0 0

#Transform 16
Transform: AffineTransform_float_3_3
Parameters: 1 1.34917e-05 0.000353536 -1.39305e-05 1 -0.00120849 -0.000353862 0.00120856 0.999999 -0.00378126 0.00816656 -0.0634009
FixedParameters: 0 0 0

#Transform 17
Transform: AffineTransform_float_3_3
Parameters: 1 4.56347e-05 0.000399816 -4.54082e-05 0.999999 -0.00131035 -0.000399355 0.00131034 0.999999 -0.00951153 0.0290973 -0.0528573
FixedParameters: 0 0 0

#Transform 18
Transform: AffineTransform_float_3_3
Parameters: 1 2.95263e-06 0.000353541 -2.14992e-06 1 -0.00105484 -0.000353441 0.00105483 1 -0.0190706 0.0117298 -0.0506743
FixedParameters: 0 0 0

#Transform 19
Transform: AffineTransform_float_3_3
Parameters: 1 -0.000105688 -0.000297604 0.000104936 0.999999 -0.00135751 0.000297995 0.00135745 0.999999 0.00956144 0.0166286 0.0104626
FixedParameters: 0 0 0

#Transform 20
Transform: AffineTransform_float_3_3
Parameters: 1 -6.92659e-05 -4.20715e-05 6.92501e-05 1 -0.000187783 4.20975e-05 0.000187777 1 -0.00645638 -0.0118485 -0.0209975
FixedParameters: 0 0 0

#Transform 21
Transform: AffineTransform_float_3_3
Parameters: 1 -0.000193236 2.18618e-05 0.000193272 0.999999 -0.000820249 -2.15447e-05 0.000820257 0.999999 -0.00740149 0.0290655 0.0197674
FixedParameters: 0 0 0

#Transform 22
Transform: AffineTransform_float_3_3
Parameters: 1 -0.000464636 0.000125372 0.000465023 1 0.000341628 -0.000124816 -0.000341562 1 -0.0125528 -0.0377964 0.0440093
FixedParameters: 0 0 0

#Transform 23
Transform: AffineTransform_float_3_3
Parameters: 1 -0.000403984 9.42498e-05 0.000403715 0.999999 0.00171374 -9.55294e-05 -0.0017145 0.999998 -0.0106075 -0.0435724 0.0174362
FixedParameters: 0 0 0

#Transform 24
Transform: AffineTransform_float_3_3
Parameters: 1 -0.000370084 0.000113778 0.000369024 0.999999 0.00080181 -0.000113895 -0.000801693 0.999999 -0.00997676 -0.00296293 0.0343557
FixedParameters: 0 0 0

#Transform 25
Transform: AffineTransform_float_3_3
Parameters: 1 -0.000263228 -0.000106649 0.000262698 0.999999 0.00136364 0.000106513 -0.00136366 0.999999 -0.0034776 -0.0586082 0.0293291
FixedParameters: 0 0 0

#Transform 26
Transform: AffineTransform_float_3_3
Parameters: 1 -0.000352497 -0.000124353 0.000352896 0.999999 0.00138041 0.000123484 -0.0013805 0.999999 -0.0050629 -0.0518523 0.00570426
FixedParameters: 0 0 0

#Transform 27
Transform: AffineTransform_float_3_3
Parameters: 1 -0.0002762 -0.000314442 0.00027616 0.999999 0.00124259 0.000314336 -0.00124273 0.999999 -0.000404475 -0.0112853 0.0362391
FixedParameters: 0 0 0

#Transform 28
Transform: AffineTransform_float_3_3
Parameters: 1 -0.00030921 -0.00017837 0.000309501 0.999999 0.00081521 0.000177865 -0.00081532 0.999999 -0.00444076 -0.0231644 0.0349581
FixedParameters: 0 0 0

#Transform 29
Transform: AffineTransform_float_3_3
Parameters: 1 -0.000431608 -0.000406762 0.000432548 0.999997 0.00209745 0.000405635 -0.00209777 0.999997 -0.0103506 -0.0617334 0.0141132
FixedParameters: 0 0 0

#Transform 30
Transform: AffineTransform_float_3_3
Parameters: 0.999999 -0.000589733 -0.000566902 0.00059119 0.999997 0.0025906 0.000565186 -0.00258983 0.999996 -0.00726994 -0.0506086 0.0143213
FixedParameters: 0 0 0

#Transform 31
Transform: AffineTransform_float_3_3
Parameters: 0.999999 -0.00051422 -0.000674619 0.000516472 0.999996 0.0028038 0.0006731 -0.00280445 0.999996 -0.00697008 -0.0504347 0.0127019
FixedParameters: 0 0 0

#Transform 32
Transform: AffineTransform_float_3_3
Parameters: 1 -0.00030454 -4.92102e-05 0.000304446 0.999998 0.00199293 4.9555e-05 -0.00199299 0.999998 -0.00428966 -0.06117 0.0521116
FixedParameters: 0 0 0

#Transform 33
Transform: AffineTransform_float_3_3
Parameters: 0.999999 -0.000417521 0.000681401 0.000415384 0.999995 0.00311344 -0.000682199 -0.00311302 0.999995 -0.0246915 -0.0985564 0.0303168
FixedParameters: 0 0 0

#Transform 34
Transform: AffineTransform_float_3_3
Parameters: 1 -0.000346127 0.000288847 0.000345644 0.999996 0.00273953 -0.000290798 -0.00273937 0.999996 -0.0154574 -0.0592255 0.0122032
FixedParameters: 0 0 0

#Transform 35
Transform: AffineTransform_float_3_3
Parameters: 1 -0.00036027 0.000288441 0.000358833 0.999996 0.00287709 -0.00029009 -0.0028769 0.999996 -0.0151747 -0.0753414 0.0247885
FixedParameters: 0 0 0

#Transform 36
Transform: AffineTransform_float_3_3
Parameters: 1 -0.000693183 0.000145759 0.000692548 0.999992 0.00375114 -0.000148001 -0.00375103 0.999993 -0.0155859 -0.12076 0.0140689
FixedParameters: 0 0 0

#Transform 37
Transform: AffineTransform_float_3_3
Parameters: 1 -0.000325602 -0.000273046 0.000327008 0.999993 0.0035649 0.000271825 -0.00356507 0.999993 0.00056493 -0.0825939 -0.00415852
FixedParameters: 0 0 0

#Transform 38
Transform: AffineTransform_float_3_3
Parameters: 1 -0.000630522 -0.000307639 0.000631781 0.999996 0.0029378 0.000304903 -0.00293679 0.999996 -0.00488739 -0.117739 0.0380619
FixedParameters: 0 0 0

#Transform 39
Transform: AffineTransform_float_3_3
Parameters: 0.999999 -0.000836401 -0.000197477 0.000836438 0.999991 0.00417067 0.000193716 -0.00417043 0.999991 -0.0140657 -0.0980781 0.0298134
FixedParameters: 0 0 0

#Transform 40
Transform: AffineTransform_float_3_3
Parameters: 0.999999 -0.000794626 -0.000220072 0.000795215 0.999988 0.00473714 0.000216101 -0.00473664 0.999989 -0.00746282 -0.12121 0.059515
FixedParameters: 0 0 0

#Transform 41
Transform: AffineTransform_float_3_3
Parameters: 1 -0.00070444 -0.000268426 0.000705397 0.999989 0.00466671 0.000265301 -0.00466707 0.999989 -0.00741348 -0.138677 0.0495335
FixedParameters: 0 0 0

#Transform 42
Transform: AffineTransform_float_3_3
Parameters: 0.999999 -0.00102319 -9.83244e-05 0.00102405 0.999982 0.00582515 9.22289e-05 -0.00582545 0.999983 -0.0237925 -0.187858 0.0450144
FixedParameters: 0 0 0

#Transform 43
Transform: AffineTransform_float_3_3
Parameters: 0.999999 -0.00108775 2.03176e-06 0.00108749 0.999983 0.00574265 -8.72111e-06 -0.0057422 0.999983 -0.0212439 -0.131094 0.0376319
FixedParameters: 0 0 0

#Transform 44
Transform: AffineTransform_float_3_3
Parameters: 0.999999 -0.000989918 0.000251091 0.000988916 0.999981 0.00609577 -0.000257191 -0.00609549 0.999982 -0.0367063 -0.153063 0.0636884
FixedParameters: 0 0 0

#Transform 45
Transform: AffineTransform_float_3_3
Parameters: 0.999999 -0.000943234 0.000632395 0.000938125 0.999975 0.00700038 -0.000638576 -0.00699951 0.999975 -0.0423306 -0.239532 0.101058
FixedParameters: 0 0 0

#Transform 46
Transform: AffineTransform_float_3_3
Parameters: 0.999999 -0.000965002 0.000643789 0.000960862 0.999973 0.00725933 -0.000650172 -0.00725849 0.999974 -0.0633556 -0.18244 0.136198
FixedParameters: 0 0 0

#Transform 47
Transform: AffineTransform_float_3_3
Parameters: 0.999999 -0.00107469 0.00120467 0.00106552 0.99997 0.00766977 -0.00121206 -0.00766924 0.99997 -0.0785733 -0.178812 0.161331
FixedParameters: 0 0 0

#Transform 48
Transform: AffineTransform_float_3_3
Parameters: 0.999999 -0.00106748 0.001201 0.00105815 0.999971 0.00753603 -0.00120897 -0.00753546 0.999971 -0.0799834 -0.212934 0.201107
FixedParameters: 0 0 0

#Transform 49
Transform: AffineTransform_float_3_3
Parameters: 0.999999 -0.00109733 0.00121625 0.00108723 0.999967 0.00809125 -0.00122451 -0.00808926 0.999967 -0.0794786 -0.245487 0.179021
FixedParameters: 0 0 0

#Transform 50
Transform: AffineTransform_float_3_3
Parameters: 0.999999 -0.001052 0.00133454 0.00104024 0.999965 0.00834603 -0.00134282 -0.00834449 0.999965 -0.0822691 -0.236627 0.168783
FixedParameters: 0 0 0

#Transform 51
Transform: AffineTransform_float_3_3
Parameters: 0.999998 -0.000737355 0.00124365 0.000727448 0.999968 0.00793399 -0.0012495 -0.0079333 0.999968 -0.0692366 -0.209239 0.16546
FixedParameters: 0 0 0

#Transform 52
Transform: AffineTransform_float_3_3
Parameters: 0.999999 -0.000748796 0.0010312 0.000740693 0.999969 0.00784391 -0.00103629 -0.00784289 0.999968 -0.05963 -0.23491 0.189
FixedParameters: 0 0 0

#Transform 53
Transform: AffineTransform_float_3_3
Parameters: 0.999999 -0.000885088 0.000909861 0.000877721 0.999967 0.00799629 -0.000916759 -0.00799656 0.999968 -0.0674042 -0.223842 0.186071
FixedParameters: 0 0 0

#Transform 54
Transform: AffineTransform_float_3_3
Parameters: 0.999999 -0.000924553 0.000881165 0.00091792 0.999969 0.00783692 -0.000888539 -0.00783578 0.999969 -0.066136 -0.195345 0.193219
FixedParameters: 0 0 0

#Transform 55
Transform: AffineTransform_float_3_3
Parameters: 0.999999 -0.0010129 0.00117138 0.00100392 0.999967 0.00804994 -0.00117962 -0.00804878 0.999967 -0.0747314 -0.197675 0.202397
FixedParameters: 0 0 0

#Transform 56
Transform: AffineTransform_float_3_3
Parameters: 0.999999 -0.00128302 0.00102146 0.00127407 0.999965 0.00823123 -0.00103203 -0.00822922 0.999966 -0.0858234 -0.0619953 0.123797
FixedParameters: 0 0 0

#Transform 57
Transform: AffineTransform_float_3_3
Parameters: 0.999997 -0.00199389 0.00168585 0.00197518 0.999936 0.0111593 -0.00170725 -0.0111562 0.999936 -0.131032 -0.45517 0.283314
FixedParameters: 0 0 0

#Transform 58
Transform: AffineTransform_float_3_3
Parameters: 0.999996 -0.00175787 0.00225001 0.00173358 0.999942 0.0105759 -0.00226848 -0.0105715 0.999941 -0.161574 -0.249907 -0.0432836
FixedParameters: 0 0 0

#Transform 59
Transform: AffineTransform_float_3_3
Parameters: 0.999995 -0.00201444 0.00238193 0.00198535 0.999926 0.0120338 -0.00240637 -0.0120295 0.999925 -0.143711 -0.33029 0.239925
FixedParameters: 0 0 0

#Transform 60
Transform: AffineTransform_float_3_3
Parameters: 0.999994 -0.00217703 0.00246851 0.00214841 0.99993 0.0116724 -0.00249401 -0.0116665 0.999929 -0.169113 -0.327762 0.2014
FixedParameters: 0 0 0

#Transform 61
Transform: AffineTransform_float_3_3
Parameters: 0.999994 -0.00217534 0.00262082 0.00214305 0.999922 0.0122499 -0.00264725 -0.0122446 0.999922 -0.170731 -0.347661 0.202365
FixedParameters: 0 0 0

#Transform 62
Transform: AffineTransform_float_3_3
Parameters: 0.999994 -0.00216256 0.00240114 0.00213623 0.999935 0.011178 -0.00242523 -0.0111723 0.999934 -0.166908 -0.3073 0.231324
FixedParameters: 0 0 0

#Transform 63
Transform: AffineTransform_float_3_3
Parameters: 0.999994 -0.00240575 0.00258772 0.00237421 0.999924 0.0120893 -0.00261657 -0.0120833 0.999924 -0.175118 -0.3589 0.258411
FixedParameters: 0 0 0

#Transform 64
Transform: AffineTransform_float_3_3
Parameters: 0.999995 -0.00228526 0.00217613 0.00225977 0.999929 0.0117137 -0.00220247 -0.0117084 0.999929 -0.169992 -0.297432 0.253092
FixedParameters: 0 0 0

#Transform 65
Transform: AffineTransform_float_3_3
Parameters: 0.999996 -0.00224384 0.00204269 0.00221901 0.999925 0.0120496 -0.00206958 -0.0120445 0.999925 -0.165567 -0.354223 0.274069
FixedParameters: 0 0 0

#Transform 66
Transform: AffineTransform_float_3_3
Parameters: 0.999996 -0.00228105 0.00201824 0.00225679 0.999925 0.0120406 -0.00204596 -0.012036 0.999926 -0.16559 -0.299918 0.243619
FixedParameters: 0 0 0

#Transform 67
Transform: AffineTransform_float_3_3
Parameters: 0.999995 -0.00227597 0.00178372 0.0022541 0.999924 0.0121149 -0.00181106 -0.0121107 0.999925 -0.158874 -0.337964 0.260039
FixedParameters: 0 0 0

#Transform 68
Transform: AffineTransform_float_3_3
Parameters: 0.999996 -0.0021606 0.00187112 0.00213698 0.999919 0.0125733 -0.00189794 -0.0125692 0.999919 -0.159934 -0.341965 0.251341
FixedParameters: 0 0 0

#Transform 69
Transform: AffineTransform_float_3_3
Parameters: 0.999996 -0.0021248 0.0016421 0.00210469 0.999925 0.0120583 -0.00166693 -0.0120551 0.999926 -0.153047 -0.309212 0.24484
FixedParameters: 0 0 0

#Transform 70
Transform: AffineTransform_float_3_3
Parameters: 0.999996 -0.00210729 0.00178891 0.00208633 0.999925 0.0120557 -0.00181462 -0.0120512 0.999926 -0.160454 -0.313027 0.249112
FixedParameters: 0 0 0

#Transform 71
Transform: AffineTransform_float_3_3
Parameters: 0.999995 -0.00214313 0.00194519 0.00211874 0.999923 0.0122427 -0.00197056 -0.0122384 0.999923 -0.16857 -0.321555 0.250477
FixedParameters: 0 0 0

#Transform 72
Transform: AffineTransform_float_3_3
Parameters: 0.999996 -0.00212183 0.00182655 0.00209872 0.999916 0.0127892 -0.00185299 -0.0127847 0.999917 -0.158557 -0.335328 0.235104
FixedParameters: 0 0 0

#Transform 73
Transform: AffineTransform_float_3_3
Parameters: 0.999996 -0.00208451 0.00194568 0.0020605 0.999921 0.0123815 -0.00197044 -0.0123772 0.999922 -0.161104 -0.315753 0.243406
FixedParameters: 0 0 0

#Transform 74
Transform: AffineTransform_float_3_3
Parameters: 0.999996 -0.00198171 0.00187399 0.00195759 0.999918 0.0126758 -0.0018988 -0.0126729 0.999918 -0.156758 -0.298917 0.246421
FixedParameters: 0 0 0

#Transform 75
Transform: AffineTransform_float_3_3
Parameters: 0.999996 -0.00180799 0.0022739 0.00178134 0.999929 0.0117297 -0.00229538 -0.0117252 0.999928 -0.159984 -0.294895 0.294817
FixedParameters: 0 0 0

#Transform 76
Transform: AffineTransform_float_3_3
Parameters: 0.999994 -0.00222617 0.00256854 0.00219448 0.999923 0.012211 -0.00259571 -0.012206 0.999922 -0.182848 -0.334215 0.347321
FixedParameters: 0 0 0

#Transform 77
Transform: AffineTransform_float_3_3
Parameters: 0.999994 -0.00221386 0.00248239 0.00217963 0.999903 0.013737 -0.00251245 -0.0137317 0.999902 -0.17293 -0.37729 0.331936
FixedParameters: 0 0 0

#Transform 78
Transform: AffineTransform_float_3_3
Parameters: 0.999994 -0.00225917 0.00250636 0.0022246 0.999904 0.0136579 -0.00253742 -0.0136523 0.999904 -0.180135 -0.362527 0.294605
FixedParameters: 0 0 0

#Transform 79
Transform: AffineTransform_float_3_3
Parameters: 0.999995 -0.00213886 0.00244418 0.00210577 0.99991 0.0132948 -0.00247226 -0.0132894 0.999908 -0.173412 -0.36299 0.29034
FixedParameters: 0 0 0

#Transform 80
Transform: AffineTransform_float_3_3
Parameters: 0.999995 -0.00202148 0.00217251 0.00199193 0.999902 0.0138242 -0.00220006 -0.0138195 0.999902 -0.178115 -0.387106 0.287708
FixedParameters: 0 0 0

#Transform 81
Transform: AffineTransform_float_3_3
Parameters: 0.999997 -0.00194315 0.00183732 0.00192002 0.999914 0.0129724 -0.00186238 -0.0129684 0.999914 -0.173063 -0.334487 0.296973
FixedParameters: 0 0 0

#Transform 82
Transform: AffineTransform_float_3_3
Parameters: 0.999996 -0.00225858 0.00158636 0.00223779 0.999914 0.0128934 -0.0016148 -0.0128901 0.999916 -0.165939 -0.315989 0.315288
FixedParameters: 0 0 0

#Transform 83
Transform: AffineTransform_float_3_3
Parameters: 0.999996 -0.00235561 0.00168284 0.0023311 0.999896 0.0142142 -0.00171588 -0.0142103 0.999897 -0.167992 -0.393671 0.354789
FixedParameters: 0 0 0

#Transform 84
Transform: AffineTransform_float_3_3
Parameters: 0.999995 -0.00248943 0.00166577 0.00246335 0.999873 0.0157674 -0.00170427 -0.0157635 0.999875 -0.178647 -0.439007 0.34297
FixedParameters: 0 0 0

#Transform 85
Transform: AffineTransform_float_3_3
Parameters: 0.999996 -0.00240468 0.00153788 0.00238119 0.999888 0.0148183 -0.00157335 -0.0148144 0.999889 -0.178136 -0.390571 0.327515
FixedParameters: 0 0 0

#Transform 86
Transform: AffineTransform_float_3_3
Parameters: 0.999995 -0.00256484 0.00154794 0.00253901 0.99987 0.0159237 -0.00158889 -0.0159194 0.999872 -0.193053 -0.4194 0.312922
FixedParameters: 0 0 0

#Transform 87
Transform: AffineTransform_float_3_3
Parameters: 0.999996 -0.0022027 0.00150548 0.0021783 0.999869 0.0160707 -0.00154104 -0.0160676 0.999869 -0.182872 -0.41052 0.319298
FixedParameters: 0 0 0

#Transform 88
Transform: AffineTransform_float_3_3
Parameters: 0.999996 -0.00234471 0.00119624 0.00232409 0.999849 0.0172079 -0.00123737 -0.0172048 0.999851 -0.186982 -0.48079 0.309485
FixedParameters: 0 0 0

#Transform 89
Transform: AffineTransform_float_3_3
Parameters: 0.999997 -0.00230415 0.00106629 0.00228526 0.999854 0.0169269 -0.00110474 -0.0169244 0.999856 -0.178053 -0.41708 0.304348
FixedParameters: 0 0 0

#Transform 90
Transform: AffineTransform_float_3_3
Parameters: 0.999996 -0.00232417 0.00109771 0.00230561 0.99986 0.0165454 -0.00113617 -0.0165427 0.999863 -0.179887 -0.46233 0.342114
FixedParameters: 0 0 0

#Transform 91
Transform: AffineTransform_float_3_3
Parameters: 0.999996 -0.00219468 0.00148095 0.00216759 0.999836 0.0179757 -0.00152015 -0.0179726 0.999838 -0.190134 -0.47584 0.336577
FixedParameters: 0 0 0

#Transform 92
Transform: AffineTransform_float_3_3
Parameters: 0.999996 -0.00224108 0.00129819 0.00221903 0.999852 0.0170603 -0.00133623 -0.0170571 0.999854 -0.192706 -0.42463 0.331195
FixedParameters: 0 0 0

#Transform 93
Transform: AffineTransform_float_3_3
Parameters: 0.999996 -0.00240461 0.00114683 0.00238363 0.999833 0.0181162 -0.00118998 -0.0181142 0.999835 -0.193543 -0.505187 0.328207
FixedParameters: 0 0 0

#Transform 94
Transform: AffineTransform_float_3_3
Parameters: 0.999997 -0.00220294 0.000991879 0.00218634 0.99985 0.0171807 -0.00102977 -0.0171773 0.999852 -0.194875 -0.406916 0.316196
FixedParameters: 0 0 0

#Transform 95
Transform: AffineTransform_float_3_3
Parameters: 0.999997 -0.00212456 0.000999715 0.00210762 0.999864 0.016329 -0.0010346 -0.0163269 0.999866 -0.199529 -0.329976 0.316982
FixedParameters: 0 0 0

#Transform 96
Transform: AffineTransform_float_3_3
Parameters: 0.999996 -0.00258955 0.000688936 0.00257643 0.999837 0.0179044 -0.000735649 -0.0179025 0.99984 -0.208568 -0.563567 0.35836
FixedParameters: 0 0 0

#Transform 97
Transform: AffineTransform_float_3_3
Parameters: 0.999996 -0.00268885 0.00112018 0.00267047 0.999864 0.0162651 -0.00116444 -0.0162611 0.999867 -0.209975 -0.324066 0.291508
FixedParameters: 0 0 0

#Transform 98
Transform: AffineTransform_float_3_3
Parameters: 0.999998 -0.00220262 0.000575255 0.00219174 0.999842 0.0175987 -0.000613125 -0.0175973 0.999845 -0.189843 -0.52756 0.299996
FixedParameters: 0 0 0

#Transform 99
Transform: AffineTransform_float_3_3
Parameters: 0.999998 -0.00214984 0.00060302 0.00213789 0.999843 0.0176154 -0.000641308 -0.0176147 0.999845 -0.193641 -0.489106 0.290364
FixedParameters: 0 0 0

#Transform 100
Transform: AffineTransform_float_3_3
Parameters: 0.999998 -0.00202129 0.000936778 0.00200378 0.999835 0.0180791 -0.00097392 -0.0180775 0.999836 -0.193937 -0.461255 0.289433
FixedParameters: 0 0 0

#Transform 101
Transform: AffineTransform_float_3_3
Parameters: 0.999998 -0.00216707 0.000558735 0.00215562 0.999821 0.0187601 -0.000599906 -0.0187587 0.999824 -0.190092 -0.522532 0.272198
FixedParameters: 0 0 0

#Transform 102
Transform: AffineTransform_float_3_3
Parameters: 0.999998 -0.00203735 0.000416537 0.00202938 0.99983 0.0182998 -0.00045325 -0.018299 0.999832 -0.19137 -0.466589 0.245617
FixedParameters: 0 0 0

#Transform 103
Transform: AffineTransform_float_3_3
Parameters: 0.999998 -0.00207654 0.000331559 0.00207012 0.99982 0.018869 -0.000369989 -0.0188685 0.999822 -0.194156 -0.485325 0.260988
FixedParameters: 0 0 0

#Transform 104
Transform: AffineTransform_float_3_3
Parameters: 0.999998 -0.00207256 0.000499987 0.00206381 0.999828 0.0184447 -0.000538364 -0.0184432 0.99983 -0.197461 -0.465874 0.262265
FixedParameters: 0 0 0

#Transform 105
Transform: AffineTransform_float_3_3
Parameters: 0.999998 -0.00190733 0.000231467 0.00190249 0.999816 0.0190559 -0.000268198 -0.0190557 0.999818 -0.194558 -0.503893 0.269175
FixedParameters: 0 0 0

#Transform 106
Transform: AffineTransform_float_3_3
Parameters: 0.999999 -0.00153068 -0.000402587 0.00153777 0.999827 0.0185144 0.000374218 -0.0185147 0.999829 -0.173629 -0.452631 0.245643
FixedParameters: 0 0 0

#Transform 107
Transform: AffineTransform_float_3_3
Parameters: 0.999998 -0.00166268 -0.000684503 0.00167486 0.999805 0.0196349 0.000651673 -0.0196359 0.999807 -0.183623 -0.513205 0.226193
FixedParameters: 0 0 0

#Transform 108
Transform: AffineTransform_float_3_3
Parameters: 0.999999 -0.00145469 -0.000729676 0.00146989 0.999778 0.0210167 0.00069949 -0.0210174 0.999778 -0.178995 -0.510641 0.202993
FixedParameters: 0 0 0

#Transform 109
Transform: AffineTransform_float_3_3
Parameters: 0.999998 -0.00189264 -0.000653773 0.0019068 0.999756 0.0220329 0.000611762 -0.0220342 0.999757 -0.1857 -0.573008 0.224572
FixedParameters: 0 0 0

#Transform 110
Transform: AffineTransform_float_3_3
Parameters: 0.999999 -0.00150383 -0.000630991 0.00151736 0.999756 0.0220529 0.000597952 -0.0220542 0.999756 -0.182552 -0.537376 0.238412
FixedParameters: 0 0 0

#Transform 111
Transform: AffineTransform_float_3_3
Parameters: 0.999999 -0.00131333 -0.00128203 0.00134176 0.999758 0.0219647 0.00125315 -0.0219656 0.999758 -0.159709 -0.550693 0.233094
FixedParameters: 0 0 0

#Transform 112
Transform: AffineTransform_float_3_3
Parameters: 0.999998 -0.00141149 -0.000976046 0.00143349 0.999746 0.0224746 0.000944389 -0.0224761 0.999747 -0.18127 -0.539751 0.211711
FixedParameters: 0 0 0

#Transform 113
Transform: AffineTransform_float_3_3
Parameters: 0.999999 -0.00131566 -0.000804975 0.00133285 0.999749 0.0223878 0.000774951 -0.0223882 0.999749 -0.173825 -0.564201 0.221648
FixedParameters: 0 0 0

#Transform 114
Transform: AffineTransform_float_3_3
Parameters: 0.999998 -0.00151181 -0.000872701 0.00153213 0.999736 0.022889 0.000837523 -0.0228906 0.999737 -0.189308 -0.593332 0.204387
FixedParameters: 0 0 0

#Transform 115
Transform: AffineTransform_float_3_3
Parameters: 0.999998 -0.0016403 -0.00138009 0.00167124 0.999743 0.0226137 0.00134303 -0.0226158 0.999743 -0.185886 -0.537905 0.21021
FixedParameters: 0 0 0

#Transform 116
Transform: AffineTransform_float_3_3
Parameters: 0.999997 -0.00189165 -0.0019312 0.00193789 0.999704 0.0242391 0.00188518 -0.024243 0.999704 -0.194945 -0.627454 0.21485
FixedParameters: 0 0 0

#Transform 117
Transform: AffineTransform_float_3_3
Parameters: 0.999996 -0.00147916 -0.00250897 0.00153839 0.99972 0.0235872 0.00247313 -0.0235906 0.999719 -0.177849 -0.554001 0.180748
FixedParameters: 0 0 0

#Transform 118
Transform: AffineTransform_float_3_3
Parameters: 0.999996 -0.00138288 -0.00221785 0.00143711 0.999701 0.0244065 0.00218318 -0.0244091 0.9997 -0.186315 -0.619325 0.171299
FixedParameters: 0 0 0

#Transform 119
Transform: AffineTransform_float_3_3
Parameters: 0.999997 -0.00115834 -0.00220688 0.00121181 0.999702 0.0243782 0.00217862 -0.0243805 0.9997 -0.184332 -0.576213 0.163446
FixedParameters: 0 0 0
