#Insight Transform File V1.0
#Transform 0
Transform: AffineTransform_float_3_3
Parameters: 0.999996 -0.000357867 -0.00279325 0.000358973 1 0.000197416 0.00279311 -0.000198583 0.999996 0.0442161 -0.111456 -0.115055
FixedParameters: 0 0 0

#Transform 1
Transform: AffineTransform_float_3_3
Parameters: 0.999996 -0.000275697 -0.00300489 0.000277447 1 0.000657068 0.00300494 -0.000656933 0.999995 0.0477994 -0.109768 -0.0578284
FixedParameters: 0 0 0

#Transform 2
Transform: AffineTransform_float_3_3
Parameters: 0.999998 -0.000206213 -0.00233404 0.000203939 1 -0.000787269 0.00233455 0.000786729 0.999997 0.0428518 -0.0101705 -0.155281
FixedParameters: 0 0 0

#Transform 3
Transform: AffineTransform_float_3_3
Parameters: 0.999996 -0.000405734 -0.00259972 0.000404754 1 -0.000188999 0.00259987 0.000188 0.999997 0.0321659 -0.0894587 -0.0700805
FixedParameters: 0 0 0

#Transform 4
Transform: AffineTransform_float_3_3
Parameters: 0.999997 -0.000543081 -0.00240361 0.000543834 1 0.000321748 0.00240386 -0.000323253 0.999998 0.0179788 -0.0850778 -0.00301838
FixedParameters: 0 0 0

#Transform 5
Transform: AffineTransform_float_3_3
Parameters: 0.999999 -0.000328683 -0.00180162 0.000327793 0.999999 -0.000247382 0.00180178 0.000246617 0.999998 0.0352659 -0.025492 -0.0275883
FixedParameters: 0 0 0

#Transform 6
Transform: AffineTransform_float_3_3
Parameters: 0.999998 -0.000712404 -0.00151085 0.000712945 1 0.000706886 0.00151105 -0.000707115 0.999998 0.0457025 -0.0176849 -0.071773
FixedParameters: 0 0 0

#Transform 7
Transform: AffineTransform_float_3_3
Parameters: 1 -0.000364384 -0.0010505 0.000365659 0.999999 0.000985981 0.00105038 -0.00098702 0.999999 0.0275692 -0.0520253 -0.0602156
FixedParameters: 0 0 0

#Transform 8
Transform: AffineTransform_float_3_3
Parameters: 0.999999 -0.00055809 -0.00117267 0.000558538 1 0.000190826 0.00117246 -0.000191173 0.999999 0.0144727 -0.0659269 0.0205911
FixedParameters: 0 0 0

#Transform 9
Transform: AffineTransform_float_3_3
Parameters: 0.999999 -0.000592063 -0.00135117 0.000592799 0.999999 0.000567044 0.0013511 -0.000567955 0.999999 0.0176341 -0.0503331 0.0733275
FixedParameters: 0 0 0

#Transform 10
Transform: AffineTransform_float_3_3
Parameters: 0.999999 -0.000591543 -0.00135139 0.00059252 0.999999 0.000950564 0.00135147 -0.000952437 0.999999 0.00735217 -0.0332339 0.0753724
FixedParameters: 0 0 0

#Transform 11
Transform: AffineTransform_float_3_3
Parameters: 0.999999 -0.000592338 -0.00135105 0.000592524 1 0.000363681 0.00135122 -0.00036432 0.999999 0.00731393 -0.0101693 0.0891149
FixedParameters: 0 0 0

#Transform 12
Transform: AffineTransform_float_3_3
Parameters: 0.999999 -0.000468009 -0.00118675 0.000468332 1 0.000471926 0.00118691 -0.000472075 0.999999 0.00683441 -0.00404603 0.103205
FixedParameters: 0 0 0

#Transform 13
Transform: AffineTransform_float_3_3
Parameters: 0.999999 -0.000667394 -0.00129434 0.000668212 1 0.000315616 0.00129392 -0.000316383 0.999999 0.00605438 -0.00979345 0.0896167
FixedParameters: 0 0 0

#Transform 14
Transform: AffineTransform_float_3_3
Parameters: 0.999999 -0.000165611 -0.000788022 0.000166726 0.999999 0.00171887 0.000788657 -0.00171913 0.999998 0.00561221 -0.0689602 0.164803
FixedParameters: 0 0 0

#Transform 15
Transform: AffineTransform_float_3_3
Parameters: 0.999999 -0.000285167 -0.000832257 0.00028492 1 0.000693244 0.000831667 -0.000692756 0.999999 0.00885264 0.0129588 0.0205237
FixedParameters: 0 0 0

#Transform 16
Transform: AffineTransform_float_3_3
Parameters: 1 -0.000506773 -0.000463067 0.000506953 1 0.000194765 0.000462869 -0.000195235 1 -0.000540943 -0.023167 0.0928447
FixedParameters: 0 0 0

#Transform 17
Transform: AffineTransform_float_3_3
Parameters: 0.999999 -0.000567521 -0.000543801 0.000568053 0.999999 0.000488691 0.000543246 -0.000489308 0.999999 -0.000305493 -0.0250606 0.0376144
FixedParameters: 0 0 0

#Transform 18
Transform: AffineTransform_float_3_3
Parameters: 0.999999 -0.000257126 -0.000778304 0.000257927 0.999999 0.000514163 0.000778039 -0.000514836 1 0.00473952 0.0115407 0.00960526
FixedParameters: 0 0 0

#Transform 19
Transform: AffineTransform_float_3_3
Parameters: 1 -2.67043e-05 0.00017191 2.67153e-05 1 -3.19954e-05 -0.000171908 3.20046e-05 1 -0.00235691 -0.0102513 0.03215
FixedParameters: 0 0 0

#Transform 20
Transform: AffineTransform_float_3_3
Parameters: 1 -1.64815e-05 -0.000477739 1.6556e-05 1 7.79921e-05 0.000477736 -7.80079e-05 1 0.00404252 -0.0170035 0.00198837
FixedParameters: 0 0 0

#Transform 21
Transform: AffineTransform_float_3_3
Parameters: 1 -0.000126673 -0.000301668 0.000126552 1 -0.000201038 0.000301719 0.000200962 1 0.00133179 0.00294136 0.030911
FixedParameters: 0 0 0

#Transform 22
Transform: AffineTransform_float_3_3
Parameters: 1 1.7686e-05 0.00054992 -1.75294e-05 0.999999 -0.000868009 -0.000549347 0.00086799 0.999999 -0.00568016 0.0172305 0.0615641
FixedParameters: 0 0 0

#Transform 23
Transform: AffineTransform_float_3_3
Parameters: 0.999999 -0.000138311 0.000745379 0.000138505 1 -0.000129897 -0.000745343 0.000130103 0.999999 -0.00898436 0.0222685 0.0550505
FixedParameters: 0 0 0

#Transform 24
Transform: AffineTransform_float_3_3
Parameters: 0.999999 -0.000138123 0.000745415 0.000138693 0.999999 -0.000382533 -0.000745309 0.000382467 1 -0.00898791 -0.00850636 0.044581
FixedParameters: 0 0 0

#Transform 25
Transform: AffineTransform_float_3_3
Parameters: 1 -0.000467984 0.000995384 0.000469232 1 -0.000627014 -0.000994796 0.000626985 0.999999 -0.0341496 0.0394287 0.0759696
FixedParameters: 0 0 0

#Transform 26
Transform: AffineTransform_float_3_3
Parameters: 0.999999 -0.000244671 0.000909176 0.000245234 1 -0.000749258 -0.000908205 0.000748741 0.999999 -0.0372083 -0.0296421 0.155068
FixedParameters: 0 0 0

#Transform 27
Transform: AffineTransform_float_3_3
Parameters: 0.999999 0.000410769 0.00125446 -0.000409714 0.999999 -0.000738669 -0.00125446 0.00073833 0.999999 -0.0160884 0.0541733 -0.067519
FixedParameters: 0 0 0

#Transform 28
Transform: AffineTransform_float_3_3
Parameters: 0.999999 -0.000109879 0.000969898 0.00011013 1 -0.000439893 -0.000970599 0.000440107 0.999999 -0.0154354 -0.0227462 0.0675988
FixedParameters: 0 0 0

#Transform 29
Transform: AffineTransform_float_3_3
Parameters: 0.999999 -0.000226451 0.000967284 0.000226182 1 0.000139219 -0.000967347 -0.000138781 0.999999 -0.0183656 0.0108278 0.0792692
FixedParameters: 0 0 0

#Transform 30
Transform: AffineTransform_float_3_3
Parameters: 0.999999 -0.000214409 0.00141445 0.000215234 0.999999 -0.000786969 -0.0014143 0.000787032 0.999999 0.0125532 0.0070461 0.094413
FixedParameters: 0 0 0

#Transform 31
Transform: AffineTransform_float_3_3
Parameters: 0.999998 0.000369409 0.00201876 -0.000367412 0.999999 -0.00103953 -0.00201911 0.00103846 0.999997 0.00334641 0.0505204 0.00381812
FixedParameters: 0 0 0

#Transform 32
Transform: AffineTransform_float_3_3
Parameters: 0.999999 0.00027097 0.00177788 -0.000267117 0.999999 -0.00170163 -0.00177839 0.00170137 0.999997 0.00485162 0.0209618 0.0353775
FixedParameters: 0 0 0

#Transform 33
Transform: AffineTransform_float_3_3
Parameters: 0.999998 5.95846e-05 0.00177552 -5.72795e-05 1 -0.00104326 -0.00177584 0.00104374 0.999998 0.0029381 -0.00481105 0.0789992
FixedParameters: 0 0 0

#Transform 34
Transform: AffineTransform_float_3_3
Parameters: 0.999999 5.85842e-05 0.00177555 -5.74806e-05 1 -0.000480739 -0.00177641 0.000480261 0.999998 0.00529601 0.00315499 0.0783229
FixedParameters: 0 0 0

#Transform 35
Transform: AffineTransform_float_3_3
Parameters: 0.999999 -3.80744e-05 0.00184859 3.80786e-05 1 -0.000380203 -0.00184875 0.000379799 0.999998 0.00148999 0.0298416 0.066298
FixedParameters: 0 0 0

#Transform 36
Transform: AffineTransform_float_3_3
Parameters: 0.999999 1.37689e-05 0.00180996 -1.21687e-05 0.999999 -0.000829295 -0.00181017 0.000828704 0.999998 0.0116374 0.0653173 0.050328
FixedParameters: 0 0 0

#Transform 37
Transform: AffineTransform_float_3_3
Parameters: 0.999997 0.000382716 0.00210954 -0.000380238 0.999999 -0.00144011 -0.00211043 0.00143989 0.999997 0.0173884 0.0558522 0.0559798
FixedParameters: 0 0 0

#Transform 38
Transform: AffineTransform_float_3_3
Parameters: 0.999998 9.42784e-05 0.00190791 -9.22472e-05 0.999999 -0.00147581 -0.00190797 0.00147519 0.999997 0.00209947 0.0304485 0.081467
FixedParameters: 0 0 0

#Transform 39
Transform: AffineTransform_float_3_3
Parameters: 0.999997 0.000289992 0.00211778 -0.000288023 0.999999 -0.000984403 -0.00211794 0.000983597 0.999997 -0.00159828 0.0182312 0.0780128
FixedParameters: 0 0 0

#Transform 40
Transform: AffineTransform_float_3_3
Parameters: 0.999998 0.000549037 0.00192147 -0.000547407 0.999999 -0.000996845 -0.00192216 0.000995156 0.999998 0.00594387 0.0730731 0.0704011
FixedParameters: 0 0 0

#Transform 41
Transform: AffineTransform_float_3_3
Parameters: 0.999997 0.000417341 0.0023351 -0.000415027 0.999999 -0.00109528 -0.0023364 0.00109472 0.999997 0.000691733 0.0468901 0.0378274
FixedParameters: 0 0 0

#Transform 42
Transform: AffineTransform_float_3_3
Parameters: 0.999997 0.000445044 0.00246095 -0.000441732 0.999999 -0.00112004 -0.00246153 0.00111896 0.999996 -0.000263652 0.0311302 0.0350672
FixedParameters: 0 0 0

#Transform 43
Transform: AffineTransform_float_3_3
Parameters: 0.999997 0.000249856 0.00214852 -0.000247407 0.999998 -0.00122196 -0.00214952 0.00122104 0.999997 0.00087349 0.034948 0.00286262
FixedParameters: 0 0 0

#Transform 44
Transform: AffineTransform_float_3_3
Parameters: 0.999996 0.000491115 0.00250282 -0.000487598 0.999999 -0.00130153 -0.00250308 0.00130046 0.999995 -0.0002801 0.0431692 0.0303213
FixedParameters: 0 0 0

#Transform 45
Transform: AffineTransform_float_3_3
Parameters: 0.999996 0.000357782 0.00260426 -0.000354343 0.999999 -0.00150487 -0.00260452 0.00150413 0.999996 -0.00244403 0.0327893 0.0208618
FixedParameters: 0 0 0

#Transform 46
Transform: AffineTransform_float_3_3
Parameters: 0.999997 0.000274883 0.00266765 -0.000269748 0.999999 -0.00178715 -0.00266781 0.00178585 0.999995 -0.00368586 0.0371435 0.0398684
FixedParameters: 0 0 0

#Transform 47
Transform: AffineTransform_float_3_3
Parameters: 0.999998 0.000177768 0.00223571 -0.000174793 0.999999 -0.00115718 -0.00223571 0.00115681 0.999996 0.0101889 0.0243897 0.0659605
FixedParameters: 0 0 0

#Transform 48
Transform: AffineTransform_float_3_3
Parameters: 0.999997 0.00042755 0.00234684 -0.000423712 0.999999 -0.00158431 -0.00234798 0.00158369 0.999996 0.00660705 0.0588822 0.0170943
FixedParameters: 0 0 0

#Transform 49
Transform: AffineTransform_float_3_3
Parameters: 0.999996 0.000453822 0.00253212 -0.000448127 0.999998 -0.00199309 -0.0025331 0.00199191 0.999995 0.00483535 0.0609744 0.0188211
FixedParameters: 0 0 0

#Transform 50
Transform: AffineTransform_float_3_3
Parameters: 0.999997 0.000273996 0.00247815 -0.000268916 0.999997 -0.00219462 -0.00247871 0.00219438 0.999995 -0.00192351 0.0565248 0.0488546
FixedParameters: 0 0 0

#Transform 51
Transform: AffineTransform_float_3_3
Parameters: 0.999997 0.000141585 0.0024941 -0.00013925 0.999999 -0.00118978 -0.00249422 0.00118922 0.999996 0.00875207 0.01618 0.0982276
FixedParameters: 0 0 0

#Transform 52
Transform: AffineTransform_float_3_3
Parameters: 0.999997 7.7369e-05 0.00240882 -7.43801e-05 0.999999 -0.00136761 -0.00240881 0.00136739 0.999996 0.00226531 0.0845232 0.0463411
FixedParameters: 0 0 0

#Transform 53
Transform: AffineTransform_float_3_3
Parameters: 0.999997 0.000276337 0.0026675 -0.000269694 0.999997 -0.00233216 -0.00266815 0.00233084 0.999994 0.00469683 0.0836247 0.054901
FixedParameters: 0 0 0

#Transform 54
Transform: AffineTransform_float_3_3
Parameters: 0.999997 0.000272742 0.00266787 -0.000269693 0.999999 -0.000983669 -0.00266799 0.000983329 0.999996 0.00634481 0.00334754 0.124108
FixedParameters: 0 0 0

#Transform 55
Transform: AffineTransform_float_3_3
Parameters: 0.999997 9.93604e-05 0.00243331 -9.55852e-05 0.999999 -0.00122766 -0.00243314 0.00122734 0.999997 0.00957146 0.080645 0.0895673
FixedParameters: 0 0 0

#Transform 56
Transform: AffineTransform_float_3_3
Parameters: 0.999996 0.000120874 0.00278493 -0.000115699 0.999998 -0.00196991 -0.00278477 0.00197009 0.999995 0.000693549 0.0948115 0.114718
FixedParameters: 0 0 0

#Transform 57
Transform: AffineTransform_float_3_3
Parameters: 0.999996 0.000152472 0.00275963 -0.000148896 0.999999 -0.00130048 -0.00275981 0.00129952 0.999995 -0.00055539 0.0390065 0.137231
FixedParameters: 0 0 0

#Transform 58
Transform: AffineTransform_float_3_3
Parameters: 0.999995 0.000256045 0.0029047 -0.000249892 0.999998 -0.00205732 -0.00290511 0.00205668 0.999994 0.00990577 0.086947 0.0601617
FixedParameters: 0 0 0

#Transform 59
Transform: AffineTransform_float_3_3
Parameters: 0.999996 -0.000202398 0.00302916 0.000207074 0.999999 -0.00146508 -0.00302914 0.00146592 0.999995 0.0259714 0.062454 0.0795524
FixedParameters: 0 0 0

#Transform 60
Transform: AffineTransform_float_3_3
Parameters: 0.999995 -0.000134848 0.00297458 0.000134464 1 -6.93e-05 -0.00297395 6.97018e-05 0.999996 0.0101937 0.0564864 0.127419
FixedParameters: 0 0 0

#Transform 61
Transform: AffineTransform_float_3_3
Parameters: 0.999995 -0.000131414 0.00297473 0.000135099 0.999999 -0.00122478 -0.00297419 0.00122422 0.999995 0.025753 0.028892 0.0862492
FixedParameters: 0 0 0

#Transform 62
Transform: AffineTransform_float_3_3
Parameters: 0.999996 -0.00019093 0.00289586 0.000195018 0.999999 -0.00132762 -0.00289514 0.00132738 0.999995 0.024936 0.0777649 0.0646275
FixedParameters: 0 0 0

#Transform 63
Transform: AffineTransform_float_3_3
Parameters: 0.999995 -4.97557e-05 0.00308309 5.26831e-05 0.999999 -0.00105854 -0.00308277 0.00105846 0.999994 0.0206639 0.0735295 0.0504592
FixedParameters: 0 0 0

#Transform 64
Transform: AffineTransform_float_3_3
Parameters: 0.999995 -7.20385e-06 0.00313967 9.57615e-06 1 -0.000950557 -0.00313944 0.000951445 0.999994 0.0261097 0.0430708 0.0424572
FixedParameters: 0 0 0

#Transform 65
Transform: AffineTransform_float_3_3
Parameters: 0.999994 0.000111299 0.00329343 -0.000106956 0.999999 -0.00153958 -0.00329314 0.00153942 0.999993 0.0242488 0.0998195 0.00285575
FixedParameters: 0 0 0

#Transform 66
Transform: AffineTransform_float_3_3
Parameters: 0.999995 0.000145955 0.00333801 -0.000139859 0.999998 -0.00178169 -0.0033379 0.0017813 0.999992 0.0235297 0.0570833 0.0577465
FixedParameters: 0 0 0

#Transform 67
Transform: AffineTransform_float_3_3
Parameters: 0.999993 -0.00043036 0.00388312 0.000427458 1 0.000554575 -0.0038834 -0.000553422 0.999992 0.0675441 -0.057195 -0.485959
FixedParameters: 0 0 0

#Transform 68
Transform: AffineTransform_float_3_3
Parameters: 0.999992 0.000324656 0.00379976 -0.000319673 0.999999 -0.00120923 -0.00380112 0.00120777 0.999992 0.086762 0.229941 -0.107437
FixedParameters: 0 0 0

#Transform 69
Transform: AffineTransform_float_3_3
Parameters: 0.999995 0.000129656 0.00335807 -0.000128517 1 -0.000288652 -0.00335755 0.000288348 0.999994 0.0865854 0.0163687 0.0660185
FixedParameters: 0 0 0

#Transform 70
Transform: AffineTransform_float_3_3
Parameters: 0.999994 0.000890326 0.00356229 -0.000892304 0.999999 0.00050005 -0.00356261 -0.00050295 0.999994 0.140923 0.315358 -0.630978
FixedParameters: 0 0 0

#Transform 71
Transform: AffineTransform_float_3_3
Parameters: 0.999994 0.000811382 0.00314764 -0.000813712 0.999999 0.000844823 -0.00314728 -0.000847178 0.999995 0.126643 0.0819286 -0.439488
FixedParameters: 0 0 0

#Transform 72
Transform: AffineTransform_float_3_3
Parameters: 0.999997 0.000415674 0.00266775 -0.000420961 0.999998 0.00196394 -0.00266753 -0.00196506 0.999995 0.128679 0.0218352 -0.140803
FixedParameters: 0 0 0

#Transform 73
Transform: AffineTransform_float_3_3
Parameters: 0.999996 0.000663393 0.00271526 -0.000666226 0.999999 0.00107273 -0.00271484 -0.00107427 0.999996 0.126567 0.133239 -0.185859
FixedParameters: 0 0 0

#Transform 74
Transform: AffineTransform_float_3_3
Parameters: 0.999996 0.000735731 0.00280912 -0.000737645 1 0.000623466 -0.00280941 -0.000625535 0.999996 0.124591 0.151644 -0.178281
FixedParameters: 0 0 0

#Transform 75
Transform: AffineTransform_float_3_3
Parameters: 0.999995 0.000727311 0.00327865 -0.000727838 1 0.000200995 -0.00327896 -0.000203006 0.999995 0.124081 0.126841 -0.114317
FixedParameters: 0 0 0

#Transform 76
Transform: AffineTransform_float_3_3
Parameters: 0.999996 0.000326967 0.00301821 -0.000328081 0.999999 0.000315793 -0.00301861 -0.000317207 0.999995 0.122654 0.168349 -0.107934
FixedParameters: 0 0 0

#Transform 77
Transform: AffineTransform_float_3_3
Parameters: 0.999996 0.000240585 0.0029016 -0.000239126 1 -0.000251641 -0.00290172 0.000251357 0.999995 0.111194 0.160599 -0.0985171
FixedParameters: 0 0 0

#Transform 78
Transform: AffineTransform_float_3_3
Parameters: 0.999996 0.000328811 0.00301801 -0.000328437 1 -0.000294575 -0.0030184 0.000293426 0.999995 0.108656 0.167894 -0.077258
FixedParameters: 0 0 0

#Transform 79
Transform: AffineTransform_float_3_3
Parameters: 0.999996 0.000326967 0.00301821 -0.000328081 0.999999 0.000315793 -0.00301861 -0.000317207 0.999995 0.102264 0.133792 -0.0541481
FixedParameters: 0 0 0

#Transform 80
Transform: AffineTransform_float_3_3
Parameters: 0.999997 0.000293473 0.00269064 -0.000293344 1 -2.43717e-05 -0.00269065 2.36281e-05 0.999997 0.11564 0.193509 -0.0882908
FixedParameters: 0 0 0

#Transform 81
Transform: AffineTransform_float_3_3
Parameters: 0.999997 0.000128344 0.00264352 -0.000128891 1 0.000103232 -0.00264349 -0.000103767 0.999996 0.104218 0.163414 -0.0284609
FixedParameters: 0 0 0

#Transform 82
Transform: AffineTransform_float_3_3
Parameters: 0.999997 6.58098e-05 0.00267115 -6.52462e-05 1 -0.000105602 -0.00267117 0.000105397 0.999996 0.103404 0.183931 -0.018409
FixedParameters: 0 0 0

#Transform 83
Transform: AffineTransform_float_3_3
Parameters: 0.999996 0.000258106 0.00303914 -0.000255511 1 -0.00101936 -0.00303945 0.00101864 0.999995 0.101531 0.231655 -0.0467941
FixedParameters: 0 0 0

#Transform 84
Transform: AffineTransform_float_3_3
Parameters: 0.999996 5.38607e-05 0.00303656 -4.99332e-05 0.999999 -0.00133838 -0.00303728 0.00133862 0.999995 0.0791691 0.146563 0.0665722
FixedParameters: 0 0 0

#Transform 85
Transform: AffineTransform_float_3_3
Parameters: 0.999995 0.000136291 0.00309509 -0.000136969 1 0.000108877 -0.00309506 -0.000110122 0.999995 0.0767633 0.163921 0.0596479
FixedParameters: 0 0 0

#Transform 86
Transform: AffineTransform_float_3_3
Parameters: 0.999995 0.000234971 0.00315868 -0.000234807 1 -2.5843e-05 -0.00315869 2.61567e-05 0.999995 0.0846415 0.181342 0.0224074
FixedParameters: 0 0 0

#Transform 87
Transform: AffineTransform_float_3_3
Parameters: 0.999995 0.000245613 0.00320499 -0.000244739 1 -0.000230523 -0.0032059 0.000230476 0.999995 0.0827301 0.167288 0.0206519
FixedParameters: 0 0 0

#Transform 88
Transform: AffineTransform_float_3_3
Parameters: 0.999995 0.00025231 0.00319959 -0.000252398 1 -8.05453e-05 -0.00320043 8.04555e-05 0.999995 0.0796624 0.147803 0.00803659
FixedParameters: 0 0 0

#Transform 89
Transform: AffineTransform_float_3_3
Parameters: 0.999996 -3.05037e-05 0.00288958 3.24891e-05 1 -0.000723973 -0.00288912 0.000724028 0.999996 0.0880141 0.171972 0.0278164
FixedParameters: 0 0 0

#Transform 90
Transform: AffineTransform_float_3_3
Parameters: 0.999993 0.000283315 0.00373974 -0.000278531 0.999999 -0.00130842 -0.00374046 0.00130758 0.999992 0.0696399 0.114414 0.072567
FixedParameters: 0 0 0

#Transform 91
Transform: AffineTransform_float_3_3
Parameters: 0.999992 0.000122995 0.00398378 -0.000117009 0.999999 -0.00155449 -0.00398432 0.00155451 0.999991 0.0611749 0.194987 0.0129332
FixedParameters: 0 0 0

#Transform 92
Transform: AffineTransform_float_3_3
Parameters: 0.99999 0.000267142 0.00431841 -0.00026055 0.999999 -0.00143494 -0.00431854 0.00143406 0.99999 0.059247 0.174738 0.0118855
FixedParameters: 0 0 0

#Transform 93
Transform: AffineTransform_float_3_3
Parameters: 0.999991 0.000330075 0.00435763 -0.000323733 0.999999 -0.00155423 -0.00435822 0.00155278 0.999989 0.0522401 0.140735 -0.00622041
FixedParameters: 0 0 0

#Transform 94
Transform: AffineTransform_float_3_3
Parameters: 0.999992 4.79412e-05 0.00404 -4.23077e-05 0.999999 -0.00131631 -0.0040401 0.00131569 0.999991 0.0536562 0.136711 0.0443961
FixedParameters: 0 0 0

#Transform 95
Transform: AffineTransform_float_3_3
Parameters: 0.99999 0.000266601 0.00432678 -0.000263155 1 -0.000744946 -0.00432616 0.000744053 0.999991 0.051029 0.165636 0.0578039
FixedParameters: 0 0 0

#Transform 96
Transform: AffineTransform_float_3_3
Parameters: 0.999992 2.19741e-05 0.00405814 -1.90235e-05 1 -0.00080673 -0.00405796 0.000807272 0.999992 0.0544013 0.173615 0.0375826
FixedParameters: 0 0 0

#Transform 97
Transform: AffineTransform_float_3_3
Parameters: 0.999989 0.000644301 0.00465797 -0.000640726 0.999999 -0.000771468 -0.00465875 0.000768532 0.999989 0.0414626 0.172309 0.0662137
FixedParameters: 0 0 0

#Transform 98
Transform: AffineTransform_float_3_3
Parameters: 0.99999 0.000222432 0.0046248 -0.000219519 1 -0.00070446 -0.0046249 0.000703542 0.999989 0.0488263 0.175589 0.106486
FixedParameters: 0 0 0

#Transform 99
Transform: AffineTransform_float_3_3
Parameters: 0.999988 0.000648969 0.00496155 -0.000643097 0.999999 -0.00109732 -0.00496295 0.00109368 0.999987 0.0467214 0.16631 0.0805264
FixedParameters: 0 0 0

#Transform 100
Transform: AffineTransform_float_3_3
Parameters: 0.999989 0.0005597 0.00476165 -0.000554554 1 -0.00100361 -0.00476195 0.00100039 0.999988 0.0578409 0.146308 0.06879
FixedParameters: 0 0 0

#Transform 101
Transform: AffineTransform_float_3_3
Parameters: 0.999988 0.000576407 0.00473382 -0.000574827 1 -0.000548202 -0.00473423 0.000545803 0.999989 0.0618404 0.166103 0.0637122
FixedParameters: 0 0 0

#Transform 102
Transform: AffineTransform_float_3_3
Parameters: 0.999961 0.00235076 0.00854015 -0.00240661 0.999975 0.00661048 -0.00852428 -0.00663052 0.999942 0.110886 0.192598 -0.596627
FixedParameters: 0 0 0

#Transform 103
Transform: AffineTransform_float_3_3
Parameters: 0.999975 -0.00101297 0.00702111 0.00101405 1 -0.000173269 -0.00702094 0.000179732 0.999975 0.118345 0.25732 -1.14131
FixedParameters: 0 0 0

#Transform 104
Transform: AffineTransform_float_3_3
Parameters: 0.999989 0.000134476 0.00473464 -0.000147754 0.999996 0.00277378 -0.00473491 -0.00277522 0.999985 0.0877983 0.166423 0.0832593
FixedParameters: 0 0 0

#Transform 105
Transform: AffineTransform_float_3_3
Parameters: 0.999989 -0.000110057 0.00464806 0.00010201 0.999998 0.00179046 -0.00464867 -0.00179054 0.999988 0.102275 0.287176 0.109882
FixedParameters: 0 0 0

#Transform 106
Transform: AffineTransform_float_3_3
Parameters: 0.999989 -0.000163812 0.004689 0.000155929 0.999999 0.00167271 -0.00468916 -0.00167229 0.999988 0.0969508 0.300743 -0.00788461
FixedParameters: 0 0 0

#Transform 107
Transform: AffineTransform_float_3_3
Parameters: 0.999991 -6.63629e-05 0.00411234 5.82131e-05 0.999998 0.00201313 -0.00411142 -0.00201287 0.999989 0.121273 0.276213 0.0549191
FixedParameters: 0 0 0

#Transform 108
Transform: AffineTransform_float_3_3
Parameters: 0.999991 -0.000203957 0.00436516 0.000194388 0.999998 0.00231063 -0.00436532 -0.00231038 0.999988 0.113335 0.331331 0.0573862
FixedParameters: 0 0 0

#Transform 109
Transform: AffineTransform_float_3_3
Parameters: 0.999988 0.000462497 0.00502183 -0.000467452 1 0.00100955 -0.00502232 -0.00101145 0.999987 0.125854 0.340152 0.0550049
FixedParameters: 0 0 0

#Transform 110
Transform: AffineTransform_float_3_3
Parameters: 0.999991 -0.000193541 0.00424094 0.000183992 0.999997 0.00230504 -0.00424185 -0.00230396 0.999988 0.107358 0.299452 0.139265
FixedParameters: 0 0 0

#Transform 111
Transform: AffineTransform_float_3_3
Parameters: 0.999991 -0.000239697 0.00421378 0.000229462 0.999997 0.00247274 -0.00421418 -0.00247226 0.999988 0.105057 0.332869 0.142336
FixedParameters: 0 0 0

#Transform 112
Transform: AffineTransform_float_3_3
Parameters: 0.999991 -0.000136176 0.00440325 0.000126457 0.999997 0.00223918 -0.00440388 -0.00223882 0.999988 0.113542 0.349083 0.15569
FixedParameters: 0 0 0

#Transform 113
Transform: AffineTransform_float_3_3
Parameters: 0.999991 -1.89397e-05 0.00425984 8.24527e-06 0.999997 0.00226429 -0.00426014 -0.0022647 0.999988 0.112991 0.339823 0.18438
FixedParameters: 0 0 0

#Transform 114
Transform: AffineTransform_float_3_3
Parameters: 0.999991 -3.30858e-05 0.00438127 2.41285e-05 0.999998 0.00207236 -0.00438083 -0.00207264 0.999988 0.114735 0.35818 0.179521
FixedParameters: 0 0 0

#Transform 115
Transform: AffineTransform_float_3_3
Parameters: 0.999991 -0.000347779 0.00426768 0.000339144 0.999998 0.00209022 -0.00426855 -0.00208878 0.999988 0.116387 0.363524 0.251173
FixedParameters: 0 0 0

#Transform 116
Transform: AffineTransform_float_3_3
Parameters: 0.999989 0.000371342 0.00465634 -0.000378861 0.999999 0.00166482 -0.00465612 -0.00166718 0.999988 0.119123 0.329125 0.26791
FixedParameters: 0 0 0

#Transform 117
Transform: AffineTransform_float_3_3
Parameters: 0.99999 0.000436706 0.00460595 -0.000446095 0.999998 0.00203865 -0.00460498 -0.00204035 0.999987 0.11214 0.333055 0.294312
FixedParameters: 0 0 0

#Transform 118
Transform: AffineTransform_float_3_3
Parameters: 0.999988 0.000498646 0.00490863 -0.00050419 0.999999 0.00123543 -0.00490862 -0.00123757 0.999987 0.117712 0.366448 0.269507
FixedParameters: 0 0 0

#Transform 119
Transform: AffineTransform_float_3_3
Parameters: 0.99999 5.85074e-05 0.00447372 -6.98289e-05 0.999997 0.0024718 -0.00447404 -0.00247221 0.999988 0.108477 0.382711 0.312203
FixedParameters: 0 0 0
