#Insight Transform File V1.0
#Transform 0
Transform: AffineTransform_float_3_3
Parameters: 1 -4.27162e-05 -0.000181657 4.2708e-05 1 -2.2526e-05 0.000181659 2.25105e-05 1 -0.01056 -0.0447613 -0.0287495
FixedParameters: 0 0 0

#Transform 1
Transform: AffineTransform_float_3_3
Parameters: 1 0.000117534 0.000187559 -0.000117442 1 -0.000246714 -0.000187617 0.00024667 1 -0.00731961 -0.0272526 -0.0608703
FixedParameters: 0 0 0

#Transform 2
Transform: AffineTransform_float_3_3
Parameters: 1 4.62378e-05 -7.43132e-05 -4.62391e-05 1 -9.03106e-06 7.43123e-05 9.03794e-06 1 0.00289618 -0.0262037 -0.0581614
FixedParameters: 0 0 0

#Transform 3
Transform: AffineTransform_float_3_3
Parameters: 1 0.000110319 0.000187765 -0.000110181 1 -0.000367562 -0.000187846 0.000367521 1 0.00112815 -0.0346327 -0.0560802
FixedParameters: 0 0 0

#Transform 4
Transform: AffineTransform_float_3_3
Parameters: 1 9.45978e-05 0.000137641 -9.45857e-05 1 -4.39582e-05 -0.000137649 4.39322e-05 1 0.00229273 -0.0258942 -0.0786043
FixedParameters: 0 0 0

#Transform 5
Transform: AffineTransform_float_3_3
Parameters: 1 -0.000180983 -0.000274961 0.000181102 1 0.00021668 0.000274882 -0.00021678 1 -0.00178592 -0.0149502 -0.0580092
FixedParameters: 0 0 0

#Transform 6
Transform: AffineTransform_float_3_3
Parameters: 1 0.000141149 -0.000488045 -0.000141374 1 -0.000230023 0.00048798 0.000230161 1 -0.0251819 -0.0127596 -0.0713587
FixedParameters: 0 0 0

#Transform 7
Transform: AffineTransform_float_3_3
Parameters: 1 0.000133541 -0.000568331 -0.000133665 1 -0.000108865 0.000568302 0.000109017 1 -0.0197638 -0.0161697 -0.0564686
FixedParameters: 0 0 0

#Transform 8
Transform: AffineTransform_float_3_3
Parameters: 1 -6.48287e-05 -7.9084e-05 6.48057e-05 1 -0.000145823 7.91029e-05 0.000145813 1 -0.0205656 -0.0350105 -0.0266157
FixedParameters: 0 0 0

#Transform 9
Transform: AffineTransform_float_3_3
Parameters: 1 1.21959e-05 0.00016285 -1.20851e-05 1 -0.000340231 -0.000162859 0.000340227 1 -0.0110496 -0.0147653 -0.0466004
FixedParameters: 0 0 0

#Transform 10
Transform: AffineTransform_float_3_3
Parameters: 1 -0.000123303 -0.000185927 0.000123352 1 0.000131813 0.000185894 -0.000131859 1 -0.0122808 -0.0151944 -0.0455354
FixedParameters: 0 0 0

#Transform 11
Transform: AffineTransform_float_3_3
Parameters: 1 -0.000313803 -0.000439471 0.000313757 1 -5.20731e-05 0.000439503 5.17973e-05 1 -0.00518862 0.01205 -0.0124789
FixedParameters: 0 0 0

#Transform 12
Transform: AffineTransform_float_3_3
Parameters: 1 -0.000164959 -0.000298499 0.000165405 0.999999 0.000747019 0.000298253 -0.000747117 0.999999 -0.0155643 0.0317166 0.0144721
FixedParameters: 0 0 0

#Transform 13
Transform: AffineTransform_float_3_3
Parameters: 1 0.000365829 0.000506788 -0.000365957 1 0.000126656 -0.000506695 -0.000127027 1 -0.013094 0.047511 0.0348344
FixedParameters: 0 0 0

#Transform 14
Transform: AffineTransform_float_3_3
Parameters: 1 1.17833e-05 -0.000286277 -1.17304e-05 1 9.23971e-05 0.000286279 -9.23903e-05 1 -0.0142602 0.00347102 0.0517485
FixedParameters: 0 0 0

#Transform 15
Transform: AffineTransform_float_3_3
Parameters: 0.999999 -0.000554899 -0.000782157 0.000554846 1 -3.43916e-05 0.000782195 3.35236e-05 0.999999 -0.0116168 -0.0282804 -0.00587951
FixedParameters: 0 0 0

#Transform 16
Transform: AffineTransform_float_3_3
Parameters: 1 -0.000330181 -0.000591975 0.000329481 1 9.73036e-05 0.000592487 -9.77109e-05 1 -0.0165681 0.0120819 -0.0290232
FixedParameters: 0 0 0

#Transform 17
Transform: AffineTransform_float_3_3
Parameters: 0.999999 0.000120371 -0.000748719 -0.000120259 1 7.47245e-05 0.000748737 -7.45443e-05 0.999999 -0.0242847 -0.0133911 -0.0266755
FixedParameters: 0 0 0

#Transform 18
Transform: AffineTransform_float_3_3
Parameters: 1 1.63437e-05 -0.000518642 -1.67089e-05 1 -0.000352035 0.000518631 0.000352052 1 -0.00684659 -0.0335478 -0.0279617
FixedParameters: 0 0 0

#Transform 19
Transform: AffineTransform_float_3_3
Parameters: 1 -0.000448089 -1.9891e-05 0.000448889 1 -0.000398796 1.96723e-05 0.000398795 1 -0.00166069 -0.0227412 -0.0285488
FixedParameters: 0 0 0

#Transform 20
Transform: AffineTransform_float_3_3
Parameters: 1 -3.24551e-05 -0.000208415 3.27603e-05 0.999999 0.000732233 0.000208368 -0.000732247 0.999999 -0.00514174 0.0240307 0.0448442
FixedParameters: 0 0 0

#Transform 21
Transform: AffineTransform_float_3_3
Parameters: 1 0.000374843 0.000551854 -0.000375134 1 -0.000475198 -0.000551634 0.000474767 0.999999 -0.0121592 0.0096792 0.0252189
FixedParameters: 0 0 0

#Transform 22
Transform: AffineTransform_float_3_3
Parameters: 1 -9.26911e-05 0.000109574 9.26681e-05 1 0.000105072 -0.000109593 -0.000105051 1 -0.00595648 -0.0083448 0.0622257
FixedParameters: 0 0 0

#Transform 23
Transform: AffineTransform_float_3_3
Parameters: 1 -8.28641e-05 0.0001259 8.28447e-05 1 7.71068e-05 -0.000125912 -7.70859e-05 1 -0.0064251 0.0101112 0.055531
FixedParameters: 0 0 0

#Transform 24
Transform: AffineTransform_float_3_3
Parameters: 1 0.000125077 0.000418544 -0.000125157 1 9.60203e-05 -0.00041852 -9.6125e-05 1 -0.0102284 -0.00223995 0.0707324
FixedParameters: 0 0 0

#Transform 25
Transform: AffineTransform_float_3_3
Parameters: 1 -0.000117389 3.88052e-05 0.000117349 1 0.00051855 -3.89269e-05 -0.000518541 1 -0.00618519 -0.00087077 0.0800305
FixedParameters: 0 0 0

#Transform 26
Transform: AffineTransform_float_3_3
Parameters: 1 6.02769e-06 0.000244293 -6.06635e-06 1 0.000162322 -0.00024432 -0.000162658 1 -0.00533548 -0.000510392 0.0581079
FixedParameters: 0 0 0

#Transform 27
Transform: AffineTransform_float_3_3
Parameters: 1 0.000278198 0.000625012 -0.000277653 1 0.000215783 -0.000625469 -0.000216114 1 -0.0120635 -0.0036948 0.0537335
FixedParameters: 0 0 0

#Transform 28
Transform: AffineTransform_float_3_3
Parameters: 1 1.74057e-05 0.000255836 -1.75162e-05 1 0.000215919 -0.000255829 -0.000215928 1 -0.00441115 -0.0150539 0.0547221
FixedParameters: 0 0 0

#Transform 29
Transform: AffineTransform_float_3_3
Parameters: 1 0.000271098 0.000630059 -0.000271147 1 3.89728e-05 -0.000630038 -3.93145e-05 1 -0.0111383 -0.0211466 0.0431059
FixedParameters: 0 0 0

#Transform 30
Transform: AffineTransform_float_3_3
Parameters: 1 0.000242156 0.000611377 -0.000241885 1 -0.000221679 -0.000611484 0.000221383 1 -0.0114967 -0.0114728 0.0522378
FixedParameters: 0 0 0

#Transform 31
Transform: AffineTransform_float_3_3
Parameters: 1 -0.000156902 -1.04055e-05 0.000156911 1 0.000440641 1.02672e-05 -0.000440645 1 -0.0189821 -0.000210675 0.0795991
FixedParameters: 0 0 0

#Transform 32
Transform: AffineTransform_float_3_3
Parameters: 1 0.00044231 0.000202989 -0.00044239 1 0.000196977 -0.000202815 -0.000197156 1 -0.0323975 -0.0153335 0.0624187
FixedParameters: 0 0 0

#Transform 33
Transform: AffineTransform_float_3_3
Parameters: 1 8.5729e-05 -0.000349615 -8.58064e-05 1 -0.000110668 0.000349596 0.000110727 1 -0.0205365 0.00553477 0.0651626
FixedParameters: 0 0 0

#Transform 34
Transform: AffineTransform_float_3_3
Parameters: 1 6.52224e-05 0.000362945 -6.50464e-05 1 -0.000242529 -0.000362977 0.000242482 1 -0.0127848 0.018929 0.0569369
FixedParameters: 0 0 0

#Transform 35
Transform: AffineTransform_float_3_3
Parameters: 0.999999 -2.23286e-05 0.000730892 2.22848e-05 1 3.00058e-05 -0.000730893 -2.99732e-05 0.999999 -0.00888308 -0.00677243 0.04261
FixedParameters: 0 0 0

#Transform 36
Transform: AffineTransform_float_3_3
Parameters: 1 -0.000186997 0.0005411 0.000186897 1 9.24115e-05 -0.000541134 -9.22092e-05 1 -0.0155256 0.00710904 0.0540146
FixedParameters: 0 0 0

#Transform 37
Transform: AffineTransform_float_3_3
Parameters: 1 -0.000192257 -8.7469e-05 0.000191664 0.999998 0.00226911 8.69301e-05 -0.00226917 0.999998 -0.0159373 -0.0386592 0.160551
FixedParameters: 0 0 0

#Transform 38
Transform: AffineTransform_float_3_3
Parameters: 1 -0.000351386 -2.5064e-05 0.000351435 1 0.000994363 2.43648e-05 -0.000995323 0.999999 -0.0069263 0.0313978 0.1477
FixedParameters: 0 0 0

#Transform 39
Transform: AffineTransform_float_3_3
Parameters: 0.999999 -0.000258038 0.00070222 0.00025611 0.999994 0.00351334 -0.000703229 -0.00351282 0.999993 -0.00467856 -0.119573 0.305436
FixedParameters: 0 0 0

#Transform 40
Transform: AffineTransform_float_3_3
Parameters: 0.999999 -0.000413783 0.00111618 0.000410484 0.999995 0.00315176 -0.00111703 -0.00315096 0.999994 0.00310259 -0.00311852 0.273303
FixedParameters: 0 0 0

#Transform 41
Transform: AffineTransform_float_3_3
Parameters: 1 -0.000312631 0.000918334 0.00031039 0.999995 0.00297308 -0.000919175 -0.00297361 0.999995 -0.0130851 -0.0056898 0.224957
FixedParameters: 0 0 0

#Transform 42
Transform: AffineTransform_float_3_3
Parameters: 1 -8.35338e-05 0.00106704 8.16277e-05 0.999997 0.00252339 -0.00106772 -0.00252308 0.999995 -0.0138435 -0.0341703 0.183312
FixedParameters: 0 0 0

#Transform 43
Transform: AffineTransform_float_3_3
Parameters: 0.999999 -0.000436092 0.00114977 0.000431892 0.999994 0.003426 -0.00115108 -0.00342513 0.999993 0.00485157 -0.0254113 0.213105
FixedParameters: 0 0 0

#Transform 44
Transform: AffineTransform_float_3_3
Parameters: 0.999999 -0.000392494 0.00128409 0.000389084 0.999997 0.00258204 -0.00128509 -0.0025812 0.999996 -0.0116531 -0.0272702 0.181426
FixedParameters: 0 0 0

#Transform 45
Transform: AffineTransform_float_3_3
Parameters: 0.999999 -0.000394166 0.00128538 0.000390917 0.999997 0.00253862 -0.00128628 -0.00253872 0.999996 -0.0125893 -0.00829508 0.191138
FixedParameters: 0 0 0

#Transform 46
Transform: AffineTransform_float_3_3
Parameters: 0.999998 -0.000575555 0.00141293 0.000572359 0.999996 0.00250831 -0.00141393 -0.00250808 0.999996 -0.00508769 -0.00863726 0.187782
FixedParameters: 0 0 0

#Transform 47
Transform: AffineTransform_float_3_3
Parameters: 1 -0.0006546 0.000961934 0.000651534 0.999996 0.00284144 -0.000964057 -0.0028413 0.999996 -0.00801883 -0.0268612 0.20029
FixedParameters: 0 0 0

#Transform 48
Transform: AffineTransform_float_3_3
Parameters: 0.999999 -0.000678174 0.00104607 0.000675094 0.999996 0.00262829 -0.00104793 -0.00262767 0.999995 -0.00301118 -0.00406966 0.18179
FixedParameters: 0 0 0

#Transform 49
Transform: AffineTransform_float_3_3
Parameters: 0.999999 -0.000644341 0.00114257 0.000641533 0.999997 0.00228877 -0.00114381 -0.00228714 0.999997 -0.00920615 -0.00838319 0.186747
FixedParameters: 0 0 0

#Transform 50
Transform: AffineTransform_float_3_3
Parameters: 0.999999 -0.000540873 0.00106947 0.000538712 0.999997 0.00254149 -0.00107112 -0.00254145 0.999996 -0.00510909 -0.0087833 0.193065
FixedParameters: 0 0 0

#Transform 51
Transform: AffineTransform_float_3_3
Parameters: 1 -0.000415109 0.000980743 0.000412063 0.999996 0.00277937 -0.000981453 -0.00277874 0.999996 -0.00141738 -0.0207833 0.206533
FixedParameters: 0 0 0

#Transform 52
Transform: AffineTransform_float_3_3
Parameters: 1 -0.000404084 0.000973677 0.000401663 0.999998 0.00221299 -0.000974603 -0.00221244 0.999998 0.00420947 -0.0277851 0.19468
FixedParameters: 0 0 0

#Transform 53
Transform: AffineTransform_float_3_3
Parameters: 0.999999 -0.000337852 0.000710764 0.000336734 0.999997 0.00211547 -0.000711334 -0.00211522 0.999998 0.0194058 -0.0168094 0.229224
FixedParameters: 0 0 0

#Transform 54
Transform: AffineTransform_float_3_3
Parameters: 0.999999 -0.000335433 0.000702889 0.000334207 0.999998 0.00218643 -0.000703467 -0.00218679 0.999997 0.0172762 -0.0144583 0.217677
FixedParameters: 0 0 0

#Transform 55
Transform: AffineTransform_float_3_3
Parameters: 1 -0.000374097 0.000952634 0.000371821 0.999998 0.00216474 -0.000953362 -0.00216392 0.999997 0.0253943 -0.00742595 0.206432
FixedParameters: 0 0 0

#Transform 56
Transform: AffineTransform_float_3_3
Parameters: 1 -0.000500939 0.00104184 0.00049827 0.999998 0.002187 -0.00104317 -0.00218618 0.999998 0.0271227 -0.0119845 0.213661
FixedParameters: 0 0 0

#Transform 57
Transform: AffineTransform_float_3_3
Parameters: 0.999999 -0.000610235 0.00111868 0.000607733 0.999997 0.00221889 -0.00111971 -0.0022177 0.999997 0.0368895 -0.00449087 0.259052
FixedParameters: 0 0 0

#Transform 58
Transform: AffineTransform_float_3_3
Parameters: 1 -0.000431125 0.000992652 0.000428538 0.999997 0.00225373 -0.000993732 -0.0022531 0.999997 0.0265193 -0.025091 0.244881
FixedParameters: 0 0 0

#Transform 59
Transform: AffineTransform_float_3_3
Parameters: 0.999999 -0.00061715 0.00112385 0.000614459 0.999998 0.00204429 -0.0011254 -0.00204374 0.999997 0.0156628 -0.0338819 0.250268
FixedParameters: 0 0 0

#Transform 60
Transform: AffineTransform_float_3_3
Parameters: 1 -0.000541016 0.00090528 0.000539377 0.999997 0.00197943 -0.00090648 -0.00197867 0.999998 0.015901 -0.0222265 0.239999
FixedParameters: 0 0 0

#Transform 61
Transform: AffineTransform_float_3_3
Parameters: 0.999999 -0.000255979 0.000869732 0.000253913 0.999998 0.00194344 -0.000870678 -0.00194328 0.999998 0.0132437 -0.0426081 0.246317
FixedParameters: 0 0 0

#Transform 62
Transform: AffineTransform_float_3_3
Parameters: 1 -0.000401502 0.000972118 0.000400273 0.999998 0.00203132 -0.000973355 -0.00203041 0.999997 0.013937 -0.0356685 0.253263
FixedParameters: 0 0 0

#Transform 63
Transform: AffineTransform_float_3_3
Parameters: 0.999999 -0.000432644 0.000754311 0.000431435 0.999998 0.00202623 -0.000755176 -0.00202547 0.999997 0.0149295 -0.0234931 0.250644
FixedParameters: 0 0 0

#Transform 64
Transform: AffineTransform_float_3_3
Parameters: 0.999999 -0.000389355 0.000751467 0.00038737 0.999997 0.00251094 -0.000752612 -0.00251025 0.999996 0.0143349 -0.0298738 0.26225
FixedParameters: 0 0 0

#Transform 65
Transform: AffineTransform_float_3_3
Parameters: 0.999999 -0.000272155 0.000850474 0.000270564 0.999998 0.00202234 -0.000850685 -0.00202178 0.999997 0.012596 -0.0228018 0.255469
FixedParameters: 0 0 0

#Transform 66
Transform: AffineTransform_float_3_3
Parameters: 1 -0.000477061 0.00105218 0.00047468 0.999998 0.00203631 -0.00105315 -0.00203615 0.999997 0.014363 -0.0289642 0.249569
FixedParameters: 0 0 0

#Transform 67
Transform: AffineTransform_float_3_3
Parameters: 1 -0.000502487 0.00103801 0.000500371 0.999997 0.002206 -0.00103855 -0.00220514 0.999998 0.0148162 -0.03526 0.254166
FixedParameters: 0 0 0

#Transform 68
Transform: AffineTransform_float_3_3
Parameters: 1 -0.000339857 0.000974274 0.00033778 0.999999 0.00174941 -0.000975305 -0.00174869 0.999998 0.0140845 -0.0444307 0.237728
FixedParameters: 0 0 0

#Transform 69
Transform: AffineTransform_float_3_3
Parameters: 0.999999 -0.000363934 0.00124064 0.000362154 0.999999 0.00181429 -0.00124157 -0.00181327 0.999997 0.0131379 -0.0436715 0.235833
FixedParameters: 0 0 0

#Transform 70
Transform: AffineTransform_float_3_3
Parameters: 0.999999 -0.000608088 0.00116944 0.000606204 0.999998 0.00166211 -0.00117044 -0.00166186 0.999998 0.0245898 -0.0314773 0.230337
FixedParameters: 0 0 0

#Transform 71
Transform: AffineTransform_float_3_3
Parameters: 0.999999 -0.000511465 0.00113022 0.00050881 0.999998 0.00201701 -0.00113131 -0.00201669 0.999997 0.0234004 -0.0218298 0.242511
FixedParameters: 0 0 0

#Transform 72
Transform: AffineTransform_float_3_3
Parameters: 0.999999 -0.000583446 0.00118099 0.000580819 0.999998 0.00193575 -0.00118231 -0.00193554 0.999998 0.0150166 -0.033196 0.249509
FixedParameters: 0 0 0

#Transform 73
Transform: AffineTransform_float_3_3
Parameters: 0.999999 -0.000806703 0.00162139 0.000803578 0.999999 0.00159925 -0.00162286 -0.00159874 0.999997 0.0337655 -0.0162286 0.214722
FixedParameters: 0 0 0

#Transform 74
Transform: AffineTransform_float_3_3
Parameters: 0.999999 -0.000792458 0.0013284 0.000789715 0.999999 0.00176467 -0.00133025 -0.00176373 0.999998 0.0537089 -0.0129939 0.230304
FixedParameters: 0 0 0

#Transform 75
Transform: AffineTransform_float_3_3
Parameters: 0.999999 -0.000773078 0.00111824 0.000771603 0.999998 0.0015554 -0.00111962 -0.00155483 0.999998 0.0479523 -0.0291962 0.248135
FixedParameters: 0 0 0

#Transform 76
Transform: AffineTransform_float_3_3
Parameters: 0.999999 -0.000712507 0.00119688 0.000710499 0.999999 0.00141865 -0.00119866 -0.00141782 0.999998 0.0417038 -0.0137446 0.249503
FixedParameters: 0 0 0

#Transform 77
Transform: AffineTransform_float_3_3
Parameters: 0.999999 -0.000449207 0.00120441 0.000447373 0.999999 0.00159339 -0.00120482 -0.00159347 0.999998 0.0241544 -0.0315321 0.258193
FixedParameters: 0 0 0

#Transform 78
Transform: AffineTransform_float_3_3
Parameters: 0.999999 -0.00053447 0.00127042 0.000532964 0.999999 0.00166415 -0.0012718 -0.00166267 0.999998 0.0341445 -0.0202398 0.249374
FixedParameters: 0 0 0

#Transform 79
Transform: AffineTransform_float_3_3
Parameters: 1 -0.000309304 0.00100157 0.000306959 0.999998 0.00185539 -0.00100259 -0.00185504 0.999998 0.030114 -0.0329357 0.267366
FixedParameters: 0 0 0

#Transform 80
Transform: AffineTransform_float_3_3
Parameters: 1 -0.000345502 0.00101756 0.000344134 0.999999 0.00163732 -0.00101764 -0.00163745 0.999998 0.0229764 -0.00426738 0.261915
FixedParameters: 0 0 0

#Transform 81
Transform: AffineTransform_float_3_3
Parameters: 0.999999 -0.000614157 0.00102141 0.000612406 0.999998 0.00209057 -0.00102223 -0.00209044 0.999997 0.033961 -0.00615566 0.289466
FixedParameters: 0 0 0

#Transform 82
Transform: AffineTransform_float_3_3
Parameters: 0.999999 -0.000424119 0.00114668 0.000420875 0.999997 0.0022379 -0.00114771 -0.00223716 0.999997 0.0281357 -0.0297931 0.282712
FixedParameters: 0 0 0

#Transform 83
Transform: AffineTransform_float_3_3
Parameters: 1 -0.000466887 0.00104043 0.000464484 0.999999 0.0017947 -0.00104194 -0.00179367 0.999998 0.0248171 -0.024804 0.260973
FixedParameters: 0 0 0

#Transform 84
Transform: AffineTransform_float_3_3
Parameters: 0.999999 -0.000664319 0.00122347 0.000661899 0.999998 0.00178468 -0.0012249 -0.00178328 0.999998 0.0279906 -0.0195 0.262249
FixedParameters: 0 0 0

#Transform 85
Transform: AffineTransform_float_3_3
Parameters: 0.999999 -0.000487655 0.00109857 0.000485599 0.999997 0.00219167 -0.00110034 -0.00219175 0.999997 0.0241918 -0.0191523 0.274218
FixedParameters: 0 0 0

#Transform 86
Transform: AffineTransform_float_3_3
Parameters: 0.999999 -0.000664684 0.00122358 0.000662033 0.999998 0.00187834 -0.00122514 -0.00187789 0.999998 0.0246428 -0.00509787 0.28426
FixedParameters: 0 0 0

#Transform 87
Transform: AffineTransform_float_3_3
Parameters: 0.999999 -0.000519405 0.00112054 0.000516435 0.999997 0.00242391 -0.00112138 -0.00242387 0.999997 0.014189 -0.00939695 0.291013
FixedParameters: 0 0 0

#Transform 88
Transform: AffineTransform_float_3_3
Parameters: 0.999999 -0.000592876 0.00117287 0.000590139 0.999998 0.00199598 -0.00117429 -0.00199576 0.999997 0.0241329 -0.0342494 0.305883
FixedParameters: 0 0 0

#Transform 89
Transform: AffineTransform_float_3_3
Parameters: 0.999998 -0.00103142 0.00123491 0.00102857 0.999997 0.00238375 -0.00123733 -0.00238228 0.999997 0.0287528 0.00506622 0.274377
FixedParameters: 0 0 0

#Transform 90
Transform: AffineTransform_float_3_3
Parameters: 0.999998 -0.000871832 0.00136854 0.000867956 0.999997 0.00231489 -0.00137089 -0.00231363 0.999997 0.0216471 0.00362327 0.297717
FixedParameters: 0 0 0

#Transform 91
Transform: AffineTransform_float_3_3
Parameters: 0.999999 -0.000774273 0.00129943 0.000771347 0.999996 0.00260715 -0.00130155 -0.00260619 0.999995 0.0180145 0.00446021 0.354135
FixedParameters: 0 0 0

#Transform 92
Transform: AffineTransform_float_3_3
Parameters: 0.999999 -0.000860602 0.00135441 0.000853713 0.999985 0.0054055 -0.00135967 -0.00540494 0.999984 -0.00277723 -0.166102 0.58037
FixedParameters: 0 0 0

#Transform 93
Transform: AffineTransform_float_3_3
Parameters: 0.999998 -0.000750506 0.00183678 0.000741788 0.999989 0.00461087 -0.00184083 -0.00460929 0.999988 0.00240743 9.14977e-05 0.495598
FixedParameters: 0 0 0

#Transform 94
Transform: AffineTransform_float_3_3
Parameters: 0.999998 -0.000185337 0.00209705 0.000176095 0.999991 0.00443253 -0.00209771 -0.00443201 0.999988 -0.0183781 -0.0234361 0.454112
FixedParameters: 0 0 0

#Transform 95
Transform: AffineTransform_float_3_3
Parameters: 0.999998 -4.37576e-05 0.00194626 3.60678e-05 0.999992 0.00389823 -0.00194662 -0.00389781 0.999991 -0.021077 -0.0419883 0.463941
FixedParameters: 0 0 0

#Transform 96
Transform: AffineTransform_float_3_3
Parameters: 0.999998 -0.000336485 0.00194442 0.00032971 0.999994 0.0036231 -0.0019453 -0.00362306 0.999991 -0.0141848 -0.036743 0.416527
FixedParameters: 0 0 0

#Transform 97
Transform: AffineTransform_float_3_3
Parameters: 0.999999 -4.17802e-05 0.00134192 3.66512e-05 0.999993 0.00365427 -0.00134259 -0.00365431 0.999992 -0.00969965 -0.0190852 0.319448
FixedParameters: 0 0 0

#Transform 98
Transform: AffineTransform_float_3_3
Parameters: 0.999999 0.000365892 0.00123812 -0.000370315 0.999994 0.00344635 -0.00123678 -0.0034465 0.999994 -0.0176993 0.00856916 0.335271
FixedParameters: 0 0 0

#Transform 99
Transform: AffineTransform_float_3_3
Parameters: 1 0.000298201 0.00110374 -0.0003027 0.999995 0.00327779 -0.0011031 -0.00327743 0.999994 -0.0136926 -0.0177364 0.365901
FixedParameters: 0 0 0

#Transform 100
Transform: AffineTransform_float_3_3
Parameters: 0.999999 -7.98655e-05 0.00136982 7.59615e-05 0.999996 0.00268848 -0.00137061 -0.00268846 0.999995 0.00616072 -0.0373033 0.341576
FixedParameters: 0 0 0

#Transform 101
Transform: AffineTransform_float_3_3
Parameters: 0.999999 8.61058e-05 0.0014796 -8.96598e-05 0.999997 0.00237172 -0.00147956 -0.00237123 0.999996 0.00510079 -0.0378574 0.336667
FixedParameters: 0 0 0

#Transform 102
Transform: AffineTransform_float_3_3
Parameters: 0.999999 -9.35216e-05 0.00137984 8.97639e-05 0.999997 0.0023419 -0.00137999 -0.00234186 0.999996 0.0125112 -0.0512888 0.346853
FixedParameters: 0 0 0

#Transform 103
Transform: AffineTransform_float_3_3
Parameters: 0.999999 -8.6868e-05 0.00143899 8.35151e-05 0.999998 0.00210551 -0.00143907 -0.00210453 0.999997 0.0106852 -0.0299549 0.354506
FixedParameters: 0 0 0

#Transform 104
Transform: AffineTransform_float_3_3
Parameters: 0.999999 -0.000180203 0.00118638 0.00017762 0.999996 0.00247115 -0.00118617 -0.00247089 0.999996 0.0171341 -0.0423969 0.35147
FixedParameters: 0 0 0

#Transform 105
Transform: AffineTransform_float_3_3
Parameters: 0.999999 -0.000151816 0.00119352 0.000149105 0.999997 0.0022689 -0.00119392 -0.00226875 0.999997 0.015634 -0.0334893 0.335774
FixedParameters: 0 0 0

#Transform 106
Transform: AffineTransform_float_3_3
Parameters: 0.999999 -0.000108477 0.00143743 0.00010594 0.999998 0.0018436 -0.00143747 -0.0018435 0.999997 0.0127942 -0.0202928 0.319549
FixedParameters: 0 0 0

#Transform 107
Transform: AffineTransform_float_3_3
Parameters: 0.999999 -3.89825e-05 0.00135917 3.61726e-05 0.999998 0.00183838 -0.00135976 -0.00183854 0.999997 0.0104838 -0.025739 0.342159
FixedParameters: 0 0 0

#Transform 108
Transform: AffineTransform_float_3_3
Parameters: 0.999999 -1.50951e-05 0.0013289 1.24015e-05 0.999998 0.0018365 -0.0013294 -0.00183672 0.999997 0.0102523 -0.0274407 0.344394
FixedParameters: 0 0 0

#Transform 109
Transform: AffineTransform_float_3_3
Parameters: 0.999998 -0.000391206 0.00183216 0.0003878 0.999998 0.00186694 -0.00183239 -0.00186695 0.999996 0.0135224 -0.00950282 0.341006
FixedParameters: 0 0 0

#Transform 110
Transform: AffineTransform_float_3_3
Parameters: 0.999999 -0.000147208 0.00166011 0.000144602 0.999998 0.00203595 -0.00166011 -0.00203561 0.999997 0.019635 -0.0260259 0.346461
FixedParameters: 0 0 0

#Transform 111
Transform: AffineTransform_float_3_3
Parameters: 0.999998 -0.000538228 0.00193564 0.0005344 0.999998 0.00187625 -0.00193642 -0.0018756 0.999996 0.0271673 -0.033085 0.326948
FixedParameters: 0 0 0

#Transform 112
Transform: AffineTransform_float_3_3
Parameters: 0.999999 -0.000328594 0.0017882 0.000326389 0.999998 0.00179408 -0.00178869 -0.00179305 0.999996 0.0182189 -0.0397799 0.327202
FixedParameters: 0 0 0

#Transform 113
Transform: AffineTransform_float_3_3
Parameters: 0.999999 -0.000390551 0.00175839 0.000387526 0.999999 0.00182538 -0.00175855 -0.00182512 0.999996 0.021583 -0.0108338 0.333145
FixedParameters: 0 0 0

#Transform 114
Transform: AffineTransform_float_3_3
Parameters: 0.999999 -2.36117e-05 0.00154133 2.01546e-05 0.999998 0.00199965 -0.00154114 -0.00199885 0.999997 0.0194314 -0.0336539 0.328485
FixedParameters: 0 0 0

#Transform 115
Transform: AffineTransform_float_3_3
Parameters: 0.999999 -0.00010125 0.00139068 9.86701e-05 0.999998 0.00192104 -0.0013907 -0.00192097 0.999997 0.0312939 -0.0452375 0.317583
FixedParameters: 0 0 0

#Transform 116
Transform: AffineTransform_float_3_3
Parameters: 0.999998 -0.000125392 0.00157536 0.000121907 0.999998 0.00180021 -0.00157626 -0.00180008 0.999997 0.0354222 -0.0457525 0.317009
FixedParameters: 0 0 0

#Transform 117
Transform: AffineTransform_float_3_3
Parameters: 0.999999 -0.00039314 0.00178614 0.000390575 0.999998 0.00167993 -0.00178622 -0.00167903 0.999997 0.052829 -0.0407881 0.312689
FixedParameters: 0 0 0

#Transform 118
Transform: AffineTransform_float_3_3
Parameters: 0.999997 -0.000667977 0.00197958 0.000664572 0.999998 0.00172791 -0.00198066 -0.0017267 0.999996 0.0735347 -0.0447352 0.398624
FixedParameters: 0 0 0

#Transform 119
Transform: AffineTransform_float_3_3
Parameters: 0.999999 -0.000852795 0.00160986 0.000851205 0.999998 0.00157823 -0.00161124 -0.00157786 0.999998 0.0671214 0.0392233 0.350231
FixedParameters: 0 0 0
