#Insight Transform File V1.0
#Transform 0
Transform: AffineTransform_float_3_3
Parameters: 1 -0.00035198 0.00107196 0.000353046 0.999999 -0.00110261 -0.0010718 0.00110261 0.999999 0.0250567 -0.0447889 0.0555187
FixedParameters: 0 0 0

#Transform 1
Transform: AffineTransform_float_3_3
Parameters: 0.999999 -0.000516029 0.00130946 0.000517568 1 -0.000962259 -0.00130814 0.000962842 0.999999 0.0174714 -0.0428954 0.0330449
FixedParameters: 0 0 0

#Transform 2
Transform: AffineTransform_float_3_3
Parameters: 0.999999 -0.000491363 0.00130188 0.000494465 0.999999 -0.00168185 -0.00130078 0.00168238 0.999998 0.0255591 -0.0373596 0.0271074
FixedParameters: 0 0 0

#Transform 3
Transform: AffineTransform_float_3_3
Parameters: 0.999999 -0.000510411 0.00130773 0.00051206 0.999999 -0.00112616 -0.0013072 0.00112675 0.999998 0.0122688 -0.0248061 0.0646188
FixedParameters: 0 0 0

#Transform 4
Transform: AffineTransform_float_3_3
Parameters: 0.999999 -0.000491363 0.00130188 0.000494465 0.999999 -0.00168185 -0.00130078 0.00168238 0.999998 0.0243301 -0.0509801 -0.0276754
FixedParameters: 0 0 0

#Transform 5
Transform: AffineTransform_float_3_3
Parameters: 0.999998 -0.000611098 0.0014475 0.000614107 0.999999 -0.00149194 -0.00144622 0.00149216 0.999998 0.0111514 -0.0522083 -0.0744693
FixedParameters: 0 0 0

#Transform 6
Transform: AffineTransform_float_3_3
Parameters: 0.999998 -0.000420451 0.00155411 0.000422945 0.999999 -0.00131375 -0.0015545 0.00131493 0.999998 0.00835398 -0.035 -0.0346262
FixedParameters: 0 0 0

#Transform 7
Transform: AffineTransform_float_3_3
Parameters: 0.999998 -0.000300321 0.00192084 0.000302775 0.999999 -0.00123175 -0.00192039 0.00123199 0.999997 0.027228 -0.0136564 -0.0554529
FixedParameters: 0 0 0

#Transform 8
Transform: AffineTransform_float_3_3
Parameters: 0.999998 -0.000331707 0.00186462 0.00033376 1 -0.000906937 -0.00186462 0.000907232 0.999998 0.0269995 -0.0265661 -0.0254845
FixedParameters: 0 0 0

#Transform 9
Transform: AffineTransform_float_3_3
Parameters: 0.999997 -0.000244269 0.00209918 0.000246739 0.999999 -0.00113087 -0.00209892 0.00113099 0.999997 0.0269121 -0.0320176 0.00046512
FixedParameters: 0 0 0

#Transform 10
Transform: AffineTransform_float_3_3
Parameters: 0.999999 -0.000582148 0.00140435 0.000583254 1 -0.000855267 -0.00140397 0.000856154 0.999999 0.0251855 -0.0366246 0.0137979
FixedParameters: 0 0 0

#Transform 11
Transform: AffineTransform_float_3_3
Parameters: 0.999998 -0.000149581 0.00200821 0.000148566 1 0.000245081 -0.00200827 -0.000244075 0.999998 0.0427671 -0.035202 0.031062
FixedParameters: 0 0 0

#Transform 12
Transform: AffineTransform_float_3_3
Parameters: 0.999999 -0.00013432 0.00174038 0.000135568 1 -0.00100358 -0.00174041 0.00100393 0.999998 0.0528905 -0.00436026 -0.0213336
FixedParameters: 0 0 0

#Transform 13
Transform: AffineTransform_float_3_3
Parameters: 0.999999 -0.000462174 0.00147488 0.000463899 1 -0.00091728 -0.0014737 0.000917875 0.999998 0.041824 -0.0249634 0.00834536
FixedParameters: 0 0 0

#Transform 14
Transform: AffineTransform_float_3_3
Parameters: 0.999999 -0.000128383 0.00137077 0.000128761 1 -0.000149872 -0.00137072 0.000150029 0.999999 0.0273761 -0.0262747 0.0182706
FixedParameters: 0 0 0

#Transform 15
Transform: AffineTransform_float_3_3
Parameters: 1 -0.000498511 0.000916868 0.000498587 0.999999 -0.000244127 -0.000917625 0.000244265 0.999999 0.0136412 -0.025051 -0.0478019
FixedParameters: 0 0 0

#Transform 16
Transform: AffineTransform_float_3_3
Parameters: 1 -0.000424623 0.000892832 0.000425488 0.999999 -0.00119217 -0.000892447 0.00119298 0.999999 0.0315189 -0.0197312 -0.020976
FixedParameters: 0 0 0

#Transform 17
Transform: AffineTransform_float_3_3
Parameters: 1 -0.000314768 -0.000151093 0.000315024 0.999999 0.000850753 0.000150557 -0.000850848 0.999999 0.0371 -0.0143604 0.0421683
FixedParameters: 0 0 0

#Transform 18
Transform: AffineTransform_float_3_3
Parameters: 0.999999 -0.000325428 -0.00063457 0.000326138 1 0.000559395 0.000634206 -0.000559808 0.999999 0.0041132 0.030714 0.00768445
FixedParameters: 0 0 0

#Transform 19
Transform: AffineTransform_float_3_3
Parameters: 1 1.06156e-05 0.000263282 -1.03972e-05 1 -0.000414812 -0.000263291 0.000414806 1 0.022936 -0.00390003 -0.0521699
FixedParameters: 0 0 0

#Transform 20
Transform: AffineTransform_float_3_3
Parameters: 1 0.000112717 0.000229041 -0.000112414 1 -0.000661243 -0.00022919 0.000661192 1 0.00589178 0.00498425 -0.0132489
FixedParameters: 0 0 0

#Transform 21
Transform: AffineTransform_float_3_3
Parameters: 1 0.000575005 7.38953e-05 -0.000574585 0.999999 -0.000699349 -7.37532e-05 0.000699243 0.999999 -0.0107363 0.00648496 -0.0718928
FixedParameters: 0 0 0

#Transform 22
Transform: AffineTransform_float_3_3
Parameters: 1 0.000466428 -0.000325104 -0.00046634 1 -0.000352113 0.000325721 0.000352396 1 -0.0129739 0.00732666 0.0780371
FixedParameters: 0 0 0

#Transform 23
Transform: AffineTransform_float_3_3
Parameters: 0.999999 0.000255463 -0.000755981 -0.000255025 1 0.000499252 0.00075529 -0.000498846 0.999999 -0.0121781 0.00889337 0.123623
FixedParameters: 0 0 0

#Transform 24
Transform: AffineTransform_float_3_3
Parameters: 1 -0.00024973 0.000348967 0.000250191 1 0.00118269 -0.000348863 -0.00118257 0.999999 -0.0161609 -0.0141614 0.220524
FixedParameters: 0 0 0

#Transform 25
Transform: AffineTransform_float_3_3
Parameters: 1 -0.000252656 0.000376175 0.00025249 0.999999 0.00150751 -0.000377188 -0.00150735 0.999999 -0.00193478 0.0598227 0.253178
FixedParameters: 0 0 0

#Transform 26
Transform: AffineTransform_float_3_3
Parameters: 1 9.49893e-05 0.000260399 -9.61936e-05 0.999999 0.00178734 -0.000260871 -0.00178737 0.999999 0.0204339 0.0428353 0.192752
FixedParameters: 0 0 0

#Transform 27
Transform: AffineTransform_float_3_3
Parameters: 1 0.000217231 8.1689e-05 -0.000216884 0.999998 0.00200744 -8.19491e-05 -0.00200748 0.999998 0.0308162 0.0475478 0.221397
FixedParameters: 0 0 0

#Transform 28
Transform: AffineTransform_float_3_3
Parameters: 1 0.000584991 -0.000333572 -0.00058393 0.999997 0.00204349 0.000335157 -0.00204388 0.999998 0.00835434 0.0452498 0.183119
FixedParameters: 0 0 0

#Transform 29
Transform: AffineTransform_float_3_3
Parameters: 1 0.000590083 -0.000335374 -0.000589087 0.999998 0.00188848 0.000336786 -0.00188807 0.999998 0.007711 0.039045 0.165525
FixedParameters: 0 0 0

#Transform 30
Transform: AffineTransform_float_3_3
Parameters: 1 0.000159877 -0.000192216 -0.000159071 0.999998 0.00197861 0.000192979 -0.00197854 0.999998 0.00899648 0.04097 0.13551
FixedParameters: 0 0 0

#Transform 31
Transform: AffineTransform_float_3_3
Parameters: 1 0.000541816 -0.000319693 -0.000542187 0.999999 0.00136041 0.000320605 -0.00136002 0.999999 0.00630081 0.0379909 0.111136
FixedParameters: 0 0 0

#Transform 32
Transform: AffineTransform_float_3_3
Parameters: 0.999999 0.000472628 -0.000672433 -0.000471108 0.999998 0.00203555 0.000673857 -0.00203486 0.999997 -0.00322782 0.0396695 0.132095
FixedParameters: 0 0 0

#Transform 33
Transform: AffineTransform_float_3_3
Parameters: 0.999999 0.000445245 -0.000719977 -0.000443366 0.999997 0.00235637 0.000720694 -0.00235566 0.999997 -0.0170007 0.0239579 0.118046
FixedParameters: 0 0 0

#Transform 34
Transform: AffineTransform_float_3_3
Parameters: 0.999999 0.000474581 -0.000675247 -0.000473192 0.999998 0.0019547 0.000676614 -0.00195481 0.999998 -0.0300733 0.0175725 0.101376
FixedParameters: 0 0 0

#Transform 35
Transform: AffineTransform_float_3_3
Parameters: 1 7.00784e-05 -0.000504736 -6.89721e-05 0.999997 0.00231542 0.000504638 -0.0023161 0.999998 -0.0226169 0.0368612 0.110422
FixedParameters: 0 0 0

#Transform 36
Transform: AffineTransform_float_3_3
Parameters: 1 0.000125342 -0.000360908 -0.000123773 0.999998 0.00211041 0.000361565 -0.00211032 0.999997 -0.0228576 0.0286379 0.121034
FixedParameters: 0 0 0

#Transform 37
Transform: AffineTransform_float_3_3
Parameters: 1 0.000119696 -0.000378 -0.000118056 0.999998 0.00210941 0.000378633 -0.00210932 0.999997 0.0107883 0.0253866 0.211062
FixedParameters: 0 0 0

#Transform 38
Transform: AffineTransform_float_3_3
Parameters: 1 -3.12084e-06 -0.000137943 3.85838e-06 0.999997 0.00243188 0.000138124 -0.00243188 0.999997 0.0264966 0.0353173 0.259193
FixedParameters: 0 0 0

#Transform 39
Transform: AffineTransform_float_3_3
Parameters: 0.999999 0.000118818 -0.000883218 -0.000116179 0.999996 0.0027135 0.000883819 -0.00271402 0.999996 0.0219975 0.0571382 0.204706
FixedParameters: 0 0 0

#Transform 40
Transform: AffineTransform_float_3_3
Parameters: 0.999999 0.000249703 -0.000724283 -0.000247685 0.999996 0.00285713 0.000725656 -0.0028567 0.999995 0.0225777 0.0590027 0.159249
FixedParameters: 0 0 0

#Transform 41
Transform: AffineTransform_float_3_3
Parameters: 0.999999 0.000144196 -0.000689569 -0.000143289 0.999998 0.00221282 0.000690092 -0.00221255 0.999998 0.0135824 0.044697 0.102277
FixedParameters: 0 0 0

#Transform 42
Transform: AffineTransform_float_3_3
Parameters: 0.999999 -2.54777e-05 -0.000769041 2.81727e-05 0.999997 0.00253213 0.000768474 -0.00253212 0.999996 0.00647507 0.0322332 0.0983093
FixedParameters: 0 0 0

#Transform 43
Transform: AffineTransform_float_3_3
Parameters: 0.999999 0.000296716 -0.000923502 -0.000294413 0.999997 0.0024077 0.000924811 -0.00240708 0.999996 0.00267036 0.0454445 0.0310119
FixedParameters: 0 0 0

#Transform 44
Transform: AffineTransform_float_3_3
Parameters: 0.999999 0.000293242 -0.000739011 -0.000290938 0.999997 0.00238957 0.000739987 -0.00238989 0.999997 0.00806456 0.0492781 0.0096732
FixedParameters: 0 0 0

#Transform 45
Transform: AffineTransform_float_3_3
Parameters: 1 0.000239317 -0.00104122 -0.000237048 0.999996 0.00274241 0.0010418 -0.00274259 0.999996 0.00148892 0.0381954 0.0135225
FixedParameters: 0 0 0

#Transform 46
Transform: AffineTransform_float_3_3
Parameters: 0.999999 0.000335055 -0.000752657 -0.000333079 0.999996 0.00274237 0.000754453 -0.00274259 0.999996 0.00338889 0.045136 -0.0164537
FixedParameters: 0 0 0

#Transform 47
Transform: AffineTransform_float_3_3
Parameters: 0.999999 0.000343101 -0.000755511 -0.00034151 0.999996 0.00249253 0.000757115 -0.00249273 0.999997 0.00427718 0.0309199 -0.0594576
FixedParameters: 0 0 0

#Transform 48
Transform: AffineTransform_float_3_3
Parameters: 0.999999 0.000343101 -0.000755511 -0.00034151 0.999996 0.00249253 0.000757115 -0.00249273 0.999997 -0.00145905 0.038362 -0.066736
FixedParameters: 0 0 0

#Transform 49
Transform: AffineTransform_float_3_3
Parameters: 1 0.00046094 -0.00103175 -0.000458296 0.999996 0.00249967 0.00103293 -0.00249942 0.999996 -0.010886 0.0425446 -0.0695879
FixedParameters: 0 0 0

#Transform 50
Transform: AffineTransform_float_3_3
Parameters: 0.999999 0.000591525 -0.0016997 -0.000587867 0.999998 0.00183285 0.00170069 -0.00183174 0.999997 -0.00338391 0.0523249 -0.0280599
FixedParameters: 0 0 0

#Transform 51
Transform: AffineTransform_float_3_3
Parameters: 0.999998 0.000649149 -0.00144923 -0.000644574 0.999996 0.00255906 0.00145056 -0.00255866 0.999996 -0.0129871 0.0499821 -0.0176278
FixedParameters: 0 0 0

#Transform 52
Transform: AffineTransform_float_3_3
Parameters: 0.999999 0.000588789 -0.00105899 -0.000585356 0.999996 0.0029463 0.00106046 -0.00294634 0.999995 0.0110647 0.0435846 -0.000349508
FixedParameters: 0 0 0

#Transform 53
Transform: AffineTransform_float_3_3
Parameters: 0.999999 0.000395393 -0.00142703 -0.00039113 0.999996 0.00269906 0.00142843 -0.00269862 0.999995 0.000441509 0.0470102 -0.0408463
FixedParameters: 0 0 0

#Transform 54
Transform: AffineTransform_float_3_3
Parameters: 0.999999 0.000554849 -0.00168611 -0.000549771 0.999995 0.00300485 0.00168714 -0.00300439 0.999994 0.000545353 0.0502329 -0.00553432
FixedParameters: 0 0 0

#Transform 55
Transform: AffineTransform_float_3_3
Parameters: 0.999999 0.000352344 -0.00136392 -0.000348552 0.999995 0.00310714 0.0013648 -0.00310681 0.999994 -0.0054715 0.0545947 -0.0274577
FixedParameters: 0 0 0

#Transform 56
Transform: AffineTransform_float_3_3
Parameters: 0.999999 0.000345036 -0.0012028 -0.000341156 0.999997 0.00264974 0.00120357 -0.00264962 0.999996 -0.00563048 0.0599586 -0.0414023
FixedParameters: 0 0 0

#Transform 57
Transform: AffineTransform_float_3_3
Parameters: 0.999999 0.000487543 -0.00119922 -0.000483895 0.999996 0.00294477 0.00120142 -0.00294428 0.999995 0.00578037 0.0470093 -0.0409372
FixedParameters: 0 0 0

#Transform 58
Transform: AffineTransform_float_3_3
Parameters: 0.999999 0.000536186 -0.00123475 -0.000532773 0.999997 0.00252058 0.00123545 -0.00251994 0.999996 -0.000132078 0.0477735 -0.100989
FixedParameters: 0 0 0

#Transform 59
Transform: AffineTransform_float_3_3
Parameters: 0.999999 0.00039255 -0.00118708 -0.000389112 0.999996 0.0024984 0.00118798 -0.00249758 0.999997 0.00260439 0.0357975 -0.0615433
FixedParameters: 0 0 0

#Transform 60
Transform: AffineTransform_float_3_3
Parameters: 0.999999 0.00036099 -0.0014196 -0.000357335 0.999996 0.00293697 0.00142041 -0.00293658 0.999995 0.0188809 0.043751 -0.0411745
FixedParameters: 0 0 0

#Transform 61
Transform: AffineTransform_float_3_3
Parameters: 0.999999 0.000536289 -0.00171121 -0.000530038 0.999994 0.00329666 0.00171249 -0.00329623 0.999993 0.0141497 0.0405642 -0.013717
FixedParameters: 0 0 0

#Transform 62
Transform: AffineTransform_float_3_3
Parameters: 0.999998 0.00058579 -0.00159202 -0.000580251 0.999995 0.00301271 0.00159298 -0.00301149 0.999994 0.0151828 0.0501165 -0.00754918
FixedParameters: 0 0 0

#Transform 63
Transform: AffineTransform_float_3_3
Parameters: 0.999999 0.000379825 -0.00143389 -0.000374895 0.999994 0.00334401 0.00143518 -0.00334355 0.999993 0.0118285 0.0476771 -0.018153
FixedParameters: 0 0 0

#Transform 64
Transform: AffineTransform_float_3_3
Parameters: 0.999999 0.000380359 -0.00140263 -0.000375878 0.999995 0.00314485 0.00140473 -0.00314384 0.999994 0.00849821 0.051029 -0.0403232
FixedParameters: 0 0 0

#Transform 65
Transform: AffineTransform_float_3_3
Parameters: 1 0.000344926 -0.00112133 -0.000341555 0.999995 0.00302707 0.00112274 -0.00302697 0.999995 -0.0084136 0.0491749 -0.0315074
FixedParameters: 0 0 0

#Transform 66
Transform: AffineTransform_float_3_3
Parameters: 0.999999 0.000362616 -0.00135758 -0.000358092 0.999994 0.00338258 0.00135879 -0.00338223 0.999993 -0.0113911 0.0629457 -0.0419504
FixedParameters: 0 0 0

#Transform 67
Transform: AffineTransform_float_3_3
Parameters: 1 0.000115903 -0.00103676 -0.000112176 0.999994 0.00343655 0.00103695 -0.00343699 0.999993 -0.00407357 0.044629 -0.0368671
FixedParameters: 0 0 0

#Transform 68
Transform: AffineTransform_float_3_3
Parameters: 0.999999 0.000170961 -0.00084413 -0.000167441 0.999993 0.00368031 0.000843633 -0.00367991 0.999993 0.015983 0.031529 0.0075186
FixedParameters: 0 0 0

#Transform 69
Transform: AffineTransform_float_3_3
Parameters: 1 0.000127597 -0.00099637 -0.000124053 0.999994 0.00348353 0.000996648 -0.00348396 0.999993 0.0186685 0.0498737 -0.0239513
FixedParameters: 0 0 0

#Transform 70
Transform: AffineTransform_float_3_3
Parameters: 1 0.000357098 -0.000905882 -0.000353517 0.999993 0.0035033 0.000906508 -0.00350334 0.999993 0.0214377 0.0674129 -0.00701076
FixedParameters: 0 0 0

#Transform 71
Transform: AffineTransform_float_3_3
Parameters: 0.999999 0.000188425 -0.000850236 -0.000185509 0.999995 0.00313664 0.000850481 -0.00313623 0.999994 0.0126564 0.0655866 0.0240689
FixedParameters: 0 0 0

#Transform 72
Transform: AffineTransform_float_3_3
Parameters: 1 9.53059e-05 -0.00114606 -9.18555e-05 0.999995 0.00299811 0.00114595 -0.00299797 0.999995 0.0143354 0.0530935 -0.012129
FixedParameters: 0 0 0

#Transform 73
Transform: AffineTransform_float_3_3
Parameters: 0.999999 0.000319335 -0.00142051 -0.000315571 0.999996 0.00297357 0.0014211 -0.0029733 0.999994 0.00430217 0.042228 -0.0664196
FixedParameters: 0 0 0

#Transform 74
Transform: AffineTransform_float_3_3
Parameters: 0.999998 0.000775095 -0.00146928 -0.00077015 0.999994 0.00307196 0.00147148 -0.00307111 0.999994 0.0189289 0.0402768 -0.0186066
FixedParameters: 0 0 0

#Transform 75
Transform: AffineTransform_float_3_3
Parameters: 0.999999 0.000523828 -0.0013859 -0.000520111 0.999994 0.00314872 0.00138702 -0.00314808 0.999995 0.0542335 0.0370132 -0.0248293
FixedParameters: 0 0 0

#Transform 76
Transform: AffineTransform_float_3_3
Parameters: 0.999998 0.000449451 -0.0014946 -0.000444334 0.999994 0.00357926 0.00149696 -0.00357852 0.999992 0.0529159 0.0339129 0.00916817
FixedParameters: 0 0 0

#Transform 77
Transform: AffineTransform_float_3_3
Parameters: 0.999999 0.000201635 -0.00127911 -0.000198039 0.999995 0.00321628 0.00127915 -0.003215 0.999994 0.0441151 0.0399782 -0.0877973
FixedParameters: 0 0 0

#Transform 78
Transform: AffineTransform_float_3_3
Parameters: 0.999999 0.000198847 -0.00174298 -0.000193807 0.999996 0.00297034 0.00174411 -0.00296967 0.999994 0.0269138 0.0281477 -0.04664
FixedParameters: 0 0 0

#Transform 79
Transform: AffineTransform_float_3_3
Parameters: 0.999999 0.000186015 -0.00173838 -0.000180532 0.999994 0.00338019 0.00173998 -0.00338035 0.999993 0.0264231 0.0329469 -0.0345384
FixedParameters: 0 0 0

#Transform 80
Transform: AffineTransform_float_3_3
Parameters: 0.999999 0.000203147 -0.00168398 -0.000198267 0.999994 0.00340521 0.00168477 -0.0034053 0.999993 0.0310694 0.0632639 -0.106644
FixedParameters: 0 0 0

#Transform 81
Transform: AffineTransform_float_3_3
Parameters: 0.999999 0.000290311 -0.00140405 -0.000285894 0.999994 0.00356175 0.00140525 -0.00356154 0.999993 0.0551706 0.0276535 -0.067141
FixedParameters: 0 0 0

#Transform 82
Transform: AffineTransform_float_3_3
Parameters: 0.999999 0.000185958 -0.0016927 -0.000179578 0.999993 0.00381453 0.00169357 -0.00381448 0.999991 0.0607462 0.0525801 -0.103751
FixedParameters: 0 0 0

#Transform 83
Transform: AffineTransform_float_3_3
Parameters: 0.999999 9.64286e-05 -0.000858989 -9.26111e-05 0.999989 0.00465356 0.000859971 -0.00465325 0.999989 0.0658326 0.0557597 0.0750103
FixedParameters: 0 0 0

#Transform 84
Transform: AffineTransform_float_3_3
Parameters: 1 0.000209696 -0.00109912 -0.000205949 0.999992 0.00380499 0.00109961 -0.00380456 0.999993 0.0600156 0.0651599 0.0549294
FixedParameters: 0 0 0

#Transform 85
Transform: AffineTransform_float_3_3
Parameters: 0.999998 0.000605307 -0.00143777 -0.000600261 0.999994 0.00348801 0.00143988 -0.00348768 0.999993 0.0830894 0.0657184 0.0372477
FixedParameters: 0 0 0

#Transform 86
Transform: AffineTransform_float_3_3
Parameters: 0.999999 0.000241069 -0.00146084 -0.000235273 0.999991 0.00430614 0.00146161 -0.004306 0.99999 0.083177 0.0634649 -0.00111854
FixedParameters: 0 0 0

#Transform 87
Transform: AffineTransform_float_3_3
Parameters: 0.999998 0.000655177 -0.00141576 -0.000649146 0.999991 0.00398265 0.00141797 -0.00398139 0.999991 0.0569529 0.0795057 0.0132009
FixedParameters: 0 0 0

#Transform 88
Transform: AffineTransform_float_3_3
Parameters: 0.999999 0.000259579 -0.00148634 -0.000254134 0.999993 0.00381076 0.00148658 -0.00381058 0.999992 0.057238 0.0553583 -0.0373945
FixedParameters: 0 0 0

#Transform 89
Transform: AffineTransform_float_3_3
Parameters: 0.999999 0.000294565 -0.0012498 -0.000289771 0.999994 0.00327623 0.00125112 -0.00327557 0.999994 0.0496768 0.0497795 -0.084357
FixedParameters: 0 0 0

#Transform 90
Transform: AffineTransform_float_3_3
Parameters: 0.999999 -0.000540815 -0.00118489 0.000546144 0.999989 0.00455964 0.0011825 -0.00456016 0.999989 -0.00749138 0.0948576 0.200277
FixedParameters: 0 0 0

#Transform 91
Transform: AffineTransform_float_3_3
Parameters: 1 -0.000106236 -0.000393328 0.000109735 0.999968 0.00797461 0.000392774 -0.00797459 0.999968 0.0304071 0.152085 0.580791
FixedParameters: 0 0 0

#Transform 92
Transform: AffineTransform_float_3_3
Parameters: 1 -0.000345805 -0.000435252 0.000348576 0.999982 0.00600686 0.000433218 -0.00600709 0.999982 0.00863222 0.117025 0.248302
FixedParameters: 0 0 0

#Transform 93
Transform: AffineTransform_float_3_3
Parameters: 0.999999 -0.000833778 -0.000365136 0.000836091 0.999974 0.00718454 0.000360221 -0.00718511 0.999974 0.0573492 0.135493 0.47245
FixedParameters: 0 0 0

#Transform 94
Transform: AffineTransform_float_3_3
Parameters: 1 -0.000367287 -0.000449224 0.000370017 0.999978 0.00670974 0.000447061 -0.00670997 0.999978 0.029304 0.122852 0.292064
FixedParameters: 0 0 0

#Transform 95
Transform: AffineTransform_float_3_3
Parameters: 1 -0.000360762 -0.000954563 0.000365832 0.999984 0.00563269 0.000952416 -0.00563321 0.999983 0.0241803 0.131106 0.175664
FixedParameters: 0 0 0

#Transform 96
Transform: AffineTransform_float_3_3
Parameters: 1 -0.000299728 -0.00102102 0.000305503 0.999986 0.00516747 0.00101939 -0.00516734 0.999986 0.0171303 0.0917175 0.122224
FixedParameters: 0 0 0

#Transform 97
Transform: AffineTransform_float_3_3
Parameters: 1 -0.000284274 -0.00106632 0.000289552 0.99999 0.00431096 0.00106476 -0.00431085 0.99999 0.0320049 0.0696866 0.0645967
FixedParameters: 0 0 0

#Transform 98
Transform: AffineTransform_float_3_3
Parameters: 1 -0.000694735 -0.000934144 0.000699589 0.999988 0.00484364 0.000930647 -0.00484483 0.999988 0.0149146 0.0868231 0.111599
FixedParameters: 0 0 0

#Transform 99
Transform: AffineTransform_float_3_3
Parameters: 0.999999 -0.000631514 -0.000484137 0.000633395 0.999991 0.00433683 0.000481207 -0.00433739 0.999991 -0.00110995 0.108391 0.117553
FixedParameters: 0 0 0

#Transform 100
Transform: AffineTransform_float_3_3
Parameters: 1 -0.000529506 -0.000473621 0.000532369 0.99999 0.00446818 0.000471115 -0.00446865 0.99999 -0.00268901 0.0987781 0.0867858
FixedParameters: 0 0 0

#Transform 101
Transform: AffineTransform_float_3_3
Parameters: 0.999999 -0.000540455 -0.000498431 0.000542371 0.999989 0.00454546 0.000495186 -0.00454532 0.99999 -0.00205294 0.114814 0.103769
FixedParameters: 0 0 0

#Transform 102
Transform: AffineTransform_float_3_3
Parameters: 0.999999 -0.0006978 -0.000446558 0.000700446 0.999989 0.00450329 0.0004425 -0.00450388 0.999989 -0.00105757 0.110548 0.110586
FixedParameters: 0 0 0

#Transform 103
Transform: AffineTransform_float_3_3
Parameters: 0.999999 -0.000577767 -0.000610382 0.000580746 0.999989 0.00455726 0.000606768 -0.00455649 0.999989 -0.0244091 0.103733 0.065677
FixedParameters: 0 0 0

#Transform 104
Transform: AffineTransform_float_3_3
Parameters: 0.999999 -0.000547888 -0.000496032 0.00055003 0.999988 0.00477431 0.000492532 -0.00477418 0.999989 -0.000663683 0.0966072 0.0620535
FixedParameters: 0 0 0

#Transform 105
Transform: AffineTransform_float_3_3
Parameters: 0.999999 -0.000638443 -0.000466225 0.000640678 0.999988 0.0048407 0.000462722 -0.00484124 0.999988 0.016441 0.102298 0.0371366
FixedParameters: 0 0 0

#Transform 106
Transform: AffineTransform_float_3_3
Parameters: 0.999999 -0.000554232 -0.000507657 0.000556876 0.999988 0.00484395 0.000504963 -0.00484446 0.999988 0.017356 0.101187 0.0808243
FixedParameters: 0 0 0

#Transform 107
Transform: AffineTransform_float_3_3
Parameters: 0.999999 -0.000643365 -0.00050672 0.000646314 0.999988 0.00484094 0.000504111 -0.00484156 0.999988 0.0193969 0.109062 0.12608
FixedParameters: 0 0 0

#Transform 108
Transform: AffineTransform_float_3_3
Parameters: 1 -0.000527947 -0.000462573 0.000530765 0.999989 0.00452615 0.000460021 -0.00452661 0.999989 0.017394 0.112722 0.0738119
FixedParameters: 0 0 0

#Transform 109
Transform: AffineTransform_float_3_3
Parameters: 0.999999 -0.000847691 -0.000515198 0.000849745 0.999988 0.0048202 0.000510967 -0.00482101 0.999988 0.0157449 0.0940518 0.0658632
FixedParameters: 0 0 0

#Transform 110
Transform: AffineTransform_float_3_3
Parameters: 1 -0.000592614 -5.88174e-05 0.000592973 0.999992 0.00411355 5.67425e-05 -0.00411364 0.999992 0.0135576 0.0521326 0.025631
FixedParameters: 0 0 0

#Transform 111
Transform: AffineTransform_float_3_3
Parameters: 0.999999 -0.000783674 -0.000604329 0.000786364 0.999993 0.00388858 0.000601583 -0.00388869 0.999992 0.0174607 0.0717621 -0.0046768
FixedParameters: 0 0 0

#Transform 112
Transform: AffineTransform_float_3_3
Parameters: 0.999999 -0.000725874 -0.00107118 0.00073122 0.99999 0.00444796 0.00106788 -0.004448 0.99999 0.0145182 0.0800266 0.0293669
FixedParameters: 0 0 0

#Transform 113
Transform: AffineTransform_float_3_3
Parameters: 1 -0.000712153 -0.000997857 0.000717458 0.999988 0.00474384 0.000994321 -0.00474376 0.999988 0.0150125 0.0769391 0.0424709
FixedParameters: 0 0 0

#Transform 114
Transform: AffineTransform_float_3_3
Parameters: 0.999999 -0.000851153 -0.000445603 0.000853812 0.999989 0.00479323 0.000442 -0.00479318 0.999988 0.0169878 0.0766813 0.0310777
FixedParameters: 0 0 0

#Transform 115
Transform: AffineTransform_float_3_3
Parameters: 1 -0.000329973 -0.000190939 0.000330207 0.999988 0.00490714 0.000189124 -0.00490722 0.999988 0.0230545 0.10178 0.248891
FixedParameters: 0 0 0

#Transform 116
Transform: AffineTransform_float_3_3
Parameters: 0.999999 -0.00087291 -0.000123738 0.000873495 0.999988 0.00497736 0.000119364 -0.00497679 0.999988 0.0182241 0.108888 0.209442
FixedParameters: 0 0 0

#Transform 117
Transform: AffineTransform_float_3_3
Parameters: 0.999999 -0.00109263 -5.07074e-05 0.0010921 0.999994 0.00309636 4.77444e-05 -0.00309648 0.999995 0.0143079 0.0462293 0.239767
FixedParameters: 0 0 0

#Transform 118
Transform: AffineTransform_float_3_3
Parameters: 0.999998 -0.000846076 0.00144926 0.000843121 0.999998 0.00188728 -0.00145112 -0.00188633 0.999997 0.0805982 0.148765 0.245758
FixedParameters: 0 0 0

#Transform 119
Transform: AffineTransform_float_3_3
Parameters: 0.999995 -0.000958071 0.00285369 0.000941845 0.999982 0.00593307 -0.00285911 -0.00592947 0.999978 0.0715802 0.137478 0.5957
FixedParameters: 0 0 0
