# transform file /out/sourcedata/freesurfer/sub-v1s18x0051260_ses-1/mri/transforms/cc_up.lta
# created by oesteban on Mon Mar  9 07:27:33 2026

type      = 0 # LINEAR_VOX_TO_VOX
nxforms   = 1
mean      = 125.0000 99.0000 115.0000
sigma     = 10000.0000
1 4 4
9.990162849426270e-01 -6.511532701551914e-03 4.386819154024124e-02 -2.747451066970825e+00 
6.505263969302177e-03 9.999789595603943e-01 2.856551436707377e-04 4.814695358276367e+01 
-4.386911913752556e-02 2.910383739562761e-11 9.990374445915222e-01 3.366764450073242e+01 
0.000000000000000e+00 0.000000000000000e+00 0.000000000000000e+00 1.000000000000000e+00 
src volume info
valid = 1  # volume info valid
filename = /out/sourcedata/freesurfer/sub-v1s18x0051260_ses-1/mri/norm.mgz
volume = 256 256 256
voxelsize = 1.000000000000000e+00 1.000000000000000e+00 1.000000000000000e+00
xras   = -9.999998807907104e-01 0.000000000000000e+00 0.000000000000000e+00
yras   = 0.000000000000000e+00 0.000000000000000e+00 -9.999999403953552e-01
zras   = 0.000000000000000e+00 1.000000000000000e+00 0.000000000000000e+00
cras   = 6.257858276367188e-01 2.520776367187500e+01 9.839324951171875e-01
dst volume info
valid = 1  # volume info valid
filename = /out/sourcedata/freesurfer/sub-v1s18x0051260_ses-1/mri/norm.mgz
volume = 256 256 256
voxelsize = 1.000000000000000e+00 1.000000000000000e+00 1.000000000000000e+00
xras   = -9.999998807907104e-01 0.000000000000000e+00 0.000000000000000e+00
yras   = 0.000000000000000e+00 0.000000000000000e+00 -9.999999403953552e-01
zras   = 0.000000000000000e+00 1.000000000000000e+00 0.000000000000000e+00
cras   = 6.257858276367188e-01 2.520776367187500e+01 9.839324951171875e-01
