#Insight Transform File V1.0
#Transform 0
Transform: AffineTransform_float_3_3
Parameters: 1 -4.93371e-05 -9.26868e-05 4.92519e-05 1 -0.000460004 9.27322e-05 0.000459995 1 -0.0118768 -0.0163525 -0.00396936
FixedParameters: 0 0 0

#Transform 1
Transform: AffineTransform_float_3_3
Parameters: 0.999999 -0.000302115 -0.000715935 0.00030278 1 0.000463783 0.000715654 -0.000464216 0.999999 -0.0432221 -0.0492318 0.0121778
FixedParameters: 0 0 0

#Transform 2
Transform: AffineTransform_float_3_3
Parameters: 1 -0.000271001 -0.000509399 0.000270769 1 -0.000228138 0.000509522 0.000227862 1 -0.0623754 0.0398881 -0.0296164
FixedParameters: 0 0 0

#Transform 3
Transform: AffineTransform_float_3_3
Parameters: 1 -0.000329077 -0.000621222 0.000330117 0.999998 0.00154779 0.000620671 -0.0015482 0.999998 -0.0777147 0.0402699 -0.0029263
FixedParameters: 0 0 0

#Transform 4
Transform: AffineTransform_float_3_3
Parameters: 1 0.000302369 -0.000566108 -0.000301359 0.999998 0.00208517 0.000566953 -0.00208483 0.999997 -0.0484916 0.0677759 -0.0310826
FixedParameters: 0 0 0

#Transform 5
Transform: AffineTransform_float_3_3
Parameters: 0.999999 0.000518181 -0.00072409 -0.000517829 0.999999 0.0011766 0.000724895 -0.0011764 1 -0.0442265 0.10336 -0.0909528
FixedParameters: 0 0 0

#Transform 6
Transform: AffineTransform_float_3_3
Parameters: 0.999999 0.000810197 -0.00108543 -0.000808494 0.999998 0.00162346 0.00108676 -0.00162253 0.999997 -0.0646138 0.00986166 -0.120181
FixedParameters: 0 0 0

#Transform 7
Transform: AffineTransform_float_3_3
Parameters: 0.999999 0.00108416 -0.00101639 -0.00108329 0.999999 0.00109291 0.00101834 -0.00109209 0.999999 -0.0658158 0.0666649 -0.232437
FixedParameters: 0 0 0

#Transform 8
Transform: AffineTransform_float_3_3
Parameters: 0.999998 0.0014795 -0.000789579 -0.00147815 0.999997 0.00204434 0.000792093 -0.00204366 0.999998 -0.0539785 0.0768066 -0.267415
FixedParameters: 0 0 0

#Transform 9
Transform: AffineTransform_float_3_3
Parameters: 0.999998 0.00142539 -0.000784903 -0.00142425 0.999998 0.00132271 0.000786904 -0.00132129 0.999999 -0.0702247 0.0739491 -0.19187
FixedParameters: 0 0 0

#Transform 10
Transform: AffineTransform_float_3_3
Parameters: 0.999998 0.0019758 -0.000290431 -0.00197535 0.999997 0.00167372 0.000293922 -0.00167228 0.999999 -0.0518011 0.11147 -0.174189
FixedParameters: 0 0 0

#Transform 11
Transform: AffineTransform_float_3_3
Parameters: 0.999998 0.00202108 -5.67235e-05 -0.00202095 0.999996 0.00207349 6.06339e-05 -0.00207352 0.999999 -0.0399798 0.0326118 -0.160045
FixedParameters: 0 0 0

#Transform 12
Transform: AffineTransform_float_3_3
Parameters: 0.999998 0.00167026 -0.000323053 -0.00166956 0.999998 0.00116891 0.000324721 -0.00116809 0.999999 -0.0569108 0.0638401 -0.226999
FixedParameters: 0 0 0

#Transform 13
Transform: AffineTransform_float_3_3
Parameters: 0.999999 0.00185669 2.94716e-05 -0.00185642 0.999997 0.00165009 -2.69328e-05 -0.00164991 0.999999 -0.0535893 0.086789 -0.221289
FixedParameters: 0 0 0

#Transform 14
Transform: AffineTransform_float_3_3
Parameters: 0.999998 0.00167129 -0.000169164 -0.00167132 0.999997 0.00145265 0.000170901 -0.00145235 0.999999 -0.0507242 0.0180344 -0.1895
FixedParameters: 0 0 0

#Transform 15
Transform: AffineTransform_float_3_3
Parameters: 0.999998 0.00159503 -0.000538969 -0.00159346 0.999996 0.00237123 0.000542526 -0.00236977 0.999997 -0.03849 0.1461 -0.242969
FixedParameters: 0 0 0

#Transform 16
Transform: AffineTransform_float_3_3
Parameters: 0.999999 0.00173799 -0.000152964 -0.00173823 0.999996 0.00241141 0.000157344 -0.00241058 0.999997 -0.0531359 0.0604195 -0.157612
FixedParameters: 0 0 0

#Transform 17
Transform: AffineTransform_float_3_3
Parameters: 0.999998 0.00157106 0.000182245 -0.00157213 0.999995 0.0026715 -0.000178319 -0.0026715 0.999996 -0.0362423 0.134067 -0.213452
FixedParameters: 0 0 0

#Transform 18
Transform: AffineTransform_float_3_3
Parameters: 0.999999 0.00172735 0.000479147 -0.00172951 0.999994 0.00307354 -0.000473459 -0.00307546 0.999995 -0.0413805 0.10793 -0.191833
FixedParameters: 0 0 0

#Transform 19
Transform: AffineTransform_float_3_3
Parameters: 0.999999 0.00128778 0.000510312 -0.00128852 0.999996 0.00240012 -0.000507302 -0.00240087 0.999997 -0.0328584 0.106414 -0.181446
FixedParameters: 0 0 0

#Transform 20
Transform: AffineTransform_float_3_3
Parameters: 0.999998 0.00133507 0.000900879 -0.00133771 0.999995 0.00291158 -0.000896738 -0.00291342 0.999995 -0.00118855 0.150922 -0.201895
FixedParameters: 0 0 0

#Transform 21
Transform: AffineTransform_float_3_3
Parameters: 0.999999 0.00126256 0.000764051 -0.00126469 0.999994 0.00310223 -0.000759854 -0.00310277 0.999995 0.00237442 0.0789179 -0.18036
FixedParameters: 0 0 0

#Transform 22
Transform: AffineTransform_float_3_3
Parameters: 0.999999 0.00130822 0.000847633 -0.00130958 0.999997 0.00209267 -0.000844444 -0.00209433 0.999997 0.0107521 0.117633 -0.240041
FixedParameters: 0 0 0

#Transform 23
Transform: AffineTransform_float_3_3
Parameters: 0.999999 0.00129772 0.000831741 -0.00130088 0.999993 0.00346812 -0.000826371 -0.00346888 0.999994 0.0195923 0.164471 -0.259711
FixedParameters: 0 0 0

#Transform 24
Transform: AffineTransform_float_3_3
Parameters: 0.999999 0.00169302 0.000360307 -0.00169349 0.999994 0.00297917 -0.000355627 -0.00297983 0.999996 0.00235763 0.115573 -0.23099
FixedParameters: 0 0 0

#Transform 25
Transform: AffineTransform_float_3_3
Parameters: 0.999999 0.00175839 -0.00012243 -0.00175781 0.999995 0.00273958 0.000127592 -0.00273941 0.999996 -0.0288623 0.101448 -0.209742
FixedParameters: 0 0 0

#Transform 26
Transform: AffineTransform_float_3_3
Parameters: 0.999999 0.0017256 0.00039615 -0.00172624 0.999994 0.00290988 -0.000391515 -0.00291012 0.999996 -0.0330473 0.105779 -0.200906
FixedParameters: 0 0 0

#Transform 27
Transform: AffineTransform_float_3_3
Parameters: 0.999995 0.00310984 -0.000238353 -0.0031092 0.999992 0.00263221 0.000247133 -0.00263178 0.999996 -0.0706123 0.29073 -0.2796
FixedParameters: 0 0 0

#Transform 28
Transform: AffineTransform_float_3_3
Parameters: 0.999999 0.00178602 0.000390154 -0.00178759 0.999992 0.00356087 -0.000383721 -0.00356113 0.999993 -0.0623912 0.213105 -0.146221
FixedParameters: 0 0 0

#Transform 29
Transform: AffineTransform_float_3_3
Parameters: 0.999999 0.00132302 0.000305236 -0.00132392 0.999993 0.00353438 -0.000299938 -0.00353462 0.999994 -0.0555905 0.204379 -0.182145
FixedParameters: 0 0 0

#Transform 30
Transform: AffineTransform_float_3_3
Parameters: 0.999998 0.00163265 0.00108091 -0.0016391 0.999985 0.00518521 -0.00107211 -0.00518679 0.999986 0.0286109 0.249468 -0.159902
FixedParameters: 0 0 0

#Transform 31
Transform: AffineTransform_float_3_3
Parameters: 0.999998 0.00141831 0.00156079 -0.00142746 0.999983 0.0056074 -0.00155264 -0.00560961 0.999983 0.0331729 0.266267 -0.0722938
FixedParameters: 0 0 0

#Transform 32
Transform: AffineTransform_float_3_3
Parameters: 0.999998 0.00122239 0.00118833 -0.00122984 0.999982 0.00590497 -0.00118072 -0.00590704 0.999982 0.0174995 0.233633 -0.0792977
FixedParameters: 0 0 0

#Transform 33
Transform: AffineTransform_float_3_3
Parameters: 0.999998 0.00139948 0.00152821 -0.00140884 0.999978 0.00637746 -0.00151905 -0.00637953 0.999978 0.0034286 0.273002 -0.122396
FixedParameters: 0 0 0

#Transform 34
Transform: AffineTransform_float_3_3
Parameters: 0.999997 0.00142571 0.00197397 -0.00143896 0.999978 0.00659221 -0.00196524 -0.0065948 0.999977 0.00993696 0.286376 -0.132818
FixedParameters: 0 0 0

#Transform 35
Transform: AffineTransform_float_3_3
Parameters: 0.999996 0.00127505 0.00222668 -0.00129132 0.999973 0.00723617 -0.00221656 -0.00723882 0.999971 0.0172765 0.335172 -0.112659
FixedParameters: 0 0 0

#Transform 36
Transform: AffineTransform_float_3_3
Parameters: 0.999995 0.00180407 0.00231187 -0.0018231 0.999965 0.00812625 -0.00229672 -0.00813074 0.999964 0.0305697 0.361117 -0.0809828
FixedParameters: 0 0 0

#Transform 37
Transform: AffineTransform_float_3_3
Parameters: 0.999996 0.00179794 0.00248583 -0.00182091 0.999957 0.00906537 -0.00246922 -0.00906963 0.999956 0.0332858 0.38057 -0.0855062
FixedParameters: 0 0 0

#Transform 38
Transform: AffineTransform_float_3_3
Parameters: 0.999995 0.00188566 0.00246776 -0.00190635 0.999965 0.00803118 -0.00245298 -0.00803581 0.999965 0.0312477 0.371398 -0.129046
FixedParameters: 0 0 0

#Transform 39
Transform: AffineTransform_float_3_3
Parameters: 0.999995 0.00187353 0.00244851 -0.00189512 0.99996 0.00864225 -0.00243255 -0.00864674 0.99996 0.0432083 0.370255 -0.125497
FixedParameters: 0 0 0

#Transform 40
Transform: AffineTransform_float_3_3
Parameters: 0.999995 0.001572 0.00273065 -0.00159529 0.999962 0.00856276 -0.00271708 -0.00856725 0.99996 0.0592351 0.371696 -0.110676
FixedParameters: 0 0 0

#Transform 41
Transform: AffineTransform_float_3_3
Parameters: 0.999996 0.00173709 0.0025037 -0.00175877 0.999962 0.00848149 -0.00248843 -0.00848551 0.999961 0.0523337 0.354471 -0.102698
FixedParameters: 0 0 0

#Transform 42
Transform: AffineTransform_float_3_3
Parameters: 0.999995 0.00148502 0.0025696 -0.00150643 0.999963 0.0084816 -0.00255595 -0.00848539 0.99996 0.0555467 0.386076 -0.151086
FixedParameters: 0 0 0

#Transform 43
Transform: AffineTransform_float_3_3
Parameters: 0.999995 0.00165938 0.00289924 -0.00168189 0.999968 0.00777565 -0.00288634 -0.00778035 0.999966 0.07755 0.333526 -0.148285
FixedParameters: 0 0 0

#Transform 44
Transform: AffineTransform_float_3_3
Parameters: 0.999994 0.00172616 0.00303371 -0.00175242 0.999961 0.00863422 -0.00301863 -0.00863977 0.999958 0.0909093 0.351856 -0.124688
FixedParameters: 0 0 0

#Transform 45
Transform: AffineTransform_float_3_3
Parameters: 0.999992 0.00187758 0.00332467 -0.00190633 0.999961 0.00865341 -0.00330829 -0.0086596 0.999957 0.0967553 0.380463 -0.129148
FixedParameters: 0 0 0

#Transform 46
Transform: AffineTransform_float_3_3
Parameters: 0.999993 0.00184255 0.00326182 -0.00187199 0.999956 0.00919863 -0.00324495 -0.00920436 0.999952 0.102644 0.39133 -0.0939497
FixedParameters: 0 0 0

#Transform 47
Transform: AffineTransform_float_3_3
Parameters: 0.999993 0.00169623 0.00338304 -0.0017247 0.999964 0.00833713 -0.00336818 -0.00834287 0.99996 0.100824 0.33347 -0.0727
FixedParameters: 0 0 0

#Transform 48
Transform: AffineTransform_float_3_3
Parameters: 0.999993 0.00137533 0.00333563 -0.00140625 0.999955 0.00936208 -0.00332289 -0.00936692 0.99995 0.082116 0.4263 -0.0145223
FixedParameters: 0 0 0

#Transform 49
Transform: AffineTransform_float_3_3
Parameters: 0.999992 0.00160347 0.00371591 -0.0016435 0.999943 0.0105865 -0.0036986 -0.0105925 0.999937 0.117689 0.50617 0.117961
FixedParameters: 0 0 0

#Transform 50
Transform: AffineTransform_float_3_3
Parameters: 0.999993 0.00209148 0.00326192 -0.00212048 0.999958 0.00898962 -0.00324312 -0.0089964 0.999954 0.0786268 0.440727 0.0849823
FixedParameters: 0 0 0

#Transform 51
Transform: AffineTransform_float_3_3
Parameters: 0.999991 0.00192177 0.0037402 -0.00195891 0.999948 0.0100085 -0.00372018 -0.0100155 0.999943 0.0953367 0.554715 0.00796601
FixedParameters: 0 0 0

#Transform 52
Transform: AffineTransform_float_3_3
Parameters: 0.999991 0.00186518 0.00363099 -0.00190137 0.999948 0.00999049 -0.0036126 -0.0099975 0.999943 0.0883491 0.428067 0.0362635
FixedParameters: 0 0 0

#Transform 53
Transform: AffineTransform_float_3_3
Parameters: 0.999989 0.00170711 0.0042175 -0.00175106 0.999943 0.0105323 -0.00419918 -0.0105397 0.999936 0.104189 0.444814 0.0130343
FixedParameters: 0 0 0

#Transform 54
Transform: AffineTransform_float_3_3
Parameters: 0.99999 0.00165157 0.00411431 -0.00169588 0.999939 0.0109487 -0.00409624 -0.0109553 0.999932 0.0939831 0.500408 -0.037665
FixedParameters: 0 0 0

#Transform 55
Transform: AffineTransform_float_3_3
Parameters: 0.999995 0.00190143 0.00261875 -0.00192844 0.999943 0.0104776 -0.00259899 -0.0104824 0.999941 0.0777249 0.527091 -0.728019
FixedParameters: 0 0 0

#Transform 56
Transform: AffineTransform_float_3_3
Parameters: 0.999993 0.00168408 0.0031503 -0.00170955 0.999965 0.00812115 -0.00313635 -0.00812684 0.999962 0.10338 0.422885 -0.751533
FixedParameters: 0 0 0

#Transform 57
Transform: AffineTransform_float_3_3
Parameters: 0.999995 0.00118958 0.00286234 -0.00121272 0.999967 0.00791986 -0.00285281 -0.00792313 0.999964 0.0769453 0.289384 -0.609095
FixedParameters: 0 0 0

#Transform 58
Transform: AffineTransform_float_3_3
Parameters: 0.999994 0.000772416 0.00315737 -0.000794778 0.999975 0.00706904 -0.00315132 -0.00707096 0.99997 0.0871715 0.336599 -0.55067
FixedParameters: 0 0 0

#Transform 59
Transform: AffineTransform_float_3_3
Parameters: 0.999993 0.000915596 0.00343626 -0.000942015 0.999969 0.00772896 -0.00342927 -0.00773204 0.999964 0.104933 0.361054 -0.634552
FixedParameters: 0 0 0

#Transform 60
Transform: AffineTransform_float_3_3
Parameters: 0.99999 0.000966808 0.00425154 -0.00100498 0.999958 0.00909723 -0.00424308 -0.00910177 0.999949 0.125861 0.341399 -0.584462
FixedParameters: 0 0 0

#Transform 61
Transform: AffineTransform_float_3_3
Parameters: 0.999991 0.000797226 0.00433648 -0.000836162 0.999958 0.00901309 -0.004329 -0.00901689 0.99995 0.133639 0.393966 -0.59078
FixedParameters: 0 0 0

#Transform 62
Transform: AffineTransform_float_3_3
Parameters: 0.999991 0.000747994 0.00419414 -0.000785706 0.999959 0.0090112 -0.00418798 -0.00901379 0.999951 0.131298 0.366786 -0.56304
FixedParameters: 0 0 0

#Transform 63
Transform: AffineTransform_float_3_3
Parameters: 0.999988 0.000654336 0.00472361 -0.000698312 0.999957 0.00933009 -0.00471746 -0.00933292 0.999946 0.150676 0.385212 -0.619295
FixedParameters: 0 0 0

#Transform 64
Transform: AffineTransform_float_3_3
Parameters: 0.999992 0.000210631 0.00401649 -0.000240619 0.999971 0.00757149 -0.00401474 -0.00757251 0.999963 0.143713 0.312342 -0.646035
FixedParameters: 0 0 0

#Transform 65
Transform: AffineTransform_float_3_3
Parameters: 0.999992 0.000400469 0.00399471 -0.000429016 0.999974 0.00720515 -0.0039917 -0.00720685 0.999966 0.17396 0.377336 -0.683125
FixedParameters: 0 0 0

#Transform 66
Transform: AffineTransform_float_3_3
Parameters: 0.99999 0.000818371 0.00443224 -0.000852953 0.99997 0.00772094 -0.004426 -0.00772506 0.99996 0.184731 0.2617 -0.586057
FixedParameters: 0 0 0

#Transform 67
Transform: AffineTransform_float_3_3
Parameters: 0.999987 0.00103203 0.00484578 -0.00107107 0.999967 0.00811838 -0.0048373 -0.00812362 0.999955 0.189764 0.320646 -0.650908
FixedParameters: 0 0 0

#Transform 68
Transform: AffineTransform_float_3_3
Parameters: 0.999989 0.000906595 0.00461529 -0.000949211 0.999958 0.00915477 -0.00460695 -0.00915923 0.999947 0.222041 0.414165 -0.664463
FixedParameters: 0 0 0

#Transform 69
Transform: AffineTransform_float_3_3
Parameters: 0.999992 0.00123853 0.00367594 -0.00128001 0.999936 0.0112727 -0.00366155 -0.0112773 0.99993 0.102787 0.488863 -0.179778
FixedParameters: 0 0 0

#Transform 70
Transform: AffineTransform_float_3_3
Parameters: 0.999991 0.0024471 0.00364268 -0.00247947 0.999958 0.00881234 -0.00362061 -0.00882165 0.999954 0.0702032 0.513432 -0.0441005
FixedParameters: 0 0 0

#Transform 71
Transform: AffineTransform_float_3_3
Parameters: 0.999961 0.00861933 0.0015379 -0.0086304 0.999933 0.00772472 -0.00147104 -0.00773828 0.999969 -0.0394905 0.72855 -0.617531
FixedParameters: 0 0 0

#Transform 72
Transform: AffineTransform_float_3_3
Parameters: 0.999768 0.0207189 0.00579909 -0.0207627 0.999755 0.00756904 -0.00564161 -0.00768796 0.999954 -0.249644 0.672065 -0.496628
FixedParameters: 0 0 0

#Transform 73
Transform: AffineTransform_float_3_3
Parameters: 0.999863 0.0154054 0.00616532 -0.0154728 0.99982 0.0109953 -0.00599465 -0.0110887 0.999921 -0.096641 0.762361 -0.398972
FixedParameters: 0 0 0

#Transform 74
Transform: AffineTransform_float_3_3
Parameters: 0.999894 0.012759 0.00691432 -0.0128505 0.99983 0.0132871 -0.00674336 -0.0133749 0.999887 0.0177351 0.808806 -0.523517
FixedParameters: 0 0 0

#Transform 75
Transform: AffineTransform_float_3_3
Parameters: 0.999891 0.0113999 0.00933218 -0.011515 0.999857 0.0123878 -0.00918998 -0.0124942 0.99988 0.148056 0.706625 -0.466194
FixedParameters: 0 0 0

#Transform 76
Transform: AffineTransform_float_3_3
Parameters: 0.999912 0.00973106 0.00908633 -0.00982063 0.999904 0.00980189 -0.00898952 -0.00989009 0.99991 0.107334 0.599515 -0.480546
FixedParameters: 0 0 0

#Transform 77
Transform: AffineTransform_float_3_3
Parameters: 0.999919 0.00932683 0.00864641 -0.00941026 0.999909 0.00964429 -0.0085556 -0.00972471 0.999916 0.132528 0.566837 -0.528375
FixedParameters: 0 0 0

#Transform 78
Transform: AffineTransform_float_3_3
Parameters: 0.999925 0.00858031 0.00879834 -0.00866679 0.999914 0.00986056 -0.00871344 -0.00993643 0.999912 0.175465 0.54341 -0.58506
FixedParameters: 0 0 0

#Transform 79
Transform: AffineTransform_float_3_3
Parameters: 0.999922 0.00789637 0.00968647 -0.00798409 0.999926 0.00914061 -0.00961317 -0.00921739 0.999911 0.199106 0.412471 -0.531567
FixedParameters: 0 0 0

#Transform 80
Transform: AffineTransform_float_3_3
Parameters: 0.999928 0.00724766 0.00949907 -0.00732726 0.999937 0.00838811 -0.00943691 -0.00845688 0.99992 0.193216 0.434097 -0.557314
FixedParameters: 0 0 0

#Transform 81
Transform: AffineTransform_float_3_3
Parameters: 0.999926 0.00698308 0.0098892 -0.00707669 0.99993 0.00946295 -0.00982242 -0.00953204 0.999906 0.223622 0.466993 -0.513031
FixedParameters: 0 0 0

#Transform 82
Transform: AffineTransform_float_3_3
Parameters: 0.999924 0.00672538 0.0103122 -0.00682816 0.999927 0.00993034 -0.010245 -0.00999966 0.999898 0.24855 0.467819 -0.522022
FixedParameters: 0 0 0

#Transform 83
Transform: AffineTransform_float_3_3
Parameters: 0.999922 0.00662228 0.0105832 -0.00672786 0.999928 0.00995684 -0.010516 -0.0100271 0.999894 0.281239 0.473755 -0.524393
FixedParameters: 0 0 0

#Transform 84
Transform: AffineTransform_float_3_3
Parameters: 0.999927 0.0064327 0.010291 -0.00653777 0.999926 0.0102613 -0.0102241 -0.0103277 0.999894 0.26497 0.52469 -0.524578
FixedParameters: 0 0 0

#Transform 85
Transform: AffineTransform_float_3_3
Parameters: 0.999923 0.00641674 0.0106014 -0.00652853 0.999923 0.0105081 -0.010533 -0.0105769 0.999889 0.277232 0.476285 -0.490612
FixedParameters: 0 0 0

#Transform 86
Transform: AffineTransform_float_3_3
Parameters: 0.999923 0.00634855 0.0107306 -0.00646582 0.999919 0.0109896 -0.0106603 -0.0110584 0.999882 0.292866 0.504441 -0.513332
FixedParameters: 0 0 0

#Transform 87
Transform: AffineTransform_float_3_3
Parameters: 0.999918 0.00647771 0.0109848 -0.00660032 0.999916 0.0111572 -0.0109126 -0.0112288 0.999878 0.306086 0.556829 -0.538426
FixedParameters: 0 0 0

#Transform 88
Transform: AffineTransform_float_3_3
Parameters: 0.999919 0.0060359 0.011184 -0.00615619 0.999923 0.0107622 -0.0111176 -0.0108298 0.999879 0.309005 0.522784 -0.485798
FixedParameters: 0 0 0

#Transform 89
Transform: AffineTransform_float_3_3
Parameters: 0.999917 0.0061064 0.0113346 -0.0062336 0.999917 0.0112765 -0.0112644 -0.0113465 0.999873 0.335855 0.586267 -0.528716
FixedParameters: 0 0 0

#Transform 90
Transform: AffineTransform_float_3_3
Parameters: 0.999923 0.00514078 0.0112307 -0.00526536 0.999924 0.011116 -0.0111733 -0.011174 0.999875 0.377761 0.582904 -0.493217
FixedParameters: 0 0 0

#Transform 91
Transform: AffineTransform_float_3_3
Parameters: 0.999941 0.00476773 0.00974701 -0.00488363 0.999917 0.0118962 -0.00968899 -0.0119428 0.999882 0.329334 0.466493 -0.37699
FixedParameters: 0 0 0

#Transform 92
Transform: AffineTransform_float_3_3
Parameters: 0.99995 0.00445669 0.00901532 -0.00455475 0.999929 0.0109613 -0.00896582 -0.0110017 0.9999 0.272477 0.534791 -0.493001
FixedParameters: 0 0 0

#Transform 93
Transform: AffineTransform_float_3_3
Parameters: 0.999952 0.00418706 0.0087815 -0.00427289 0.999944 0.00972331 -0.00873968 -0.0097607 0.999915 0.250989 0.472325 -0.439146
FixedParameters: 0 0 0

#Transform 94
Transform: AffineTransform_float_3_3
Parameters: 0.99995 0.00431657 0.00907739 -0.00442413 0.99992 0.0118551 -0.00902504 -0.011895 0.999889 0.266771 0.566965 -0.404422
FixedParameters: 0 0 0

#Transform 95
Transform: AffineTransform_float_3_3
Parameters: 0.999942 0.00510655 0.00940821 -0.00523698 0.999888 0.0139961 -0.00933584 -0.0140439 0.999858 0.268266 0.758163 -0.493731
FixedParameters: 0 0 0

#Transform 96
Transform: AffineTransform_float_3_3
Parameters: 0.99994 0.00497457 0.00968407 -0.00508477 0.999921 0.0114671 -0.00962673 -0.0115159 0.999887 0.281988 0.57042 -0.283048
FixedParameters: 0 0 0

#Transform 97
Transform: AffineTransform_float_3_3
Parameters: 0.999943 0.0042328 0.00979551 -0.00436832 0.999895 0.0138266 -0.00973569 -0.0138684 0.999857 0.317011 0.502071 0.0704976
FixedParameters: 0 0 0

#Transform 98
Transform: AffineTransform_float_3_3
Parameters: 0.999945 0.00400833 0.0097485 -0.00414715 0.999889 0.0143174 -0.00969009 -0.0143566 0.99985 0.244652 0.907467 -0.480846
FixedParameters: 0 0 0

#Transform 99
Transform: AffineTransform_float_3_3
Parameters: 0.999955 0.00429642 0.00842928 -0.0044081 0.999902 0.0132773 -0.00837181 -0.0133137 0.999876 0.172213 0.841158 -0.385967
FixedParameters: 0 0 0

#Transform 100
Transform: AffineTransform_float_3_3
Parameters: 0.999952 0.00395219 0.00904247 -0.00407671 0.999896 0.0138573 -0.00898655 -0.0138938 0.999864 0.198304 0.682931 -0.223908
FixedParameters: 0 0 0

#Transform 101
Transform: AffineTransform_float_3_3
Parameters: 0.999947 0.00423261 0.00944152 -0.004362 0.999897 0.0136651 -0.00938302 -0.0137059 0.999862 0.211449 0.689234 -0.18604
FixedParameters: 0 0 0

#Transform 102
Transform: AffineTransform_float_3_3
Parameters: 0.999946 0.0042083 0.00942545 -0.00434333 0.999887 0.0143703 -0.00936303 -0.0144107 0.999853 0.211788 0.687604 -0.130095
FixedParameters: 0 0 0

#Transform 103
Transform: AffineTransform_float_3_3
Parameters: 0.999941 0.00432364 0.00997356 -0.00446262 0.999892 0.0139748 -0.00991222 -0.0140182 0.999853 0.22662 0.664585 -0.15366
FixedParameters: 0 0 0

#Transform 104
Transform: AffineTransform_float_3_3
Parameters: 0.999944 0.00389887 0.00982339 -0.00403278 0.999898 0.0137084 -0.00976933 -0.0137466 0.999858 0.244135 0.719972 -0.207819
FixedParameters: 0 0 0

#Transform 105
Transform: AffineTransform_float_3_3
Parameters: 0.999943 0.00419856 0.00974825 -0.00434151 0.999881 0.0147575 -0.00968515 -0.0147985 0.999843 0.241267 0.747713 -0.186176
FixedParameters: 0 0 0

#Transform 106
Transform: AffineTransform_float_3_3
Parameters: 0.999941 0.00452618 0.00985909 -0.00466891 0.999884 0.0144846 -0.00979233 -0.0145294 0.999846 0.239961 0.705699 -0.166559
FixedParameters: 0 0 0

#Transform 107
Transform: AffineTransform_float_3_3
Parameters: 0.999938 0.00439904 0.0101649 -0.0045594 0.999865 0.0158199 -0.0100937 -0.0158651 0.999824 0.245878 0.808962 -0.186273
FixedParameters: 0 0 0

#Transform 108
Transform: AffineTransform_float_3_3
Parameters: 0.999937 0.00459452 0.0102378 -0.00475667 0.999861 0.0159232 -0.010163 -0.0159708 0.999821 0.251756 0.782863 -0.158394
FixedParameters: 0 0 0

#Transform 109
Transform: AffineTransform_float_3_3
Parameters: 0.999938 0.00436668 0.0101818 -0.00449722 0.999908 0.0127903 -0.0101247 -0.0128347 0.999866 0.241128 0.687377 0.0138803
FixedParameters: 0 0 0

#Transform 110
Transform: AffineTransform_float_3_3
Parameters: 0.999946 0.00474406 0.00917288 -0.00487424 0.999886 0.0142754 -0.00910396 -0.0143186 0.999856 0.224605 0.733471 0.363656
FixedParameters: 0 0 0

#Transform 111
Transform: AffineTransform_float_3_3
Parameters: 0.999947 0.0044985 0.00924259 -0.00463655 0.999877 0.0149842 -0.00917339 -0.0150268 0.999845 0.228917 0.795796 0.338615
FixedParameters: 0 0 0

#Transform 112
Transform: AffineTransform_float_3_3
Parameters: 0.999946 0.00462848 0.00932316 -0.00476914 0.999875 0.0150882 -0.0092522 -0.0151318 0.999842 0.231709 0.761761 0.302189
FixedParameters: 0 0 0

#Transform 113
Transform: AffineTransform_float_3_3
Parameters: 0.999944 0.00463139 0.00954183 -0.00477804 0.999871 0.0153842 -0.00946896 -0.0154289 0.999836 0.238326 0.821036 0.241305
FixedParameters: 0 0 0

#Transform 114
Transform: AffineTransform_float_3_3
Parameters: 0.999944 0.00440476 0.00961843 -0.00455406 0.999868 0.015634 -0.00954815 -0.015677 0.999831 0.23262 0.803694 0.302497
FixedParameters: 0 0 0

#Transform 115
Transform: AffineTransform_float_3_3
Parameters: 0.999943 0.00469971 0.00960871 -0.0048645 0.999841 0.0171285 -0.00952703 -0.0171745 0.999807 0.232627 0.868383 0.295998
FixedParameters: 0 0 0

#Transform 116
Transform: AffineTransform_float_3_3
Parameters: 0.999942 0.00465376 0.00964115 -0.00481723 0.999843 0.017005 -0.00956001 -0.017051 0.999809 0.232559 0.864515 0.278753
FixedParameters: 0 0 0

#Transform 117
Transform: AffineTransform_float_3_3
Parameters: 0.999942 0.00430083 0.00993499 -0.00446355 0.999855 0.0164424 -0.00986277 -0.0164856 0.999815 0.252837 0.851565 0.287115
FixedParameters: 0 0 0

#Transform 118
Transform: AffineTransform_float_3_3
Parameters: 0.999943 0.00445346 0.00970303 -0.00461592 0.999848 0.0167761 -0.00962676 -0.0168199 0.999812 0.233754 0.935883 0.248897
FixedParameters: 0 0 0

#Transform 119
Transform: AffineTransform_float_3_3
Parameters: 0.999941 0.00507909 0.0096645 -0.00524688 0.999836 0.0173436 -0.00957474 -0.0173934 0.999802 0.203142 0.920843 0.258261
FixedParameters: 0 0 0
