#Insight Transform File V1.0
#Transform 0
Transform: AffineTransform_float_3_3
Parameters: 0.999999 -0.000173872 -0.0012773 0.000171561 0.999998 -0.00178002 0.0012779 0.00177898 0.999998 0.0220717 0.0484185 0.011142
FixedParameters: 0 0 0

#Transform 1
Transform: AffineTransform_float_3_3
Parameters: 0.999998 -0.000428757 -0.00153794 0.000426425 0.999999 -0.00162785 0.00153797 0.00162815 0.999998 0.0485277 0.0628867 0.0470282
FixedParameters: 0 0 0

#Transform 2
Transform: AffineTransform_float_3_3
Parameters: 0.999999 -0.000319562 -0.00075515 0.000319847 1 -0.000402241 0.000754955 0.000401759 0.999999 0.0451545 0.0494772 0.0540379
FixedParameters: 0 0 0

#Transform 3
Transform: AffineTransform_float_3_3
Parameters: 0.999999 -0.000100112 -0.00156684 9.88802e-05 1 -0.000962951 0.00156612 0.000962049 0.999998 0.0383729 0.0438404 -0.0176325
FixedParameters: 0 0 0

#Transform 4
Transform: AffineTransform_float_3_3
Parameters: 1 -0.000214925 -0.00111154 0.0002122 0.999999 -0.00162683 0.00111178 0.00162717 0.999998 0.0416764 0.0528939 -0.0274267
FixedParameters: 0 0 0

#Transform 5
Transform: AffineTransform_float_3_3
Parameters: 1 -0.000471579 -0.00103241 0.000470715 0.999999 -0.00128249 0.00103271 0.00128151 0.999998 0.0873848 0.0476384 -0.0111929
FixedParameters: 0 0 0

#Transform 6
Transform: AffineTransform_float_3_3
Parameters: 0.999999 -0.000618381 -0.00132124 0.00061709 0.999999 -0.00116341 0.00132177 0.00116259 0.999999 0.0728049 0.0508606 0.00234347
FixedParameters: 0 0 0

#Transform 7
Transform: AffineTransform_float_3_3
Parameters: 0.999998 -0.000571384 -0.00159098 0.000568851 0.999998 -0.0016369 0.00159149 0.0016361 0.999998 0.0800527 0.0259181 -0.019031
FixedParameters: 0 0 0

#Transform 8
Transform: AffineTransform_float_3_3
Parameters: 0.999999 -0.000484063 -0.00127964 0.000482588 0.999999 -0.00127322 0.00127997 0.00127279 0.999999 0.0484645 0.0276176 0.00266259
FixedParameters: 0 0 0

#Transform 9
Transform: AffineTransform_float_3_3
Parameters: 0.999999 -0.000546567 -0.00118049 0.000545042 1 -0.00102364 0.00118116 0.00102236 0.999999 0.0542527 0.0261304 0.00588118
FixedParameters: 0 0 0

#Transform 10
Transform: AffineTransform_float_3_3
Parameters: 0.999999 -0.000325328 -0.000744437 0.0003238 0.999998 -0.00162484 0.000745039 0.00162516 0.999999 0.0270038 0.0502742 -0.0108113
FixedParameters: 0 0 0

#Transform 11
Transform: AffineTransform_float_3_3
Parameters: 1 -0.000195034 -0.000488714 0.000194397 0.999999 -0.00156409 0.000488871 0.0015639 0.999998 0.0172192 0.0578986 0.00873577
FixedParameters: 0 0 0

#Transform 12
Transform: AffineTransform_float_3_3
Parameters: 1 -0.000194944 -0.00048875 0.000194487 0.999999 -0.0013801 0.000488835 0.0013799 0.999999 0.00914746 0.0224396 0.0242786
FixedParameters: 0 0 0

#Transform 13
Transform: AffineTransform_float_3_3
Parameters: 1 -0.000424428 -0.000938619 0.000422854 0.999999 -0.0017884 0.00093923 0.0017876 0.999998 0.00989625 0.0354962 -0.0266475
FixedParameters: 0 0 0

#Transform 14
Transform: AffineTransform_float_3_3
Parameters: 1 -0.000219999 -0.000991164 0.000218239 0.999999 -0.00178822 0.000991043 0.00178778 0.999998 0.00238836 0.0227213 -0.025602
FixedParameters: 0 0 0

#Transform 15
Transform: AffineTransform_float_3_3
Parameters: 1 -8.73341e-05 -0.000543608 8.67331e-05 0.999999 -0.00178805 0.000544359 0.00178795 0.999999 0.00168605 0.111519 -0.05274
FixedParameters: 0 0 0

#Transform 16
Transform: AffineTransform_float_3_3
Parameters: 1 -0.000209222 -0.000481483 0.000208746 0.999999 -0.0014201 0.000481624 0.0014199 0.999999 0.00622711 0.0123444 0.0192512
FixedParameters: 0 0 0

#Transform 17
Transform: AffineTransform_float_3_3
Parameters: 1 0.000564748 -0.00018901 -0.000565858 0.999999 -0.00177789 0.000188344 0.00177811 0.999999 -0.0313565 0.0524194 0.00190873
FixedParameters: 0 0 0

#Transform 18
Transform: AffineTransform_float_3_3
Parameters: 1 0.00117623 0.000330025 -0.00117643 0.999998 0.00164541 -0.000328843 -0.00164559 0.999999 -0.0330173 0.0291109 0.159114
FixedParameters: 0 0 0

#Transform 19
Transform: AffineTransform_float_3_3
Parameters: 1 0.000111898 0.000110362 -0.000112107 0.999999 0.000947987 -0.00011015 -0.000948011 0.999999 -0.00141781 0.0573183 0.0775667
FixedParameters: 0 0 0

#Transform 20
Transform: AffineTransform_float_3_3
Parameters: 1 0.000168278 0.00010643 -0.000168381 1 0.000480982 -0.000106268 -0.000481018 1 0.00292124 -0.0104042 -0.0091371
FixedParameters: 0 0 0

#Transform 21
Transform: AffineTransform_float_3_3
Parameters: 1 -0.000567263 -0.000221952 0.000567249 1 -0.00102313 0.000221768 0.00102288 1 0.0542078 0.0247959 -0.0567742
FixedParameters: 0 0 0

#Transform 22
Transform: AffineTransform_float_3_3
Parameters: 0.999999 -0.000703714 -0.00134851 0.000702021 0.999999 -0.000958141 0.00134941 0.000957858 0.999999 0.06345 0.0268365 -0.0403703
FixedParameters: 0 0 0

#Transform 23
Transform: AffineTransform_float_3_3
Parameters: 1 6.19563e-05 -0.000619382 -6.18363e-05 1 -0.000987963 0.000619699 0.000988039 1 0.00225723 0.0598176 -0.00737145
FixedParameters: 0 0 0

#Transform 24
Transform: AffineTransform_float_3_3
Parameters: 1 -0.000146384 -0.000513373 0.00014584 1 -0.000530075 0.000513527 0.000529925 0.999999 0.0124586 0.0633419 -0.0198953
FixedParameters: 0 0 0

#Transform 25
Transform: AffineTransform_float_3_3
Parameters: 0.999998 -0.00104857 -0.00138747 0.00104768 0.999999 -0.000802648 0.00138736 0.000801353 0.999999 0.0920856 0.0536932 -0.075198
FixedParameters: 0 0 0

#Transform 26
Transform: AffineTransform_float_3_3
Parameters: 1 -0.000733069 -0.000765814 0.000732486 0.999999 -0.00125056 0.000765849 0.00124944 0.999999 0.0510819 0.0473911 -0.0742161
FixedParameters: 0 0 0

#Transform 27
Transform: AffineTransform_float_3_3
Parameters: 1 -0.000486031 -0.000281514 0.000486834 1 -0.000159137 0.000281217 0.000158863 1 0.039625 0.00823128 -0.0505261
FixedParameters: 0 0 0

#Transform 28
Transform: AffineTransform_float_3_3
Parameters: 1 -0.000338945 8.25851e-06 0.000338946 1 -4.69972e-05 -8.22665e-06 4.70028e-05 1 0.0328431 0.0272293 -0.0912354
FixedParameters: 0 0 0

#Transform 29
Transform: AffineTransform_float_3_3
Parameters: 1 -0.000149613 0.000381098 0.000149591 1 -0.000563943 -0.000381821 0.000564057 1 0.0251688 0.0439722 -0.103561
FixedParameters: 0 0 0

#Transform 30
Transform: AffineTransform_float_3_3
Parameters: 1 -0.00033236 0.000473964 0.00033248 1 -0.000603842 -0.000474454 0.000604157 0.999999 0.0286939 0.0659205 -0.0819991
FixedParameters: 0 0 0

#Transform 31
Transform: AffineTransform_float_3_3
Parameters: 0.999999 -0.000566314 0.000448332 0.000566623 1 -0.00084915 -0.000448262 0.000848851 0.999999 0.0288926 0.0483084 -0.0756208
FixedParameters: 0 0 0

#Transform 32
Transform: AffineTransform_float_3_3
Parameters: 0.999999 -0.000508068 0.000563129 0.00050814 0.999999 -0.000465509 -0.000563548 0.000465491 1 0.0299655 0.0270848 -0.0722478
FixedParameters: 0 0 0

#Transform 33
Transform: AffineTransform_float_3_3
Parameters: 0.999999 -0.000507934 0.000563249 0.000508274 0.999999 -0.000702713 -0.000563427 0.000703286 0.999999 0.0216378 0.037549 -0.0959953
FixedParameters: 0 0 0

#Transform 34
Transform: AffineTransform_float_3_3
Parameters: 0.999999 -0.000706483 0.000664549 0.000706574 0.999999 -0.00108053 -0.000663461 0.00108147 0.999999 0.0121459 0.0719507 -0.107875
FixedParameters: 0 0 0

#Transform 35
Transform: AffineTransform_float_3_3
Parameters: 0.999999 -0.000680883 0.000223075 0.000680986 0.999999 -0.00124685 -0.000222269 0.00124715 0.999999 0.0222103 0.0949208 -0.0574207
FixedParameters: 0 0 0

#Transform 36
Transform: AffineTransform_float_3_3
Parameters: 1 -0.000505091 3.72508e-05 0.000504749 0.999999 -0.00149698 -3.66309e-05 0.00149702 0.999999 0.0200566 0.0676041 -0.0652652
FixedParameters: 0 0 0

#Transform 37
Transform: AffineTransform_float_3_3
Parameters: 1 -0.000449432 7.35605e-05 0.00044952 0.999999 -0.000604967 -7.30166e-05 0.000605033 1 0.0245085 0.0127886 -0.0687896
FixedParameters: 0 0 0

#Transform 38
Transform: AffineTransform_float_3_3
Parameters: 1 -0.000278787 0.000446837 0.000279038 0.999999 -0.00078767 -0.000447289 0.000787329 1 0.0208522 0.0653508 -0.0962077
FixedParameters: 0 0 0

#Transform 39
Transform: AffineTransform_float_3_3
Parameters: 1 -0.000254383 0.000434798 0.000254392 0.999999 -0.00155689 -0.000434445 0.00155711 0.999998 0.0166978 0.0823576 -0.0900055
FixedParameters: 0 0 0

#Transform 40
Transform: AffineTransform_float_3_3
Parameters: 1 -0.000291295 0.000362497 0.000290775 1 -0.0011379 -0.000362274 0.00113811 1 0.0135143 0.0506257 -0.0981779
FixedParameters: 0 0 0

#Transform 41
Transform: AffineTransform_float_3_3
Parameters: 1 -0.000493727 -0.000395133 0.000493887 0.999999 -0.000925792 0.000395595 0.000926208 1 0.0117755 0.0759308 -0.0836078
FixedParameters: 0 0 0

#Transform 42
Transform: AffineTransform_float_3_3
Parameters: 1 -0.000289413 -8.77357e-06 0.000289396 0.999999 -0.000925599 9.30955e-06 0.000926401 1 0.00599171 0.0733876 -0.041407
FixedParameters: 0 0 0

#Transform 43
Transform: AffineTransform_float_3_3
Parameters: 1 -0.000402874 0.000143157 0.000402687 1 -0.000926346 -0.000143303 0.000925654 0.999999 0.0270846 0.0255451 -0.0893749
FixedParameters: 0 0 0

#Transform 44
Transform: AffineTransform_float_3_3
Parameters: 0.999999 -0.000733445 -6.32794e-05 0.000734187 0.999999 -0.00117005 6.45441e-05 0.00116995 1 0.0276918 0.069479 -0.0703325
FixedParameters: 0 0 0

#Transform 45
Transform: AffineTransform_float_3_3
Parameters: 1 -0.000440924 6.84356e-05 0.000441097 0.999999 -0.00127697 -6.73092e-05 0.00127703 0.999999 0.0127923 0.0870007 -0.0523919
FixedParameters: 0 0 0

#Transform 46
Transform: AffineTransform_float_3_3
Parameters: 0.999999 -0.000816161 0.00025928 0.000817193 0.999999 -0.00114279 -0.000258758 0.00114321 1 0.0250242 0.066718 -0.0214559
FixedParameters: 0 0 0

#Transform 47
Transform: AffineTransform_float_3_3
Parameters: 0.999999 -0.000816124 0.000259396 0.000817229 0.999999 -0.00128479 -0.000258642 0.00128521 0.999999 0.0312034 0.0869321 -0.0726244
FixedParameters: 0 0 0

#Transform 48
Transform: AffineTransform_float_3_3
Parameters: 1 -0.000587982 0.000143246 0.000588332 0.999999 -0.00122692 -0.000141802 0.00122708 0.999999 0.0296647 0.0535482 -0.0753134
FixedParameters: 0 0 0

#Transform 49
Transform: AffineTransform_float_3_3
Parameters: 1 -0.000339309 0.000566172 0.000340111 0.999999 -0.000707807 -0.000565691 0.000708192 0.999999 0.00996036 0.0379737 -0.0150414
FixedParameters: 0 0 0

#Transform 50
Transform: AffineTransform_float_3_3
Parameters: 0.999999 -0.000709488 9.64297e-05 0.000709319 0.999999 -0.00147714 -9.52252e-05 0.00147786 0.999998 0.0347934 0.0910232 -0.0536529
FixedParameters: 0 0 0

#Transform 51
Transform: AffineTransform_float_3_3
Parameters: 0.999999 -0.000865459 -0.000210613 0.000864624 1 -0.000905388 0.000211288 0.000905613 1 0.0444591 0.0648364 -0.060052
FixedParameters: 0 0 0

#Transform 52
Transform: AffineTransform_float_3_3
Parameters: 1 -0.000665398 0.000183147 0.000665636 0.999998 -0.00189388 -0.000181517 0.00189412 0.999998 0.0499845 0.093707 -0.136237
FixedParameters: 0 0 0

#Transform 53
Transform: AffineTransform_float_3_3
Parameters: 0.999999 -0.000695828 0.000431788 0.000696697 0.999999 -0.0015331 -0.000430545 0.0015329 0.999999 0.0240636 0.083169 -0.0955394
FixedParameters: 0 0 0

#Transform 54
Transform: AffineTransform_float_3_3
Parameters: 0.999999 -0.000955174 0.000330096 0.000955528 0.999999 -0.00122369 -0.000328649 0.00122431 0.999999 0.034078 0.0560179 -0.101876
FixedParameters: 0 0 0

#Transform 55
Transform: AffineTransform_float_3_3
Parameters: 1 -0.00117909 0.000227359 0.00117914 0.999998 -0.00112473 -0.000225598 0.00112527 1 0.0451766 0.0623129 -0.0961632
FixedParameters: 0 0 0

#Transform 56
Transform: AffineTransform_float_3_3
Parameters: 0.999999 -0.000681579 0.000190808 0.000682012 0.999999 -0.00114087 -0.000189252 0.00114113 1 0.0382901 0.0725034 -0.0833543
FixedParameters: 0 0 0

#Transform 57
Transform: AffineTransform_float_3_3
Parameters: 0.999999 -0.000845457 -3.26587e-05 0.000844973 0.999999 -0.000488027 3.25919e-05 0.000487972 1 0.038516 0.0325155 -0.132642
FixedParameters: 0 0 0

#Transform 58
Transform: AffineTransform_float_3_3
Parameters: 0.999999 -0.000844648 8.22741e-05 0.000845341 0.999999 -0.00154833 -8.10022e-05 0.00154767 0.999999 0.0389582 0.0888323 -0.14764
FixedParameters: 0 0 0

#Transform 59
Transform: AffineTransform_float_3_3
Parameters: 1 -0.000962948 -0.000262857 0.000962736 0.999999 -0.00123625 0.000263893 0.00123575 0.999999 0.0463513 0.0391134 -0.145046
FixedParameters: 0 0 0

#Transform 60
Transform: AffineTransform_float_3_3
Parameters: 0.999999 -0.000911161 -0.000161719 0.000911365 0.999999 -0.000728147 0.000161701 0.000727852 0.999999 0.0372429 0.0632592 -0.152365
FixedParameters: 0 0 0

#Transform 61
Transform: AffineTransform_float_3_3
Parameters: 1 -0.000991212 0.000331762 0.000991472 1 -0.000393075 -0.000330983 0.000392925 1 0.0362191 0.0270909 -0.154927
FixedParameters: 0 0 0

#Transform 62
Transform: AffineTransform_float_3_3
Parameters: 0.999999 -0.000504009 -0.000619806 0.000503229 0.999999 -0.00134731 0.00062071 0.00134669 0.999999 0.0176565 0.0767335 -0.0863209
FixedParameters: 0 0 0

#Transform 63
Transform: AffineTransform_float_3_3
Parameters: 0.999999 -0.000741138 -6.54469e-05 0.000742146 0.99999 0.00424295 6.22811e-05 -0.00424305 0.999991 0.0317731 -0.0168146 0.115341
FixedParameters: 0 0 0

#Transform 64
Transform: AffineTransform_float_3_3
Parameters: 0.999999 -0.000743741 -0.000309508 0.000744189 0.999995 0.00288577 0.00030701 -0.00288623 0.999996 0.0354819 0.0649525 -0.0685635
FixedParameters: 0 0 0

#Transform 65
Transform: AffineTransform_float_3_3
Parameters: 0.999999 -0.000752974 0.000265889 0.000751489 0.999998 0.0019612 -0.000267495 -0.0019608 0.999998 0.0334804 0.0243538 -0.117001
FixedParameters: 0 0 0

#Transform 66
Transform: AffineTransform_float_3_3
Parameters: 1 -0.000813989 0.000743959 0.000812348 0.999998 0.00171061 -0.000744956 -0.0017094 0.999999 0.0194082 0.0551767 -0.0861272
FixedParameters: 0 0 0

#Transform 67
Transform: AffineTransform_float_3_3
Parameters: 0.999999 -0.000959841 0.00089194 0.00095769 0.999998 0.00145766 -0.000893843 -0.00145734 0.999999 0.0268553 0.0391563 -0.0534652
FixedParameters: 0 0 0

#Transform 68
Transform: AffineTransform_float_3_3
Parameters: 0.999999 -0.00105331 0.000707079 0.00105198 0.999998 0.00157455 -0.00070861 -0.00157445 0.999999 0.0287892 0.0271791 -0.0908763
FixedParameters: 0 0 0

#Transform 69
Transform: AffineTransform_float_3_3
Parameters: 0.999999 -0.000949893 0.000910755 0.000949541 0.999999 0.000441666 -0.000910702 -0.000441334 1 0.00810865 0.0460815 -0.109164
FixedParameters: 0 0 0

#Transform 70
Transform: AffineTransform_float_3_3
Parameters: 0.999999 -0.000920773 0.000968949 0.000919394 0.999999 0.00117869 -0.000969334 -0.00117831 0.999999 0.0125763 0.0221091 -0.0899945
FixedParameters: 0 0 0

#Transform 71
Transform: AffineTransform_float_3_3
Parameters: 0.999999 -0.00101967 0.000773468 0.00101821 0.999999 0.00123759 -0.000775098 -0.00123741 0.999999 0.0278671 0.0457809 -0.109324
FixedParameters: 0 0 0

#Transform 72
Transform: AffineTransform_float_3_3
Parameters: 0.999999 -0.0012114 0.000981162 0.00121046 0.999998 0.000708989 -0.000981986 -0.00070801 0.999999 0.038363 0.0649468 -0.103264
FixedParameters: 0 0 0

#Transform 73
Transform: AffineTransform_float_3_3
Parameters: 0.999999 -0.00113066 0.000863947 0.00112977 0.999999 0.000775573 -0.000864807 -0.000774426 0.999999 0.0387751 0.0505918 -0.0904797
FixedParameters: 0 0 0

#Transform 74
Transform: AffineTransform_float_3_3
Parameters: 0.999998 -0.00143361 0.00133918 0.00143262 0.999999 0.000709317 -0.00133943 -0.000707683 0.999999 0.0176319 0.0549937 -0.0531066
FixedParameters: 0 0 0

#Transform 75
Transform: AffineTransform_float_3_3
Parameters: 0.999999 -0.00142952 0.00112828 0.00142933 0.999998 0.000880012 -0.00112946 -0.000878989 0.999999 0.0241166 0.0504648 -0.0645666
FixedParameters: 0 0 0

#Transform 76
Transform: AffineTransform_float_3_3
Parameters: 0.999998 -0.00141094 0.00138474 0.0014087 0.999999 0.00130035 -0.00138573 -0.00129865 0.999998 0.0237203 0.0165854 -0.0476335
FixedParameters: 0 0 0

#Transform 77
Transform: AffineTransform_float_3_3
Parameters: 0.999997 -0.00183758 0.00174361 0.00183381 0.999996 0.0022416 -0.00174828 -0.0022374 0.999996 0.0194561 0.0468816 0.0216815
FixedParameters: 0 0 0

#Transform 78
Transform: AffineTransform_float_3_3
Parameters: 0.999997 -0.00172595 0.00196249 0.00172332 0.999998 0.00112659 -0.00196504 -0.00112341 0.999997 0.0163408 0.0606107 -0.0389555
FixedParameters: 0 0 0

#Transform 79
Transform: AffineTransform_float_3_3
Parameters: 0.999996 -0.00178589 0.00184391 0.00178418 0.999998 0.00107549 -0.00184552 -0.00107251 0.999998 0.02114 0.0324445 -0.0693929
FixedParameters: 0 0 0

#Transform 80
Transform: AffineTransform_float_3_3
Parameters: 0.999998 -0.00162211 0.00166429 0.00162135 0.999999 0.000771303 -0.00166545 -0.000768699 0.999999 0.0133229 0.0497494 -0.0531979
FixedParameters: 0 0 0

#Transform 81
Transform: AffineTransform_float_3_3
Parameters: 0.999996 -0.00179183 0.00185005 0.00178979 0.999998 0.00115851 -0.00185197 -0.00115549 0.999998 0.0136587 0.0540764 0.0183026
FixedParameters: 0 0 0

#Transform 82
Transform: AffineTransform_float_3_3
Parameters: 0.999996 -0.00176881 0.00189649 0.0017653 0.999997 0.00163996 -0.00189916 -0.00163604 0.999997 0.0107382 0.0363363 -0.025306
FixedParameters: 0 0 0

#Transform 83
Transform: AffineTransform_float_3_3
Parameters: 0.99999 -0.000958448 0.00420209 0.000945864 0.999995 0.00298986 -0.00420517 -0.00298614 0.999987 -0.0379198 -0.0148684 0.0769735
FixedParameters: 0 0 0

#Transform 84
Transform: AffineTransform_float_3_3
Parameters: 0.999996 -0.00146802 0.00247369 0.00146544 0.999998 0.000888044 -0.00247496 -0.000883955 0.999997 0.00656478 0.0918357 -0.137724
FixedParameters: 0 0 0

#Transform 85
Transform: AffineTransform_float_3_3
Parameters: 0.999997 -0.00154256 0.00182598 0.00154294 0.999998 -0.000225581 -0.00182617 0.00022842 0.999998 0.00854108 0.0478567 -0.16637
FixedParameters: 0 0 0

#Transform 86
Transform: AffineTransform_float_3_3
Parameters: 0.999997 -0.00155713 0.00177117 0.00155718 0.999999 -1.18442e-05 -0.00177113 1.51557e-05 0.999998 0.0116088 0.0622768 -0.146538
FixedParameters: 0 0 0

#Transform 87
Transform: AffineTransform_float_3_3
Parameters: 0.999997 -0.00171525 0.00183497 0.0017154 0.999999 -0.000163654 -0.0018353 0.000166347 0.999998 0.00556224 0.0592422 -0.16018
FixedParameters: 0 0 0

#Transform 88
Transform: AffineTransform_float_3_3
Parameters: 0.999996 -0.00176541 0.0018588 0.00176512 0.999998 0.000440481 -0.00185991 -0.000437519 0.999998 0.00705939 0.0815453 -0.146642
FixedParameters: 0 0 0

#Transform 89
Transform: AffineTransform_float_3_3
Parameters: 0.999995 -0.00174375 0.00241104 0.00174232 0.999999 0.000672608 -0.00241205 -0.000668393 0.999997 0.00479024 0.0443385 -0.113306
FixedParameters: 0 0 0

#Transform 90
Transform: AffineTransform_float_3_3
Parameters: 0.999996 -0.00175735 0.00243938 0.00175567 0.999999 0.000621689 -0.00244111 -0.000617309 0.999996 0.00111312 0.0612324 -0.157879
FixedParameters: 0 0 0

#Transform 91
Transform: AffineTransform_float_3_3
Parameters: 0.999996 -0.00167179 0.00228456 0.0016713 0.999998 0.000403832 -0.00228546 -0.000400169 0.999998 -2.05368e-06 0.0537818 -0.156208
FixedParameters: 0 0 0

#Transform 92
Transform: AffineTransform_float_3_3
Parameters: 0.999996 -0.00200513 0.00198063 0.00200475 0.999998 0.000323767 -0.00198238 -0.000320231 0.999998 -0.00206648 0.0543674 -0.128234
FixedParameters: 0 0 0

#Transform 93
Transform: AffineTransform_float_3_3
Parameters: 0.999995 -0.00171132 0.00243453 0.00171052 0.999999 0.000441775 -0.00243559 -0.000438226 0.999997 -0.02697 0.0783828 -0.105351
FixedParameters: 0 0 0

#Transform 94
Transform: AffineTransform_float_3_3
Parameters: 0.999995 -0.00186615 0.00225357 0.0018664 0.999999 -0.000153391 -0.00225388 0.000157611 0.999998 -0.0308796 0.0613836 -0.0969374
FixedParameters: 0 0 0

#Transform 95
Transform: AffineTransform_float_3_3
Parameters: 0.999994 -0.00188742 0.00298098 0.00188626 0.999999 0.000497439 -0.00298152 -0.000491563 0.999995 -0.0360812 0.0103765 -0.0733109
FixedParameters: 0 0 0

#Transform 96
Transform: AffineTransform_float_3_3
Parameters: 0.999995 -0.0019302 0.00254389 0.00192729 0.999998 0.000927112 -0.00254613 -0.000922885 0.999996 -0.0109342 0.0242859 -0.114902
FixedParameters: 0 0 0

#Transform 97
Transform: AffineTransform_float_3_3
Parameters: 0.999996 -0.00183544 0.00245438 0.00183258 0.999998 0.00095111 -0.00245653 -0.000946887 0.999996 -0.00960781 0.0493942 -0.0892891
FixedParameters: 0 0 0

#Transform 98
Transform: AffineTransform_float_3_3
Parameters: 0.999995 -0.0015653 0.00250874 0.00156049 0.999997 0.00194373 -0.0025117 -0.00193927 0.999995 -0.00299421 0.059601 -0.0226482
FixedParameters: 0 0 0

#Transform 99
Transform: AffineTransform_float_3_3
Parameters: 0.999998 -0.00137802 0.00177524 0.00137623 0.999999 0.00113684 -0.00177614 -0.00113416 0.999997 -0.000625266 0.0343004 -0.0739084
FixedParameters: 0 0 0

#Transform 100
Transform: AffineTransform_float_3_3
Parameters: 0.999996 -0.0018942 0.0017469 0.00189301 0.999997 0.000855912 -0.0017488 -0.000852088 0.999998 0.0210598 0.0341391 -0.134442
FixedParameters: 0 0 0

#Transform 101
Transform: AffineTransform_float_3_3
Parameters: 0.999997 -0.00163249 0.00190102 0.00163056 0.999998 0.000980705 -0.00190289 -0.000977294 0.999998 -0.00144189 0.0366673 -0.0921128
FixedParameters: 0 0 0

#Transform 102
Transform: AffineTransform_float_3_3
Parameters: 0.999997 -0.00179588 0.00161448 0.00179341 0.999997 0.00159989 -0.0016171 -0.00159711 0.999997 0.000608754 0.0658107 -0.0929473
FixedParameters: 0 0 0

#Transform 103
Transform: AffineTransform_float_3_3
Parameters: 0.999997 -0.00172778 0.00200567 0.00172547 0.999998 0.00125166 -0.00200687 -0.00124834 0.999997 -0.00559555 0.0651548 -0.0950117
FixedParameters: 0 0 0

#Transform 104
Transform: AffineTransform_float_3_3
Parameters: 0.999995 -0.00192605 0.00268292 0.00192221 0.999997 0.00163778 -0.00268611 -0.00163223 0.999995 -0.000170053 0.0454424 -0.0802531
FixedParameters: 0 0 0

#Transform 105
Transform: AffineTransform_float_3_3
Parameters: 0.999995 -0.00174522 0.00288184 0.00174204 0.999998 0.00125384 -0.00288489 -0.00124916 0.999995 -0.0146449 0.0649191 -0.0448399
FixedParameters: 0 0 0

#Transform 106
Transform: AffineTransform_float_3_3
Parameters: 0.999996 -0.00178259 0.00251428 0.00177829 0.999997 0.00156909 -0.0025172 -0.00156491 0.999995 -0.0229258 0.0876635 0.144653
FixedParameters: 0 0 0

#Transform 107
Transform: AffineTransform_float_3_3
Parameters: 0.999996 -0.00186957 0.00202916 0.00186423 0.999995 0.00242299 -0.00203375 -0.00241901 0.999994 -0.0134473 0.047366 0.049825
FixedParameters: 0 0 0

#Transform 108
Transform: AffineTransform_float_3_3
Parameters: 0.999996 -0.00192586 0.00199824 0.00191966 0.999994 0.00278725 -0.00200361 -0.00278375 0.999994 0.00844911 0.03233 -0.0629342
FixedParameters: 0 0 0

#Transform 109
Transform: AffineTransform_float_3_3
Parameters: 0.999995 -0.00205019 0.00217735 0.00204546 0.999995 0.00242646 -0.0021824 -0.00242254 0.999994 -0.00565473 0.0875023 -0.0567663
FixedParameters: 0 0 0

#Transform 110
Transform: AffineTransform_float_3_3
Parameters: 0.999996 -0.0017035 0.00194417 0.00169811 0.999995 0.00288591 -0.0019491 -0.00288209 0.999994 -0.00269155 0.00439822 -0.0394773
FixedParameters: 0 0 0

#Transform 111
Transform: AffineTransform_float_3_3
Parameters: 0.999996 -0.00195933 0.00207116 0.00195152 0.999992 0.00351046 -0.00207821 -0.00350654 0.999992 0.00451856 0.0416599 -0.0288208
FixedParameters: 0 0 0

#Transform 112
Transform: AffineTransform_float_3_3
Parameters: 0.999996 -0.00193002 0.00212981 0.00192244 0.999991 0.00367451 -0.00213685 -0.00367049 0.999991 0.0147044 0.0184837 -0.015416
FixedParameters: 0 0 0

#Transform 113
Transform: AffineTransform_float_3_3
Parameters: 0.999997 -0.00223795 0.00151673 0.00223349 0.999993 0.00295199 -0.00152324 -0.00294901 0.999994 0.0182875 0.0578817 -0.067582
FixedParameters: 0 0 0

#Transform 114
Transform: AffineTransform_float_3_3
Parameters: 0.999996 -0.00209426 0.00180149 0.00208986 0.999994 0.00259397 -0.001807 -0.00259003 0.999995 0.00513856 0.0536505 -0.0582039
FixedParameters: 0 0 0

#Transform 115
Transform: AffineTransform_float_3_3
Parameters: 0.999996 -0.0024094 0.000911465 0.00240948 0.999997 -0.00028922 -0.000910956 0.000291781 0.999999 0.0487082 0.0840485 -0.159979
FixedParameters: 0 0 0

#Transform 116
Transform: AffineTransform_float_3_3
Parameters: 0.999996 -0.00292095 0.000773732 0.00292148 0.999994 -0.00151277 -0.000768454 0.00151523 0.999998 0.07323 0.119285 -0.219573
FixedParameters: 0 0 0

#Transform 117
Transform: AffineTransform_float_3_3
Parameters: 0.999996 -0.00273833 0.00094001 0.00273854 0.999995 -0.000829247 -0.000938137 0.000831753 0.999999 0.0740572 0.0403337 -0.182366
FixedParameters: 0 0 0

#Transform 118
Transform: AffineTransform_float_3_3
Parameters: 0.999995 -0.00272352 0.00106656 0.00272549 0.999995 -0.00135192 -0.00106321 0.00135508 0.999998 0.0558708 0.0841566 -0.201691
FixedParameters: 0 0 0

#Transform 119
Transform: AffineTransform_float_3_3
Parameters: 0.999994 -0.00310938 0.00160024 0.00311791 0.999978 -0.00580247 -0.00158147 0.00580753 0.999982 0.0545313 0.110874 -0.244722
FixedParameters: 0 0 0
