#Insight Transform File V1.0
#Transform 0
Transform: AffineTransform_float_3_3
Parameters: 0.999998 0.00219784 -0.000506439 -0.00219451 0.999977 0.00640095 0.000520845 -0.00639932 0.99998 -0.0244559 -0.0586306 0.356
FixedParameters: 0 0 0

#Transform 1
Transform: AffineTransform_float_3_3
Parameters: 0.999998 0.00153488 -0.000430565 -0.00153216 0.999979 0.00624257 0.000440095 -0.00624259 0.99998 -0.0275116 -0.00493258 0.297686
FixedParameters: 0 0 0

#Transform 2
Transform: AffineTransform_float_3_3
Parameters: 0.999998 0.00183968 -0.000444949 -0.00183656 0.999984 0.00545907 0.000455017 -0.00545804 0.999985 -0.0852503 -0.0638627 0.268197
FixedParameters: 0 0 0

#Transform 3
Transform: AffineTransform_float_3_3
Parameters: 0.999998 0.00207843 -5.96356e-05 -0.00207796 0.999981 0.00573985 7.18361e-05 -0.00573952 0.999984 -0.112314 -0.061412 0.278132
FixedParameters: 0 0 0

#Transform 4
Transform: AffineTransform_float_3_3
Parameters: 0.999999 0.00142129 0.000480227 -0.00142331 0.999991 0.00409706 -0.000474666 -0.00409768 0.999992 -0.0814632 -0.0805784 0.213003
FixedParameters: 0 0 0

#Transform 5
Transform: AffineTransform_float_3_3
Parameters: 0.999998 0.00137158 0.000880308 -0.00137487 0.999991 0.00390221 -0.000874192 -0.0039039 0.999992 -0.0595067 -0.0649428 0.142619
FixedParameters: 0 0 0

#Transform 6
Transform: AffineTransform_float_3_3
Parameters: 0.999999 0.000927326 0.00117632 -0.000931127 0.999995 0.00304796 -0.00117303 -0.00304946 0.999995 -0.0546351 -0.0614171 0.0787195
FixedParameters: 0 0 0

#Transform 7
Transform: AffineTransform_float_3_3
Parameters: 0.999998 0.00121835 0.00152171 -0.00122209 0.999997 0.00233263 -0.0015184 -0.00233425 0.999997 -0.0659613 -0.0735406 0.0184449
FixedParameters: 0 0 0

#Transform 8
Transform: AffineTransform_float_3_3
Parameters: 0.999998 0.00120578 0.00169163 -0.0012081 0.999998 0.00167598 -0.00168998 -0.00167866 0.999997 -0.0729925 -0.0892587 -0.0267986
FixedParameters: 0 0 0

#Transform 9
Transform: AffineTransform_float_3_3
Parameters: 0.999997 0.00141992 0.0016077 -0.00142325 0.999998 0.00167612 -0.00160588 -0.00167927 0.999997 -0.086524 -0.0818603 -0.0460023
FixedParameters: 0 0 0

#Transform 10
Transform: AffineTransform_float_3_3
Parameters: 0.999999 0.00142185 0.0011288 -0.00142374 0.999998 0.00150161 -0.00112619 -0.00150335 0.999998 -0.0972852 -0.0821834 -0.0329618
FixedParameters: 0 0 0

#Transform 11
Transform: AffineTransform_float_3_3
Parameters: 0.999998 0.00138992 0.00152321 -0.00139198 0.999999 0.000858285 -0.00152212 -0.000861107 0.999998 -0.104578 -0.0635192 -0.0778263
FixedParameters: 0 0 0

#Transform 12
Transform: AffineTransform_float_3_3
Parameters: 0.999999 0.00112362 0.000848084 -0.00112509 0.999999 0.00119911 -0.000846684 -0.00120028 0.999999 -0.0640788 -0.0580858 -0.0741053
FixedParameters: 0 0 0

#Transform 13
Transform: AffineTransform_float_3_3
Parameters: 0.999999 0.000592916 0.00125945 -0.00059434 0.999999 0.00130474 -0.00125863 -0.00130556 0.999999 -0.0468598 -0.0473713 -0.0273255
FixedParameters: 0 0 0

#Transform 14
Transform: AffineTransform_float_3_3
Parameters: 0.999998 0.000290651 0.00162959 -0.000291619 0.999999 0.000867812 -0.00162981 -0.000868131 0.999999 -0.00552234 -0.0190456 -0.041903
FixedParameters: 0 0 0

#Transform 15
Transform: AffineTransform_float_3_3
Parameters: 1 0.000461102 0.000919017 -0.000461424 0.999999 0.000681068 -0.000918755 -0.000681235 1 0.00602148 -0.0171091 -0.0197284
FixedParameters: 0 0 0

#Transform 16
Transform: AffineTransform_float_3_3
Parameters: 0.999999 0.000183167 0.00131624 -0.000184958 1 0.000680594 -0.00131599 -0.000680396 0.999999 0.00146134 -0.0235365 0.00195343
FixedParameters: 0 0 0

#Transform 17
Transform: AffineTransform_float_3_3
Parameters: 1 0.000248734 0.000477071 -0.000248432 1 0.000657973 -0.000477111 -0.000658211 0.999999 0.01617 -0.0101538 0.0326325
FixedParameters: 0 0 0

#Transform 18
Transform: AffineTransform_float_3_3
Parameters: 1 -0.00010431 -3.10198e-05 0.000104745 1 0.00108086 3.17272e-05 -0.00108087 1 0.035339 0.026472 0.0189624
FixedParameters: 0 0 0

#Transform 19
Transform: AffineTransform_float_3_3
Parameters: 1 0.000123526 0.000418882 -0.000123359 1 -0.000199115 -0.000418931 0.000199011 1 0.018383 0.000542304 -0.0191852
FixedParameters: 0 0 0

#Transform 20
Transform: AffineTransform_float_3_3
Parameters: 1 -0.000106551 8.38166e-05 0.000106465 1 0.000514799 -8.39263e-05 -0.000514781 1 0.00443505 0.000514565 0.000829095
FixedParameters: 0 0 0

#Transform 21
Transform: AffineTransform_float_3_3
Parameters: 1 7.51364e-05 -0.000128477 -7.51356e-05 1 3.19965e-06 0.000128477 -3.18034e-06 1 -0.000487456 -0.000962401 -0.023364
FixedParameters: 0 0 0

#Transform 22
Transform: AffineTransform_float_3_3
Parameters: 1 0.000398664 -0.000194409 -0.000398461 1 0.000519796 0.000194823 -0.000519641 1 -0.00925035 -0.0114622 0.00251166
FixedParameters: 0 0 0

#Transform 23
Transform: AffineTransform_float_3_3
Parameters: 1 0.000415199 -0.000410678 -0.000415094 1 0.000128042 0.000410785 -0.000127701 1 -0.00896415 -0.00350815 0.0272107
FixedParameters: 0 0 0

#Transform 24
Transform: AffineTransform_float_3_3
Parameters: 1 0.000404962 -0.000436752 -0.000404869 1 0.000107049 0.000436839 -0.000106695 1 -0.0155144 -0.00574399 0.0464764
FixedParameters: 0 0 0

#Transform 25
Transform: AffineTransform_float_3_3
Parameters: 1 0.000230305 -1.98624e-05 -0.000230318 1 -0.000330636 1.97101e-05 0.000330645 1 0.00549244 0.0228336 -0.00635509
FixedParameters: 0 0 0

#Transform 26
Transform: AffineTransform_float_3_3
Parameters: 1 0.000576516 -5.00515e-06 -0.000576156 0.999999 -0.000674124 5.15855e-06 0.000674129 1 -0.0147954 -0.0108935 0.00628364
FixedParameters: 0 0 0

#Transform 27
Transform: AffineTransform_float_3_3
Parameters: 0.999999 0.000514924 -0.000626216 -0.000516188 0.999999 -0.00130253 0.000625806 0.00130317 0.999999 -0.0298072 -0.00210385 0.000945047
FixedParameters: 0 0 0

#Transform 28
Transform: AffineTransform_float_3_3
Parameters: 0.999999 0.000552198 -0.000641026 -0.000553614 0.999998 -0.0013913 0.000640422 0.00139127 0.999999 -0.0438847 0.00557765 -0.00218879
FixedParameters: 0 0 0

#Transform 29
Transform: AffineTransform_float_3_3
Parameters: 0.999999 0.000476875 -0.000611234 -0.000477277 0.999998 -0.00139049 0.000610475 0.00139034 0.999999 -0.0437712 0.00582735 0.0162464
FixedParameters: 0 0 0

#Transform 30
Transform: AffineTransform_float_3_3
Parameters: 1 0.000531513 3.70065e-05 -0.000531026 0.999998 -0.00160024 -3.77733e-05 0.0016002 0.999998 -0.0696151 0.00996243 -0.0229595
FixedParameters: 0 0 0

#Transform 31
Transform: AffineTransform_float_3_3
Parameters: 1 0.000582724 0.000195438 -0.000583158 0.999999 -0.00126135 -0.000196539 0.00126112 0.999999 -0.08033 -0.0024328 -0.0163405
FixedParameters: 0 0 0

#Transform 32
Transform: AffineTransform_float_3_3
Parameters: 1 0.000324539 -0.000328134 -0.000324164 0.999999 -0.00084721 0.000327218 0.000847421 0.999999 -0.0475556 -0.0143799 -0.0280806
FixedParameters: 0 0 0

#Transform 33
Transform: AffineTransform_float_3_3
Parameters: 1 0.000432775 -0.000371048 -0.000433625 0.999999 -0.00114797 0.000370057 0.00114829 1 -0.0680909 -0.0134816 -0.0191028
FixedParameters: 0 0 0

#Transform 34
Transform: AffineTransform_float_3_3
Parameters: 1 0.000125175 -0.000249514 -0.000125837 0.999999 -0.00132963 0.000249183 0.0013297 0.999999 -0.0801846 0.00578104 -0.044511
FixedParameters: 0 0 0

#Transform 35
Transform: AffineTransform_float_3_3
Parameters: 1 0.000528211 -0.00013283 -0.000528332 0.999998 -0.00185206 0.00013181 0.0018522 0.999999 -0.096746 0.0296868 -0.0197724
FixedParameters: 0 0 0

#Transform 36
Transform: AffineTransform_float_3_3
Parameters: 1 0.000597625 4.30291e-05 -0.000597105 0.999999 -0.00173615 -4.41668e-05 0.0017361 0.999999 -0.1105 0.0146597 -0.013366
FixedParameters: 0 0 0

#Transform 37
Transform: AffineTransform_float_3_3
Parameters: 1 0.000150589 0.000117795 -0.000150998 0.999997 -0.00220186 -0.000118087 0.00220183 0.999997 -0.0913428 0.0275946 -0.0485981
FixedParameters: 0 0 0

#Transform 38
Transform: AffineTransform_float_3_3
Parameters: 1 0.000313043 0.000526694 -0.000312428 0.999997 -0.00234501 -0.000527419 0.00234468 0.999997 -0.0974536 0.0181668 -0.0381568
FixedParameters: 0 0 0

#Transform 39
Transform: AffineTransform_float_3_3
Parameters: 1 0.000313665 0.000526418 -0.000312728 0.999997 -0.00265001 -0.000527332 0.00264968 0.999997 -0.0940855 0.0439012 -0.0269695
FixedParameters: 0 0 0

#Transform 40
Transform: AffineTransform_float_3_3
Parameters: 0.999999 0.000764486 -8.48733e-05 -0.000765085 0.999997 -0.00240773 8.3427e-05 0.00240786 0.999997 -0.0983241 0.0290077 0.00568159
FixedParameters: 0 0 0

#Transform 41
Transform: AffineTransform_float_3_3
Parameters: 0.999999 0.00069831 0.000373765 -0.000696939 0.999996 -0.00257309 -0.000376046 0.00257325 0.999997 -0.095984 0.0317466 -0.000306061
FixedParameters: 0 0 0

#Transform 42
Transform: AffineTransform_float_3_3
Parameters: 0.999999 0.000441981 0.000555126 -0.00044012 0.999997 -0.00250691 -0.000556962 0.00250642 0.999996 -0.0990735 0.0129266 0.0119345
FixedParameters: 0 0 0

#Transform 43
Transform: AffineTransform_float_3_3
Parameters: 1 0.000481565 0.000459676 -0.000480334 0.999995 -0.00295443 -0.000460839 0.00295467 0.999996 -0.0945576 0.0273905 -0.0212196
FixedParameters: 0 0 0

#Transform 44
Transform: AffineTransform_float_3_3
Parameters: 1 0.000544659 0.000434623 -0.000542689 0.999995 -0.00290368 -0.000436471 0.0029032 0.999995 -0.0854216 0.0392614 -0.00805202
FixedParameters: 0 0 0

#Transform 45
Transform: AffineTransform_float_3_3
Parameters: 1 0.000482019 0.000275408 -0.000480819 0.999995 -0.00317871 -0.000277157 0.00317917 0.999994 -0.0931102 0.0108737 -0.0109351
FixedParameters: 0 0 0

#Transform 46
Transform: AffineTransform_float_3_3
Parameters: 1 0.000524702 0.000245591 -0.00052377 0.999996 -0.00302249 -0.000247448 0.00302223 0.999996 -0.0968902 0.0180554 -0.0132428
FixedParameters: 0 0 0

#Transform 47
Transform: AffineTransform_float_3_3
Parameters: 1 0.00032091 1.66406e-05 -0.00032043 0.999995 -0.00311854 -1.7695e-05 0.00311852 0.999995 -0.115523 0.0234309 -0.0638969
FixedParameters: 0 0 0

#Transform 48
Transform: AffineTransform_float_3_3
Parameters: 1 0.000370917 -3.19502e-06 -0.000370558 0.999996 -0.00300258 1.9135e-06 0.00300331 0.999996 -0.118584 0.0278643 -0.0429582
FixedParameters: 0 0 0

#Transform 49
Transform: AffineTransform_float_3_3
Parameters: 1 0.000285278 3.08596e-05 -0.000285089 0.999995 -0.0029116 -3.2508e-05 0.00291158 0.999996 -0.102869 0.0210146 -0.00708586
FixedParameters: 0 0 0

#Transform 50
Transform: AffineTransform_float_3_3
Parameters: 1 5.60235e-05 0.000471595 -5.49216e-05 0.999997 -0.00253722 -0.000472431 0.00253717 0.999996 -0.0915988 0.00679173 -0.000523611
FixedParameters: 0 0 0

#Transform 51
Transform: AffineTransform_float_3_3
Parameters: 1 -0.00016167 0.00067298 0.000163407 0.999998 -0.00225154 -0.000672803 0.00225176 0.999997 -0.0846481 0.00892395 -0.000640785
FixedParameters: 0 0 0

#Transform 52
Transform: AffineTransform_float_3_3
Parameters: 0.999999 -0.000289034 0.000723963 0.000292196 0.999995 -0.00307953 -0.000722721 0.00307922 0.999995 -0.081485 0.0202161 -0.0186529
FixedParameters: 0 0 0

#Transform 53
Transform: AffineTransform_float_3_3
Parameters: 0.999999 -0.000289519 0.000724028 0.000292367 0.999995 -0.00286253 -0.000722914 0.00286222 0.999996 -0.0760257 0.0113638 -0.0236385
FixedParameters: 0 0 0

#Transform 54
Transform: AffineTransform_float_3_3
Parameters: 0.999999 -0.000320266 0.000644952 0.000322675 0.999995 -0.00315553 -0.000644402 0.00315522 0.999995 -0.0705844 0.00637282 -0.037306
FixedParameters: 0 0 0

#Transform 55
Transform: AffineTransform_float_3_3
Parameters: 1 -0.00101325 0.000490742 0.00101447 0.999998 -0.00199054 -0.000488563 0.00199012 0.999998 -0.0701173 0.0103853 0.0319855
FixedParameters: 0 0 0

#Transform 56
Transform: AffineTransform_float_3_3
Parameters: 1 -0.000893659 0.000796401 0.000894061 0.999999 -0.00129711 -0.000795575 0.00129854 0.999999 -0.0768669 0.0259749 0.0559892
FixedParameters: 0 0 0

#Transform 57
Transform: AffineTransform_float_3_3
Parameters: 0.999999 -0.000375484 0.000939947 0.000376697 0.999999 -0.00133477 -0.000939504 0.00133548 0.999998 -0.0845783 0.00616318 0.0344465
FixedParameters: 0 0 0

#Transform 58
Transform: AffineTransform_float_3_3
Parameters: 0.999999 -0.000365398 0.00144137 0.000367003 0.999999 -0.00132941 -0.00144059 0.00133042 0.999998 -0.0776248 0.0164138 0.0306682
FixedParameters: 0 0 0

#Transform 59
Transform: AffineTransform_float_3_3
Parameters: 1 -0.000537869 0.000911471 0.000538578 1 -0.00109987 -0.000910851 0.00110085 0.999999 -0.0647394 -0.00767316 0.0402789
FixedParameters: 0 0 0

#Transform 60
Transform: AffineTransform_float_3_3
Parameters: 0.999999 -0.000701006 0.00128003 0.000703057 0.999998 -0.00181479 -0.0012786 0.00181586 0.999997 -0.0709751 0.00288002 0.0132385
FixedParameters: 0 0 0

#Transform 61
Transform: AffineTransform_float_3_3
Parameters: 0.999999 -0.000648647 0.00141113 0.000651604 0.999998 -0.00196677 -0.00140969 0.00196788 0.999997 -0.0687775 0.0199159 -0.010963
FixedParameters: 0 0 0

#Transform 62
Transform: AffineTransform_float_3_3
Parameters: 0.999999 -0.000780369 0.0010756 0.000782675 0.999997 -0.00244919 -0.00107382 0.00244946 0.999996 -0.0564317 0.0463551 -0.0236585
FixedParameters: 0 0 0

#Transform 63
Transform: AffineTransform_float_3_3
Parameters: 0.999999 -0.000983896 0.00154512 0.000987969 0.999996 -0.00269709 -0.00154241 0.00269873 0.999995 -0.0724203 0.0239056 -0.0482134
FixedParameters: 0 0 0

#Transform 64
Transform: AffineTransform_float_3_3
Parameters: 0.999998 -0.000711691 0.00149268 0.000715137 0.999997 -0.00245863 -0.00149086 0.00245931 0.999996 -0.0696745 0.0297432 -0.0135056
FixedParameters: 0 0 0

#Transform 65
Transform: AffineTransform_float_3_3
Parameters: 0.999999 -0.000855961 0.00130968 0.000858804 0.999997 -0.00221582 -0.00130793 0.00221734 0.999997 -0.0649719 0.00345404 -0.00833151
FixedParameters: 0 0 0

#Transform 66
Transform: AffineTransform_float_3_3
Parameters: 0.999998 -0.000811729 0.00147643 0.000815101 0.999997 -0.00245977 -0.00147411 0.00246145 0.999996 -0.0553626 0.0210348 -0.0358819
FixedParameters: 0 0 0

#Transform 67
Transform: AffineTransform_float_3_3
Parameters: 0.999998 -0.000910687 0.00189928 0.000915815 0.999996 -0.00281251 -0.00189731 0.00281452 0.999994 -0.062286 0.0211656 -0.0551602
FixedParameters: 0 0 0

#Transform 68
Transform: AffineTransform_float_3_3
Parameters: 0.999997 -0.000849942 0.002049 0.000856497 0.999994 -0.00318249 -0.00204637 0.00318453 0.999992 -0.0547248 0.00646944 -0.0588349
FixedParameters: 0 0 0

#Transform 69
Transform: AffineTransform_float_3_3
Parameters: 0.999997 -0.000744616 0.00210512 0.000750776 0.999994 -0.00322506 -0.00210274 0.00322671 0.999993 -0.0568763 -0.00498723 -0.084356
FixedParameters: 0 0 0

#Transform 70
Transform: AffineTransform_float_3_3
Parameters: 0.999996 -0.000655462 0.00253502 0.000663887 0.999993 -0.00349208 -0.00253211 0.00349393 0.99999 -0.0822226 -0.00781244 -0.127284
FixedParameters: 0 0 0

#Transform 71
Transform: AffineTransform_float_3_3
Parameters: 0.999997 -0.000850955 0.00203991 0.000858303 0.999992 -0.00393836 -0.00203617 0.00393966 0.99999 -0.0546979 0.0274857 -0.115605
FixedParameters: 0 0 0

#Transform 72
Transform: AffineTransform_float_3_3
Parameters: 0.999997 -0.000653999 0.00205036 0.000661601 0.999993 -0.0036626 -0.00204798 0.00366384 0.999991 -0.056789 0.00050055 -0.104477
FixedParameters: 0 0 0

#Transform 73
Transform: AffineTransform_float_3_3
Parameters: 0.999997 -0.000739726 0.002035 0.000746896 0.999993 -0.00367355 -0.0020329 0.00367513 0.999991 -0.0557912 0.0100195 -0.116008
FixedParameters: 0 0 0

#Transform 74
Transform: AffineTransform_float_3_3
Parameters: 0.999998 -0.000630967 0.00182347 0.000637407 0.999994 -0.00344375 -0.00182098 0.00344534 0.999992 -0.0527994 0.0177051 -0.0868878
FixedParameters: 0 0 0

#Transform 75
Transform: AffineTransform_float_3_3
Parameters: 0.999998 -0.000524288 0.00189568 0.000531987 0.999992 -0.00389031 -0.00189307 0.00389155 0.999991 -0.0552154 0.0184264 -0.111001
FixedParameters: 0 0 0

#Transform 76
Transform: AffineTransform_float_3_3
Parameters: 0.999996 -0.000867104 0.00242725 0.000875186 0.999995 -0.00326824 -0.00242492 0.00327029 0.999991 -0.0616722 0.0124436 -0.100909
FixedParameters: 0 0 0

#Transform 77
Transform: AffineTransform_float_3_3
Parameters: 0.999997 -0.000782408 0.00221359 0.000790689 0.999992 -0.00375702 -0.00220974 0.003759 0.999991 -0.0645917 0.00590394 -0.0969858
FixedParameters: 0 0 0

#Transform 78
Transform: AffineTransform_float_3_3
Parameters: 0.999997 -0.000779741 0.00222101 0.000787367 0.999993 -0.00367936 -0.00221824 0.00368066 0.999991 -0.0585927 0.0156166 -0.0971506
FixedParameters: 0 0 0

#Transform 79
Transform: AffineTransform_float_3_3
Parameters: 0.999997 -0.000709223 0.00239662 0.000717951 0.999992 -0.00383426 -0.00239377 0.00383476 0.99999 -0.0625873 0.022688 -0.112282
FixedParameters: 0 0 0

#Transform 80
Transform: AffineTransform_float_3_3
Parameters: 0.999996 -0.000898648 0.00245596 0.000908478 0.999992 -0.0038502 -0.00245292 0.00385246 0.999989 -0.0618725 0.0281174 -0.0884909
FixedParameters: 0 0 0

#Transform 81
Transform: AffineTransform_float_3_3
Parameters: 0.999996 -0.00111123 0.00250929 0.00112021 0.999992 -0.00378584 -0.00250441 0.00378853 0.99999 -0.0393719 0.0154413 -0.10944
FixedParameters: 0 0 0

#Transform 82
Transform: AffineTransform_float_3_3
Parameters: 0.999998 -0.00127015 0.00192676 0.00127607 0.999996 -0.00273856 -0.00192333 0.00274059 0.999995 -0.0618545 -0.00907916 -0.0559746
FixedParameters: 0 0 0

#Transform 83
Transform: AffineTransform_float_3_3
Parameters: 0.999997 -0.000753934 0.00228512 0.000762734 0.999993 -0.00375216 -0.0022815 0.00375486 0.99999 -0.0779885 0.0413062 -0.155223
FixedParameters: 0 0 0

#Transform 84
Transform: AffineTransform_float_3_3
Parameters: 0.999996 -0.00102766 0.00244053 0.00103717 0.999992 -0.00380895 -0.00243659 0.00381108 0.99999 -0.0563302 0.0377312 -0.156102
FixedParameters: 0 0 0

#Transform 85
Transform: AffineTransform_float_3_3
Parameters: 0.999997 -0.00076098 0.00227295 0.000767937 0.999995 -0.00316203 -0.00227055 0.003164 0.999993 -0.0597902 0.00632787 -0.120815
FixedParameters: 0 0 0

#Transform 86
Transform: AffineTransform_float_3_3
Parameters: 0.999995 -0.00100775 0.00282056 0.00101758 0.999993 -0.00351747 -0.002817 0.00352095 0.99999 -0.0485428 0.0221149 -0.104246
FixedParameters: 0 0 0

#Transform 87
Transform: AffineTransform_float_3_3
Parameters: 0.999996 -0.000988117 0.00286891 0.000997883 0.999993 -0.00360948 -0.00286494 0.00361294 0.999989 -0.0495811 0.0485379 -0.114778
FixedParameters: 0 0 0

#Transform 88
Transform: AffineTransform_float_3_3
Parameters: 0.999995 -0.000843754 0.00323399 0.000854811 0.999994 -0.00340144 -0.00323141 0.00340398 0.999989 -0.089117 0.00381241 -0.155069
FixedParameters: 0 0 0

#Transform 89
Transform: AffineTransform_float_3_3
Parameters: 0.999995 -0.000833504 0.0032591 0.000844167 0.999994 -0.00345798 -0.00325613 0.00346044 0.999989 -0.0896765 0.00570767 -0.160104
FixedParameters: 0 0 0

#Transform 90
Transform: AffineTransform_float_3_3
Parameters: 0.999994 -0.000818309 0.00329993 0.000829078 0.999994 -0.00323413 -0.00329687 0.00323729 0.999989 -0.10883 -0.00412364 -0.15851
FixedParameters: 0 0 0

#Transform 91
Transform: AffineTransform_float_3_3
Parameters: 0.999994 -0.000860641 0.00319308 0.000870937 0.999994 -0.00326895 -0.00318968 0.00327147 0.99999 -0.0941952 -0.00635345 -0.136601
FixedParameters: 0 0 0

#Transform 92
Transform: AffineTransform_float_3_3
Parameters: 0.999995 -0.000899847 0.00308734 0.000911714 0.999992 -0.0039044 -0.00308402 0.00390703 0.999988 -0.085849 0.0108489 -0.137827
FixedParameters: 0 0 0

#Transform 93
Transform: AffineTransform_float_3_3
Parameters: 0.999995 -0.000957012 0.00294786 0.000966909 0.999993 -0.00353536 -0.00294425 0.00353807 0.999989 -0.0827881 0.0111506 -0.147665
FixedParameters: 0 0 0

#Transform 94
Transform: AffineTransform_float_3_3
Parameters: 0.999995 -0.00122634 0.0030932 0.00123633 0.999994 -0.00329208 -0.00308959 0.00329533 0.99999 -0.0896433 0.00771024 -0.147823
FixedParameters: 0 0 0

#Transform 95
Transform: AffineTransform_float_3_3
Parameters: 0.999994 -0.00107886 0.00326869 0.00108818 0.999994 -0.00310089 -0.00326518 0.00310428 0.99999 -0.0918705 0.0161232 -0.132888
FixedParameters: 0 0 0

#Transform 96
Transform: AffineTransform_float_3_3
Parameters: 0.999994 -0.00108085 0.00328872 0.00109085 0.999995 -0.00304201 -0.00328568 0.00304619 0.99999 -0.0784587 0.013142 -0.130185
FixedParameters: 0 0 0

#Transform 97
Transform: AffineTransform_float_3_3
Parameters: 0.999995 -0.000928737 0.00302299 0.000937863 0.999995 -0.00316537 -0.00302065 0.00316806 0.99999 -0.0781406 0.0420743 -0.106132
FixedParameters: 0 0 0

#Transform 98
Transform: AffineTransform_float_3_3
Parameters: 0.999995 -0.000896202 0.00310477 0.000905878 0.999995 -0.00317039 -0.00310262 0.00317303 0.99999 -0.0797505 0.0389627 -0.0843199
FixedParameters: 0 0 0

#Transform 99
Transform: AffineTransform_float_3_3
Parameters: 0.999994 -0.000781293 0.00339102 0.000792834 0.999994 -0.00339905 -0.00338757 0.00340138 0.999989 -0.0923648 0.0395804 -0.0877017
FixedParameters: 0 0 0

#Transform 100
Transform: AffineTransform_float_3_3
Parameters: 0.999996 -0.000671364 0.00297005 0.000680491 0.999995 -0.00309856 -0.00296757 0.00310103 0.999991 -0.0880767 0.0366053 -0.0721683
FixedParameters: 0 0 0

#Transform 101
Transform: AffineTransform_float_3_3
Parameters: 0.999996 -0.000687761 0.00282014 0.000695673 0.999996 -0.00288289 -0.00281822 0.00288456 0.999992 -0.0827289 0.0219589 -0.0653915
FixedParameters: 0 0 0

#Transform 102
Transform: AffineTransform_float_3_3
Parameters: 0.999996 -0.000659059 0.00297509 0.000668674 0.999995 -0.00323692 -0.00297343 0.00323864 0.99999 -0.107907 0.0319155 -0.105046
FixedParameters: 0 0 0

#Transform 103
Transform: AffineTransform_float_3_3
Parameters: 0.999996 -0.000542645 0.00299834 0.00055281 0.999994 -0.00361375 -0.00299628 0.00361549 0.999989 -0.106681 0.0208435 -0.113185
FixedParameters: 0 0 0

#Transform 104
Transform: AffineTransform_float_3_3
Parameters: 0.999995 -0.000657098 0.00308506 0.000668375 0.999992 -0.00375157 -0.00308291 0.00375411 0.999988 -0.125898 0.0210879 -0.13124
FixedParameters: 0 0 0

#Transform 105
Transform: AffineTransform_float_3_3
Parameters: 0.999995 -0.000490729 0.00305594 0.000502773 0.999992 -0.00406483 -0.00305436 0.00406633 0.999987 -0.109837 0.0284781 -0.171426
FixedParameters: 0 0 0

#Transform 106
Transform: AffineTransform_float_3_3
Parameters: 0.999994 -0.000772063 0.0031725 0.000787089 0.999989 -0.00464857 -0.0031692 0.00465057 0.999984 -0.109848 0.015496 -0.195034
FixedParameters: 0 0 0

#Transform 107
Transform: AffineTransform_float_3_3
Parameters: 0.999996 -0.00073848 0.00271493 0.000750255 0.99999 -0.00435584 -0.00271126 0.00435765 0.999987 -0.121228 -0.00177512 -0.182785
FixedParameters: 0 0 0

#Transform 108
Transform: AffineTransform_float_3_3
Parameters: 0.999995 -0.000588561 0.00308906 0.000600514 0.999993 -0.00379754 -0.00308644 0.00379894 0.999988 -0.151579 -0.0155995 -0.175563
FixedParameters: 0 0 0

#Transform 109
Transform: AffineTransform_float_3_3
Parameters: 0.999994 -0.000797598 0.00314936 0.000810544 0.999991 -0.0041462 -0.00314608 0.00414899 0.999986 -0.138393 -0.00178561 -0.181968
FixedParameters: 0 0 0

#Transform 110
Transform: AffineTransform_float_3_3
Parameters: 0.999994 -0.000854477 0.0032025 0.000866529 0.999992 -0.00379209 -0.00319973 0.00379533 0.999988 -0.134883 0.00752786 -0.184725
FixedParameters: 0 0 0

#Transform 111
Transform: AffineTransform_float_3_3
Parameters: 0.999994 -0.00113134 0.00326435 0.00114548 0.999991 -0.00424027 -0.00325902 0.00424406 0.999985 -0.133423 0.00207188 -0.183626
FixedParameters: 0 0 0

#Transform 112
Transform: AffineTransform_float_3_3
Parameters: 0.999993 -0.00109922 0.00376609 0.00111249 0.999994 -0.00338733 -0.00376236 0.0033905 0.999987 -0.127307 -0.00568822 -0.142648
FixedParameters: 0 0 0

#Transform 113
Transform: AffineTransform_float_3_3
Parameters: 0.999992 -0.00111092 0.00384138 0.00112357 0.999994 -0.00323905 -0.0038379 0.0032439 0.999987 -0.128616 0.0244863 -0.170212
FixedParameters: 0 0 0

#Transform 114
Transform: AffineTransform_float_3_3
Parameters: 0.999992 -0.00104362 0.00401141 0.00105597 0.999994 -0.00318066 -0.00400812 0.0031853 0.999987 -0.125002 -0.0235666 -0.147636
FixedParameters: 0 0 0

#Transform 115
Transform: AffineTransform_float_3_3
Parameters: 0.999993 -0.000939453 0.00375141 0.000953077 0.999993 -0.00357148 -0.00374804 0.00357485 0.999986 -0.137211 0.0101495 -0.173188
FixedParameters: 0 0 0

#Transform 116
Transform: AffineTransform_float_3_3
Parameters: 0.999991 -0.00106291 0.00396218 0.00107537 0.999994 -0.00323464 -0.00395866 0.00323932 0.999987 -0.122682 0.00864625 -0.174076
FixedParameters: 0 0 0

#Transform 117
Transform: AffineTransform_float_3_3
Parameters: 0.999992 -0.00104357 0.00401141 0.00105599 0.999994 -0.00318966 -0.00400811 0.0031943 0.999987 -0.124501 0.00145152 -0.162768
FixedParameters: 0 0 0

#Transform 118
Transform: AffineTransform_float_3_3
Parameters: 0.99999 -0.0011472 0.00415652 0.00116104 0.999993 -0.00340518 -0.00415262 0.00341026 0.999986 -0.115935 0.0241466 -0.148105
FixedParameters: 0 0 0

#Transform 119
Transform: AffineTransform_float_3_3
Parameters: 0.999992 -0.000915872 0.00405788 0.000926492 0.999997 -0.00249697 -0.00405593 0.00250065 0.999989 -0.096405 0.0260225 -0.141345
FixedParameters: 0 0 0
