#Insight Transform File V1.0
#Transform 0
Transform: AffineTransform_float_3_3
Parameters: 0.999997 0.00134072 -0.00216691 -0.00135308 0.999983 -0.00559893 0.00215847 0.00560207 0.999982 -0.110109 0.0108194 -0.373251
FixedParameters: 0 0 0

#Transform 1
Transform: AffineTransform_float_3_3
Parameters: 0.999997 0.00139822 -0.00172077 -0.00140576 0.999989 -0.00445755 0.00171439 0.00445945 0.999989 -0.0997811 0.0101776 -0.353372
FixedParameters: 0 0 0

#Transform 2
Transform: AffineTransform_float_3_3
Parameters: 0.999997 0.00137388 -0.00191097 -0.00138289 0.999987 -0.00492121 0.00190328 0.00492379 0.999986 -0.0920197 0.0470061 -0.310955
FixedParameters: 0 0 0

#Transform 3
Transform: AffineTransform_float_3_3
Parameters: 0.999997 0.00159388 -0.00149565 -0.00159691 0.999996 -0.00250071 0.00149116 0.00250329 0.999996 -0.0756112 0.0392613 -0.315516
FixedParameters: 0 0 0

#Transform 4
Transform: AffineTransform_float_3_3
Parameters: 0.999997 0.00141217 -0.0016325 -0.00141563 0.999996 -0.00238567 0.00162826 0.00238833 0.999996 -0.0635486 0.0284643 -0.292132
FixedParameters: 0 0 0

#Transform 5
Transform: AffineTransform_float_3_3
Parameters: 0.999999 0.000978523 -0.00147459 -0.000981236 0.999998 -0.00205054 0.00147319 0.00205246 0.999997 -0.0618477 0.0403692 -0.261518
FixedParameters: 0 0 0

#Transform 6
Transform: AffineTransform_float_3_3
Parameters: 0.999998 0.00145215 -0.00130736 -0.00145496 0.999997 -0.00201307 0.00130524 0.00201493 0.999997 -0.0889831 0.0770915 -0.277133
FixedParameters: 0 0 0

#Transform 7
Transform: AffineTransform_float_3_3
Parameters: 0.999999 0.00097447 -0.000278727 -0.000975555 0.999996 -0.00238273 0.000276066 0.00238327 0.999997 -0.1264 0.0654061 -0.285084
FixedParameters: 0 0 0

#Transform 8
Transform: AffineTransform_float_3_3
Parameters: 1 0.000514416 -0.000348244 -0.000515673 0.999994 -0.00341282 0.000345603 0.00341318 0.999994 -0.133036 0.0292085 -0.231239
FixedParameters: 0 0 0

#Transform 9
Transform: AffineTransform_float_3_3
Parameters: 0.999999 0.000702275 -0.000270552 -0.000702886 0.999994 -0.00342081 0.000267612 0.00342119 0.999994 -0.112937 0.082663 -0.287173
FixedParameters: 0 0 0

#Transform 10
Transform: AffineTransform_float_3_3
Parameters: 0.999999 0.000588866 -0.000718082 -0.000590551 0.999998 -0.00194956 0.000716657 0.00194944 0.999998 -0.0895317 0.0317363 -0.21666
FixedParameters: 0 0 0

#Transform 11
Transform: AffineTransform_float_3_3
Parameters: 0.999999 0.00093837 -0.000576317 -0.000939621 0.999997 -0.00215558 0.000574136 0.00215642 0.999997 -0.047154 0.0890465 -0.222423
FixedParameters: 0 0 0

#Transform 12
Transform: AffineTransform_float_3_3
Parameters: 1 0.000384429 -4.45834e-05 -0.000384599 0.999998 -0.00194298 4.30892e-05 0.00194302 0.999998 -0.0334555 0.0387442 -0.193645
FixedParameters: 0 0 0

#Transform 13
Transform: AffineTransform_float_3_3
Parameters: 1 -0.00046915 6.86917e-05 0.000469222 0.999999 -0.00139097 -6.83794e-05 0.00139103 0.999999 -0.0380398 0.0185209 -0.149104
FixedParameters: 0 0 0

#Transform 14
Transform: AffineTransform_float_3_3
Parameters: 1 -0.000202836 0.000145666 0.000202555 0.999996 -0.00285397 -0.000145383 0.00285403 0.999996 -0.0468496 0.0553947 -0.127711
FixedParameters: 0 0 0

#Transform 15
Transform: AffineTransform_float_3_3
Parameters: 1 -1.1638e-05 8.70262e-05 1.19237e-05 0.999998 -0.001642 -8.69875e-05 0.001642 0.999998 -0.0338901 0.0180436 -0.11421
FixedParameters: 0 0 0

#Transform 16
Transform: AffineTransform_float_3_3
Parameters: 1 9.93352e-05 0.000222723 -9.8828e-05 1 -0.00113802 -0.000222949 0.00113798 1 -0.0335924 0.0036964 -0.115866
FixedParameters: 0 0 0

#Transform 17
Transform: AffineTransform_float_3_3
Parameters: 1 9.96457e-05 0.000224677 -9.8874e-05 0.999999 -0.00145602 -0.000223973 0.00145598 0.999999 -0.0335736 0.0323498 -0.0861124
FixedParameters: 0 0 0

#Transform 18
Transform: AffineTransform_float_3_3
Parameters: 1 0.00013759 0.000537358 -0.000136635 0.999999 -0.00181207 -0.000537736 0.00181193 0.999998 -0.00606164 0.0426692 -0.0492125
FixedParameters: 0 0 0

#Transform 19
Transform: AffineTransform_float_3_3
Parameters: 1 0.000101954 0.000247696 -0.000102129 1 0.000352975 -0.000247624 -0.000353025 1 0.0113304 -0.0214308 0.0578611
FixedParameters: 0 0 0

#Transform 20
Transform: AffineTransform_float_3_3
Parameters: 1 -0.000304502 0.000562999 0.000304456 1 4.11854e-05 -0.000563025 -4.18145e-05 1 0.00166171 0.0152417 0.0465371
FixedParameters: 0 0 0

#Transform 21
Transform: AffineTransform_float_3_3
Parameters: 0.999999 -0.000104508 0.00122699 0.000104398 1 4.52457e-05 -0.001227 -4.47542e-05 0.999999 0.0039526 0.0637597 -0.0112683
FixedParameters: 0 0 0

#Transform 22
Transform: AffineTransform_float_3_3
Parameters: 0.999999 0.000173362 0.000869656 -0.000173998 0.999999 0.000936966 -0.000869449 -0.000937033 0.999999 -0.00798627 0.0103457 -0.00834638
FixedParameters: 0 0 0

#Transform 23
Transform: AffineTransform_float_3_3
Parameters: 1 0.000258425 0.000253514 -0.000258287 0.999999 0.00145193 -0.000253875 -0.00145207 0.999999 -0.0106569 0.00183607 0.0555762
FixedParameters: 0 0 0

#Transform 24
Transform: AffineTransform_float_3_3
Parameters: 0.999991 0.00311006 -0.00291107 -0.0031405 0.999937 -0.0108322 0.00287775 0.0108408 0.999937 -0.0542757 0.157133 -0.814187
FixedParameters: 0 0 0

#Transform 25
Transform: AffineTransform_float_3_3
Parameters: 0.99999 0.00333854 -0.00311848 -0.0033877 0.999867 -0.0159809 0.00306444 0.0159911 0.999867 -0.071573 0.168125 -0.819667
FixedParameters: 0 0 0

#Transform 26
Transform: AffineTransform_float_3_3
Parameters: 0.999991 0.00255969 -0.00315419 -0.00258949 0.999951 -0.0095329 0.00312969 0.0095401 0.999949 -0.0702185 0.0809982 -0.608388
FixedParameters: 0 0 0

#Transform 27
Transform: AffineTransform_float_3_3
Parameters: 0.999992 0.00226994 -0.00349562 -0.00229635 0.999969 -0.00755669 0.00347911 0.00756531 0.999966 -0.0574097 0.0981681 -0.553877
FixedParameters: 0 0 0

#Transform 28
Transform: AffineTransform_float_3_3
Parameters: 0.999993 0.00201325 -0.00332489 -0.00203428 0.999978 -0.00629205 0.00331305 0.00629795 0.999974 -0.0631663 0.0756794 -0.472345
FixedParameters: 0 0 0

#Transform 29
Transform: AffineTransform_float_3_3
Parameters: 0.999993 0.00220317 -0.00285774 -0.00221637 0.999987 -0.00464761 0.00284768 0.00465439 0.999985 -0.0465308 0.0270409 -0.378551
FixedParameters: 0 0 0

#Transform 30
Transform: AffineTransform_float_3_3
Parameters: 0.999994 0.00189934 -0.00281784 -0.00190989 0.999991 -0.00364944 0.00281179 0.00365456 0.999989 -0.0462213 0.101873 -0.308548
FixedParameters: 0 0 0

#Transform 31
Transform: AffineTransform_float_3_3
Parameters: 0.999997 0.00157466 -0.00191206 -0.00157807 0.999997 -0.00176195 0.00190912 0.00176505 0.999997 -0.0459292 0.0163142 -0.251444
FixedParameters: 0 0 0

#Transform 32
Transform: AffineTransform_float_3_3
Parameters: 0.999998 0.00119661 -0.00165774 -0.00119786 0.999998 -0.00100887 0.00165608 0.00101113 0.999998 -0.0407458 0.0391377 -0.16013
FixedParameters: 0 0 0

#Transform 33
Transform: AffineTransform_float_3_3
Parameters: 0.999998 0.00120487 -0.00159013 -0.00120571 0.999998 -0.000926056 0.00158865 0.000927943 0.999998 -0.0405123 0.0358829 -0.129039
FixedParameters: 0 0 0

#Transform 34
Transform: AffineTransform_float_3_3
Parameters: 0.999998 0.00102558 -0.00121751 -0.00102554 1 -0.000437738 0.00121748 0.000439263 0.999999 -0.0481815 0.0440228 -0.12694
FixedParameters: 0 0 0

#Transform 35
Transform: AffineTransform_float_3_3
Parameters: 1 0.000860489 -0.000717358 -0.000860605 1 0.000610514 0.000718527 -0.000610486 0.999999 -0.0428203 -0.00256177 -0.0575442
FixedParameters: 0 0 0

#Transform 36
Transform: AffineTransform_float_3_3
Parameters: 0.999999 0.000706661 -0.000584876 -0.000706798 0.999999 -0.000117573 0.00058471 0.000117427 1 -0.0287397 0.0578876 -0.0856011
FixedParameters: 0 0 0

#Transform 37
Transform: AffineTransform_float_3_3
Parameters: 1 0.000945763 -0.000760992 -0.000946249 1 0.000333603 0.000761741 -0.000332397 0.999999 -0.0305064 0.0510303 -0.0881331
FixedParameters: 0 0 0

#Transform 38
Transform: AffineTransform_float_3_3
Parameters: 0.999999 0.000434922 -0.00093228 -0.00043337 0.999999 0.0014284 0.000932646 -0.00142759 0.999998 -0.0268796 0.00281942 0.00246323
FixedParameters: 0 0 0

#Transform 39
Transform: AffineTransform_float_3_3
Parameters: 0.999999 0.000585157 -0.00116391 -0.000584325 1 0.000783695 0.00116494 -0.000783305 0.999999 -0.0240316 0.0635652 -0.0367298
FixedParameters: 0 0 0

#Transform 40
Transform: AffineTransform_float_3_3
Parameters: 0.999999 0.000483736 -0.000626211 -0.000482674 1 0.000847199 0.00062703 -0.0008478 0.999999 -0.048431 0.0379689 -0.0676654
FixedParameters: 0 0 0

#Transform 41
Transform: AffineTransform_float_3_3
Parameters: 1 0.000452046 -0.000205389 -0.000451661 0.999999 0.00122509 0.000205503 -0.00122491 0.999999 -0.0423385 0.0160051 -0.046617
FixedParameters: 0 0 0

#Transform 42
Transform: AffineTransform_float_3_3
Parameters: 1 0.000167166 -0.000246384 -0.000166927 0.999999 0.000727041 0.000245634 -0.000726959 0.999999 -0.0353321 0.0833005 -0.0324945
FixedParameters: 0 0 0

#Transform 43
Transform: AffineTransform_float_3_3
Parameters: 1 0.000385937 -0.000579097 -0.000385321 0.999999 0.00149122 0.000579372 -0.00149078 0.999998 -0.0373797 0.0205126 -0.0228852
FixedParameters: 0 0 0

#Transform 44
Transform: AffineTransform_float_3_3
Parameters: 1 0.000397847 0.000179495 -0.000397179 0.999999 0.000906928 -0.000178892 -0.00090707 0.999999 -0.0269716 0.0335708 0.0503037
FixedParameters: 0 0 0

#Transform 45
Transform: AffineTransform_float_3_3
Parameters: 1 0.000648729 -0.000142924 -0.00064846 0.999999 0.00135209 0.000143685 -0.00135191 0.999999 -0.0290282 0.0752123 -0.0228018
FixedParameters: 0 0 0

#Transform 46
Transform: AffineTransform_float_3_3
Parameters: 0.999999 0.000850581 -1.21522e-05 -0.000850591 0.999999 -0.000419004 1.14386e-05 0.000419996 1 -0.0577642 0.0123241 0.230912
FixedParameters: 0 0 0

#Transform 47
Transform: AffineTransform_float_3_3
Parameters: 1 0.00107562 -0.000514914 -0.00107556 1 5.84503e-05 0.00051504 -5.85496e-05 1 -0.0314746 0.114982 0.161085
FixedParameters: 0 0 0

#Transform 48
Transform: AffineTransform_float_3_3
Parameters: 0.999997 0.00144336 -0.00170278 -0.00143924 0.999996 0.00251238 0.00170652 -0.00251062 0.999995 0.00497142 -0.0209002 0.123673
FixedParameters: 0 0 0

#Transform 49
Transform: AffineTransform_float_3_3
Parameters: 1 0.00095244 -0.000737241 -0.000951214 0.999998 0.00166472 0.000738542 -0.00166428 0.999999 0.021707 0.0317778 0.239259
FixedParameters: 0 0 0

#Transform 50
Transform: AffineTransform_float_3_3
Parameters: 0.999997 0.00184798 -0.00167132 -0.00184127 0.99999 0.00406301 0.00167907 -0.00405998 0.99999 0.0903735 -0.0213118 0.333594
FixedParameters: 0 0 0

#Transform 51
Transform: AffineTransform_float_3_3
Parameters: 0.999998 0.00125031 -0.00156966 -0.0012438 0.999989 0.00450899 0.00157578 -0.00450701 0.999988 0.0806139 0.00936237 0.35039
FixedParameters: 0 0 0

#Transform 52
Transform: AffineTransform_float_3_3
Parameters: 0.999998 0.00146124 -0.0014707 -0.00145422 0.999987 0.00472517 0.00147724 -0.00472282 0.999988 0.0864034 0.0177736 0.315336
FixedParameters: 0 0 0

#Transform 53
Transform: AffineTransform_float_3_3
Parameters: 0.999998 0.00130973 -0.00142487 -0.00130343 0.999987 0.00492988 0.00143163 -0.00492712 0.999987 0.0804057 -0.0212826 0.343622
FixedParameters: 0 0 0

#Transform 54
Transform: AffineTransform_float_3_3
Parameters: 0.999999 0.00120484 -0.00133754 -0.00119758 0.999988 0.00482752 0.00134377 -0.00482648 0.999987 0.0893736 -0.0132716 0.360957
FixedParameters: 0 0 0

#Transform 55
Transform: AffineTransform_float_3_3
Parameters: 0.999999 0.00120472 -0.00133498 -0.00119841 0.999989 0.00447964 0.00134038 -0.00447837 0.999989 0.0955717 0.0147572 0.356263
FixedParameters: 0 0 0

#Transform 56
Transform: AffineTransform_float_3_3
Parameters: 0.999999 0.00119653 -0.00141188 -0.00118924 0.999987 0.00497771 0.00141751 -0.00497628 0.999986 0.100596 -0.0197389 0.372365
FixedParameters: 0 0 0

#Transform 57
Transform: AffineTransform_float_3_3
Parameters: 0.999998 0.00122948 -0.00112023 -0.00122394 0.999989 0.00460628 0.00112505 -0.00460473 0.999989 0.114638 -0.0273882 0.37858
FixedParameters: 0 0 0

#Transform 58
Transform: AffineTransform_float_3_3
Parameters: 0.999998 0.00123307 -0.00108936 -0.00122756 0.999988 0.00466325 0.00109535 -0.00466274 0.999988 0.117607 -0.0109015 0.389495
FixedParameters: 0 0 0

#Transform 59
Transform: AffineTransform_float_3_3
Parameters: 0.999998 0.0015599 -0.00115136 -0.00155449 0.999989 0.00441771 0.00115864 -0.00441629 0.999989 0.121302 -0.0348072 0.378702
FixedParameters: 0 0 0

#Transform 60
Transform: AffineTransform_float_3_3
Parameters: 0.999999 0.00134168 -0.000140853 -0.00134002 0.999985 0.00518807 0.000147696 -0.00518792 0.999986 0.0763551 -0.00708891 0.424796
FixedParameters: 0 0 0

#Transform 61
Transform: AffineTransform_float_3_3
Parameters: 0.999999 0.001354 -3.36439e-05 -0.00135339 0.999989 0.00438305 3.94342e-05 -0.00438295 0.999991 0.0943653 0.0163932 0.412408
FixedParameters: 0 0 0

#Transform 62
Transform: AffineTransform_float_3_3
Parameters: 0.999999 0.00094547 -4.13677e-05 -0.000945589 0.999991 0.00410092 4.51511e-05 -0.00410108 0.999991 0.0905356 -0.0248648 0.482225
FixedParameters: 0 0 0

#Transform 63
Transform: AffineTransform_float_3_3
Parameters: 0.999999 0.000925606 -0.000196761 -0.000924299 0.999989 0.00447718 0.000201071 -0.00447681 0.99999 0.0866096 0.0112528 0.462012
FixedParameters: 0 0 0

#Transform 64
Transform: AffineTransform_float_3_3
Parameters: 0.999999 0.000749481 -7.36939e-05 -0.000749242 0.999989 0.00473594 7.682e-05 -0.00473606 0.999989 0.0801319 -0.0202049 0.491945
FixedParameters: 0 0 0

#Transform 65
Transform: AffineTransform_float_3_3
Parameters: 0.999999 0.000805079 -8.04491e-05 -0.000804856 0.99999 0.00425406 8.33259e-05 -0.00425393 0.999991 0.075095 -0.00283739 0.51642
FixedParameters: 0 0 0

#Transform 66
Transform: AffineTransform_float_3_3
Parameters: 0.999999 0.000937204 -9.56798e-05 -0.000936857 0.99999 0.00420609 9.95903e-05 -0.00420591 0.999991 0.0800772 0.0334523 0.492349
FixedParameters: 0 0 0

#Transform 67
Transform: AffineTransform_float_3_3
Parameters: 0.999999 0.00094317 -4.34808e-05 -0.000942211 0.999988 0.00477792 4.8399e-05 -0.00477807 0.999988 0.0690971 -0.015823 0.493079
FixedParameters: 0 0 0

#Transform 68
Transform: AffineTransform_float_3_3
Parameters: 0.999999 0.000937213 -9.56012e-05 -0.000936849 0.999991 0.00428997 9.96691e-05 -0.00429003 0.999991 0.0693359 0.00257541 0.527171
FixedParameters: 0 0 0

#Transform 69
Transform: AffineTransform_float_3_3
Parameters: 0.999999 0.000937253 -9.52085e-05 -0.00093693 0.999989 0.00470898 9.90692e-05 -0.00470903 0.999989 0.069339 0.0141988 0.52491
FixedParameters: 0 0 0

#Transform 70
Transform: AffineTransform_float_3_3
Parameters: 1 0.0011538 -0.000120421 -0.00115332 0.99999 0.00434502 0.000125481 -0.00434497 0.99999 0.0715853 -0.00702736 0.542514
FixedParameters: 0 0 0

#Transform 71
Transform: AffineTransform_float_3_3
Parameters: 1 0.00107434 -0.000540219 -0.0010722 0.999991 0.00423747 0.000545578 -0.00423654 0.999991 0.0731453 -0.0161905 0.619338
FixedParameters: 0 0 0

#Transform 72
Transform: AffineTransform_float_3_3
Parameters: 1 0.000563106 0.000299299 -0.000563483 0.999993 0.00356283 -0.000297508 -0.00356317 0.999993 0.0427966 0.0613485 0.601214
FixedParameters: 0 0 0

#Transform 73
Transform: AffineTransform_float_3_3
Parameters: 1 0.000183657 0.000530526 -0.000185539 0.99999 0.0044699 -0.000530224 -0.0044701 0.99999 0.0588153 -0.0599985 0.68628
FixedParameters: 0 0 0

#Transform 74
Transform: AffineTransform_float_3_3
Parameters: 1 0.000171781 0.000357793 -0.000173327 0.999988 0.00477193 -0.000357376 -0.00477206 0.999988 0.0489786 0.0307775 0.670835
FixedParameters: 0 0 0

#Transform 75
Transform: AffineTransform_float_3_3
Parameters: 1 0.000364759 5.73674e-05 -0.0003658 0.999981 0.00605198 -5.59249e-05 -0.00605202 0.999981 0.0578185 -0.00925119 0.752063
FixedParameters: 0 0 0

#Transform 76
Transform: AffineTransform_float_3_3
Parameters: 1 0.000531965 -4.80882e-05 -0.000531717 0.999981 0.00606202 5.15574e-05 -0.00606197 0.999981 0.0613021 0.0267779 0.70678
FixedParameters: 0 0 0

#Transform 77
Transform: AffineTransform_float_3_3
Parameters: 1 0.00017542 -0.000289656 -0.000174306 0.999984 0.00554405 0.000290839 -0.00554394 0.999984 0.0315774 -0.00476646 0.73581
FixedParameters: 0 0 0

#Transform 78
Transform: AffineTransform_float_3_3
Parameters: 0.999999 0.00116348 -0.000837097 -0.0011613 0.999997 0.00203587 0.000839962 -0.00203513 0.999997 0.0202333 0.0251485 0.597916
FixedParameters: 0 0 0

#Transform 79
Transform: AffineTransform_float_3_3
Parameters: 0.999999 0.000854812 -0.000988106 -0.000851872 0.999994 0.00317086 0.000990894 -0.00317014 0.999994 0.0233778 -0.0277531 0.678886
FixedParameters: 0 0 0

#Transform 80
Transform: AffineTransform_float_3_3
Parameters: 1 0.000803796 -0.000728878 -0.000800474 0.999992 0.0038756 0.000732353 -0.0038754 0.999993 0.0275145 0.0551069 0.673406
FixedParameters: 0 0 0

#Transform 81
Transform: AffineTransform_float_3_3
Parameters: 1 0.000828514 -0.000731873 -0.000825403 0.999992 0.00371662 0.000735278 -0.00371638 0.999993 0.0372376 0.0211799 0.695741
FixedParameters: 0 0 0

#Transform 82
Transform: AffineTransform_float_3_3
Parameters: 0.999999 0.000942511 -0.000898565 -0.000938428 0.99999 0.00418386 0.000902817 -0.00418314 0.999991 0.0489093 0.0166261 0.667741
FixedParameters: 0 0 0

#Transform 83
Transform: AffineTransform_float_3_3
Parameters: 1 0.000824078 -0.000730701 -0.000821022 0.999989 0.00444262 0.000734393 -0.00444238 0.99999 0.067214 -0.0445393 0.720743
FixedParameters: 0 0 0

#Transform 84
Transform: AffineTransform_float_3_3
Parameters: 1 0.000958567 -0.000747007 -0.000955628 0.999993 0.00360573 0.000750173 -0.00360527 0.999994 0.0709742 0.0470878 0.681779
FixedParameters: 0 0 0

#Transform 85
Transform: AffineTransform_float_3_3
Parameters: 0.999999 0.000888226 -0.0009597 -0.000884503 0.999991 0.00424675 0.00096373 -0.00424625 0.99999 0.0781247 -0.049496 0.712517
FixedParameters: 0 0 0

#Transform 86
Transform: AffineTransform_float_3_3
Parameters: 0.999999 0.000830226 -0.00132794 -0.000825493 0.999993 0.00378012 0.00133181 -0.00377889 0.999992 0.0816944 0.0207491 0.734713
FixedParameters: 0 0 0

#Transform 87
Transform: AffineTransform_float_3_3
Parameters: 1 0.000831109 -0.00088767 -0.000827927 0.999991 0.00428776 0.000891285 -0.00428725 0.999991 0.077186 -0.00718227 0.752651
FixedParameters: 0 0 0

#Transform 88
Transform: AffineTransform_float_3_3
Parameters: 0.999999 0.000450922 -0.000753414 -0.000447724 0.999991 0.00425034 0.000755603 -0.00424966 0.99999 0.0803306 -0.0247878 0.780054
FixedParameters: 0 0 0

#Transform 89
Transform: AffineTransform_float_3_3
Parameters: 1 0.000750379 -0.000722454 -0.000747642 0.999991 0.00419154 0.000726109 -0.00419046 0.999991 0.0935864 0.0250885 0.744409
FixedParameters: 0 0 0

#Transform 90
Transform: AffineTransform_float_3_3
Parameters: 0.999999 0.000477505 -0.000528191 -0.000474779 0.999984 0.00572127 0.000531016 -0.00572174 0.999984 0.0881797 -0.031031 0.80876
FixedParameters: 0 0 0

#Transform 91
Transform: AffineTransform_float_3_3
Parameters: 0.999999 0.000460039 -0.000687709 -0.000455108 0.999978 0.00671332 0.000691347 -0.00671269 0.999977 0.10149 0.00393346 0.888417
FixedParameters: 0 0 0

#Transform 92
Transform: AffineTransform_float_3_3
Parameters: 1 9.79543e-05 -0.000646831 -9.30861e-05 0.999971 0.00768607 0.000647898 -0.00768594 0.999971 0.103174 -0.0081974 0.915245
FixedParameters: 0 0 0

#Transform 93
Transform: AffineTransform_float_3_3
Parameters: 1 5.24325e-05 -0.000641719 -4.72577e-05 0.999968 0.00799003 0.000642115 -0.00798997 0.999968 0.102538 -0.0251515 0.980061
FixedParameters: 0 0 0

#Transform 94
Transform: AffineTransform_float_3_3
Parameters: 0.999999 9.71219e-05 -0.000709104 -9.12778e-05 0.999969 0.00778819 0.000709177 -0.00778782 0.99997 0.0937608 0.0477611 0.929512
FixedParameters: 0 0 0

#Transform 95
Transform: AffineTransform_float_3_3
Parameters: 1 0.000106757 -0.000563144 -0.000102188 0.999964 0.00855906 0.000564531 -0.00855895 0.999963 0.103455 -0.045479 0.946806
FixedParameters: 0 0 0

#Transform 96
Transform: AffineTransform_float_3_3
Parameters: 0.999999 -8.17929e-06 -0.000959192 1.41798e-05 0.999983 0.00571412 0.000959656 -0.00571488 0.999984 0.0894896 0.0609064 0.902392
FixedParameters: 0 0 0

#Transform 97
Transform: AffineTransform_float_3_3
Parameters: 0.999999 -4.17069e-05 -0.00124815 5.04332e-05 0.999978 0.00672694 0.00124749 -0.00672706 0.999976 0.0545964 -0.0152252 0.937079
FixedParameters: 0 0 0

#Transform 98
Transform: AffineTransform_float_3_3
Parameters: 0.999999 0.000182715 -0.00124354 -0.000172004 0.999962 0.00878522 0.00124597 -0.00878478 0.99996 0.0621429 0.0209961 1.05303
FixedParameters: 0 0 0

#Transform 99
Transform: AffineTransform_float_3_3
Parameters: 1 0.000217828 -0.00105744 -0.000209452 0.999965 0.00828736 0.00106006 -0.00828764 0.999965 0.0719363 0.0406867 0.995705
FixedParameters: 0 0 0

#Transform 100
Transform: AffineTransform_float_3_3
Parameters: 0.999999 0.000144673 -0.00129232 -0.000131095 0.99995 0.0099963 0.00129352 -0.00999571 0.999949 0.0883808 0.00236158 1.0501
FixedParameters: 0 0 0

#Transform 101
Transform: AffineTransform_float_3_3
Parameters: 0.999999 0.000153938 -0.00131213 -0.00013917 0.999939 0.0110523 0.00131405 -0.0110517 0.999938 0.0791897 0.0677238 1.03082
FixedParameters: 0 0 0

#Transform 102
Transform: AffineTransform_float_3_3
Parameters: 0.999999 -3.7846e-05 -0.00130444 5.26665e-05 0.999934 0.0114361 0.00130419 -0.0114359 0.999933 0.0694996 -0.00211697 1.10284
FixedParameters: 0 0 0

#Transform 103
Transform: AffineTransform_float_3_3
Parameters: 0.999999 -5.49204e-05 -0.00135901 6.87109e-05 0.999944 0.010599 0.00135848 -0.010599 0.999943 0.0693373 0.0934854 1.06076
FixedParameters: 0 0 0

#Transform 104
Transform: AffineTransform_float_3_3
Parameters: 0.999998 0.000285796 -0.00158367 -0.000270751 0.999957 0.00928055 0.00158652 -0.00927944 0.999955 0.072952 0.0284489 1.03042
FixedParameters: 0 0 0

#Transform 105
Transform: AffineTransform_float_3_3
Parameters: 0.999998 0.000363982 -0.00157523 -0.000349503 0.999958 0.00914669 0.00157944 -0.00914631 0.999957 0.0747569 0.0135917 1.08818
FixedParameters: 0 0 0

#Transform 106
Transform: AffineTransform_float_3_3
Parameters: 0.999999 -8.33935e-06 -0.00131403 2.00426e-05 0.999963 0.00865398 0.00131409 -0.00865402 0.999961 0.0578921 0.0572322 1.08066
FixedParameters: 0 0 0

#Transform 107
Transform: AffineTransform_float_3_3
Parameters: 0.999998 0.000340198 -0.00170736 -0.000334094 0.999994 0.00360071 0.00170851 -0.00360029 0.999992 0.070332 0.0180948 1.08738
FixedParameters: 0 0 0

#Transform 108
Transform: AffineTransform_float_3_3
Parameters: 1 0.000403542 -0.00114664 -0.000401569 0.999998 0.00226248 0.00114683 -0.00226253 0.999997 0.0611268 0.00643018 1.1297
FixedParameters: 0 0 0

#Transform 109
Transform: AffineTransform_float_3_3
Parameters: 0.999998 0.00066523 -0.00181002 -0.0006582 0.999992 0.00399133 0.00181216 -0.00398967 0.99999 0.0855016 0.00500409 1.05326
FixedParameters: 0 0 0

#Transform 110
Transform: AffineTransform_float_3_3
Parameters: 0.999999 0.000336922 -0.00175753 -0.000328391 0.999987 0.00506872 0.00175899 -0.00506828 0.999985 0.0935269 -0.0262182 1.11898
FixedParameters: 0 0 0

#Transform 111
Transform: AffineTransform_float_3_3
Parameters: 0.999997 0.000789787 -0.00223534 -0.000783688 0.999995 0.00277602 0.00223743 -0.00277398 0.999994 0.0107224 0.100116 1.01179
FixedParameters: 0 0 0

#Transform 112
Transform: AffineTransform_float_3_3
Parameters: 0.999999 0.000328494 -0.00178535 -0.000325221 0.999998 0.00206183 0.00178618 -0.00206117 0.999997 -0.00316709 0.0702414 1.0723
FixedParameters: 0 0 0

#Transform 113
Transform: AffineTransform_float_3_3
Parameters: 0.999999 0.000399235 -0.00117099 -0.000397967 1 0.000965467 0.00117188 -0.000964533 0.999999 0.0123908 0.0838893 1.08477
FixedParameters: 0 0 0

#Transform 114
Transform: AffineTransform_float_3_3
Parameters: 0.999998 0.000342282 -0.00168656 -0.000336982 0.999994 0.0034067 0.0016876 -0.0034063 0.999993 0.0367634 0.0469102 0.935819
FixedParameters: 0 0 0

#Transform 115
Transform: AffineTransform_float_3_3
Parameters: 0.999997 0.00109767 -0.0024182 -0.0010811 0.999974 0.0071508 0.00242586 -0.00714821 0.999971 0.0621503 0.0628863 1.01615
FixedParameters: 0 0 0

#Transform 116
Transform: AffineTransform_float_3_3
Parameters: 0.999996 0.000718242 -0.00271853 -0.000695273 0.999964 0.00843032 0.00272412 -0.00842868 0.999961 0.0760119 -0.000878122 1.07342
FixedParameters: 0 0 0

#Transform 117
Transform: AffineTransform_float_3_3
Parameters: 0.999997 0.000260067 -0.00234639 -0.000242617 0.999973 0.00741384 0.00234816 -0.00741316 0.99997 0.0637704 0.0911981 1.06945
FixedParameters: 0 0 0

#Transform 118
Transform: AffineTransform_float_3_3
Parameters: 0.999996 0.000698533 -0.00274672 -0.000674987 0.999965 0.00824627 0.00275259 -0.00824471 0.999962 0.0424278 0.0192675 1.04995
FixedParameters: 0 0 0

#Transform 119
Transform: AffineTransform_float_3_3
Parameters: 0.999997 0.000529172 -0.00266503 -0.000505415 0.999961 0.00888976 0.00267 -0.00888824 0.999957 0.077942 0.0291971 1.10721
FixedParameters: 0 0 0
