#Insight Transform File V1.0
#Transform 0
Transform: AffineTransform_float_3_3
Parameters: 0.999999 0.000672368 0.0003341 -0.000670363 0.999989 -0.00461223 -0.000336855 0.00461178 0.99999 -0.105448 0.0449238 0.110112
FixedParameters: 0 0 0

#Transform 1
Transform: AffineTransform_float_3_3
Parameters: 1 0.000298222 0.000288807 -0.000297564 0.999992 -0.00397909 -0.000289663 0.00397891 0.999992 -0.0970738 0.0333987 0.0781534
FixedParameters: 0 0 0

#Transform 2
Transform: AffineTransform_float_3_3
Parameters: 1 0.000208666 0.000360949 -0.000207152 0.999994 -0.00342208 -0.000362095 0.00342193 0.999994 -0.0974251 0.0141232 0.0794709
FixedParameters: 0 0 0

#Transform 3
Transform: AffineTransform_float_3_3
Parameters: 1 0.000350707 0.000148695 -0.00034954 0.999995 -0.00298005 -0.000149821 0.00297994 0.999995 -0.0759481 0.0226996 0.0680383
FixedParameters: 0 0 0

#Transform 4
Transform: AffineTransform_float_3_3
Parameters: 1 0.000259859 0.000330488 -0.000259091 0.999996 -0.00261208 -0.000331566 0.00261191 0.999996 -0.0885285 0.0137972 0.0467764
FixedParameters: 0 0 0

#Transform 5
Transform: AffineTransform_float_3_3
Parameters: 1 0.000517171 -0.000241244 -0.000517095 0.999997 -0.00241688 0.000239428 0.00241712 0.999997 -0.0482169 0.0180715 0.0716823
FixedParameters: 0 0 0

#Transform 6
Transform: AffineTransform_float_3_3
Parameters: 1 0.000380338 -0.000138881 -0.000380719 0.999997 -0.00237795 0.000138032 0.00237805 0.999997 -0.0496359 0.0134612 0.0621382
FixedParameters: 0 0 0

#Transform 7
Transform: AffineTransform_float_3_3
Parameters: 1 0.000217025 -0.000113155 -0.00021725 0.999997 -0.00221997 0.000113152 0.00222002 0.999997 -0.0528373 0.0116315 0.0440083
FixedParameters: 0 0 0

#Transform 8
Transform: AffineTransform_float_3_3
Parameters: 1 0.000345889 -0.000106961 -0.00034611 0.999997 -0.00233696 0.000106305 0.00233704 0.999998 -0.043526 0.046651 0.0114538
FixedParameters: 0 0 0

#Transform 9
Transform: AffineTransform_float_3_3
Parameters: 1 0.000443366 -0.000441393 -0.000443942 0.999998 -0.0020578 0.00044025 0.00205819 0.999998 -0.0160874 0.0288589 0.0596642
FixedParameters: 0 0 0

#Transform 10
Transform: AffineTransform_float_3_3
Parameters: 1 0.000306833 -0.000302522 -0.000307738 0.999999 -0.00149791 0.000301601 0.00149809 0.999999 -0.0199028 -0.0151981 0.0598068
FixedParameters: 0 0 0

#Transform 11
Transform: AffineTransform_float_3_3
Parameters: 0.999999 0.000367749 -0.0007032 -0.000368145 1 -0.00116174 0.000703028 0.00116226 0.999999 -0.00365423 -0.027255 0.0841065
FixedParameters: 0 0 0

#Transform 12
Transform: AffineTransform_float_3_3
Parameters: 1 0.000330622 -0.000425019 -0.000330952 0.999999 -0.00152086 0.000423735 0.00152114 0.999999 -0.011443 0.020606 0.0505517
FixedParameters: 0 0 0

#Transform 13
Transform: AffineTransform_float_3_3
Parameters: 1 0.000174479 -0.000396314 -0.000174616 0.999999 -0.00138585 0.000395553 0.00138515 0.999999 -0.0130874 -0.00280314 0.033006
FixedParameters: 0 0 0

#Transform 14
Transform: AffineTransform_float_3_3
Parameters: 1 0.000145164 -0.000410804 -0.000145612 0.999999 -0.00171594 0.000410027 0.00171606 0.999999 -0.0128338 0.0157015 -0.0119813
FixedParameters: 0 0 0

#Transform 15
Transform: AffineTransform_float_3_3
Parameters: 1 0.000148721 -0.000466969 -0.000149169 0.999999 -0.00150893 0.000466242 0.00150907 0.999999 -0.0113187 0.0153763 -0.0124922
FixedParameters: 0 0 0

#Transform 16
Transform: AffineTransform_float_3_3
Parameters: 1 -1.56432e-05 -0.000538947 1.44629e-05 1 -0.00109501 0.00053898 0.00109499 1 0.0069054 0.0140761 -0.0328007
FixedParameters: 0 0 0

#Transform 17
Transform: AffineTransform_float_3_3
Parameters: 1 0.000267272 -7.64898e-05 -0.000267475 0.999999 -0.00133598 7.57754e-05 0.00133602 0.999999 -0.00200741 0.0293496 -0.0453481
FixedParameters: 0 0 0

#Transform 18
Transform: AffineTransform_float_3_3
Parameters: 1 0.000527633 -0.000151675 -0.00052758 0.999999 -0.00073992 0.000151855 0.00074008 0.999999 0.0275815 -0.0388059 0.246372
FixedParameters: 0 0 0

#Transform 19
Transform: AffineTransform_float_3_3
Parameters: 1 7.58949e-05 -0.000651752 -7.56691e-05 1 -0.000563951 0.000651389 0.000564049 0.999999 0.0214282 0.0450362 -0.0130146
FixedParameters: 0 0 0

#Transform 20
Transform: AffineTransform_float_3_3
Parameters: 1 5.79195e-05 -1.56948e-05 -5.79286e-05 1 -0.000287999 1.56614e-05 0.000288001 1 0.0051525 0.00754887 -0.00277158
FixedParameters: 0 0 0

#Transform 21
Transform: AffineTransform_float_3_3
Parameters: 1 5.79188e-05 -1.56976e-05 -5.79293e-05 1 -0.000335999 1.56586e-05 0.000336001 1 -0.00288603 0.0228634 0.0240913
FixedParameters: 0 0 0

#Transform 22
Transform: AffineTransform_float_3_3
Parameters: 1 -9.18075e-05 -0.000130677 9.18626e-05 1 0.000210988 0.000130638 -0.000211012 1 0.0147489 -0.0305695 0.107163
FixedParameters: 0 0 0

#Transform 23
Transform: AffineTransform_float_3_3
Parameters: 1 -0.000420129 0.000142063 0.000419752 0.999998 0.00229506 -0.00014303 -0.00229494 0.999998 -0.0177605 -0.0239251 0.13887
FixedParameters: 0 0 0

#Transform 24
Transform: AffineTransform_float_3_3
Parameters: 1 2.1982e-05 4.09795e-06 -2.19954e-05 0.999998 0.001658 -4.02503e-06 -0.001658 0.999998 -0.00695197 -0.0406307 0.123377
FixedParameters: 0 0 0

#Transform 25
Transform: AffineTransform_float_3_3
Parameters: 1 7.48439e-05 -1.1108e-05 -7.48192e-05 1 0.001106 1.12736e-05 -0.001106 1 0.00582489 -0.00173196 0.083786
FixedParameters: 0 0 0

#Transform 26
Transform: AffineTransform_float_3_3
Parameters: 1 -0.000102969 3.9968e-05 0.000102856 0.999999 0.001403 -4.02568e-05 -0.001403 0.999999 0.00344642 -0.0168443 0.0565649
FixedParameters: 0 0 0

#Transform 27
Transform: AffineTransform_float_3_3
Parameters: 1 1.04459e-05 7.40831e-06 -1.04728e-05 0.999999 0.001821 -7.37022e-06 -0.001821 0.999999 0.00499493 -0.0357863 0.0316888
FixedParameters: 0 0 0

#Transform 28
Transform: AffineTransform_float_3_3
Parameters: 1 1.04471e-05 7.40657e-06 -1.04716e-05 0.999998 0.001655 -7.37195e-06 -0.001655 0.999998 0.0116662 -0.0191396 0.0461649
FixedParameters: 0 0 0

#Transform 29
Transform: AffineTransform_float_3_3
Parameters: 1 0.000168357 -0.00029798 -0.000168352 0.999998 0.00161805 0.000298802 -0.00161795 0.999998 0.014213 0.00576784 0.0801157
FixedParameters: 0 0 0

#Transform 30
Transform: AffineTransform_float_3_3
Parameters: 1 1.0446e-05 7.40813e-06 -1.04727e-05 0.999999 0.001804 -7.3704e-06 -0.001804 0.999999 0.00499227 -0.0341923 0.0761947
FixedParameters: 0 0 0

#Transform 31
Transform: AffineTransform_float_3_3
Parameters: 1 6.33171e-05 -7.74211e-06 -6.32871e-05 0.999998 0.00191 7.98393e-06 -0.00191 0.999998 0.00568556 -0.0423418 0.0467152
FixedParameters: 0 0 0

#Transform 32
Transform: AffineTransform_float_3_3
Parameters: 1 7.10085e-05 -9.93934e-06 -7.09681e-05 0.999998 0.002003 1.02237e-05 -0.002003 0.999998 -0.0166746 -0.046349 0.0466096
FixedParameters: 0 0 0

#Transform 33
Transform: AffineTransform_float_3_3
Parameters: 1 0.000133495 -2.78379e-05 -0.000133382 0.999998 0.002016 2.8376e-05 -0.002016 0.999998 -0.00452855 -0.0405808 0.0466545
FixedParameters: 0 0 0

#Transform 34
Transform: AffineTransform_float_3_3
Parameters: 1 0.000186682 6.72805e-05 -0.000187024 0.999996 0.00255799 -6.63245e-05 -0.00255801 0.999996 -0.00786506 -0.0437756 0.0498293
FixedParameters: 0 0 0

#Transform 35
Transform: AffineTransform_float_3_3
Parameters: 1 0.00021089 0.000115445 -0.000211428 0.999997 0.00234298 -0.000114456 -0.00234303 0.999997 -0.0105569 -0.0395258 0.0344835
FixedParameters: 0 0 0

#Transform 36
Transform: AffineTransform_float_3_3
Parameters: 1 0.000114281 -2.2266e-05 -0.000114165 0.999996 0.002579 2.28552e-05 -0.002579 0.999996 -0.00801364 -0.06712 0.0543892
FixedParameters: 0 0 0

#Transform 37
Transform: AffineTransform_float_3_3
Parameters: 1 0.000196008 -4.56292e-05 -0.00019605 0.999996 0.00256801 4.56753e-05 -0.00256799 0.999996 0.00747923 -0.0473282 0.0582079
FixedParameters: 0 0 0

#Transform 38
Transform: AffineTransform_float_3_3
Parameters: 1 2.77554e-05 6.799e-05 -2.81048e-05 0.999996 0.002572 -6.78463e-05 -0.002572 0.999996 -0.0346611 -0.0640701 0.041983
FixedParameters: 0 0 0

#Transform 39
Transform: AffineTransform_float_3_3
Parameters: 1 0.00014154 0.000466046 -0.000142976 0.999996 0.00257193 -0.000465592 -0.00257206 0.999996 -0.0274623 -0.0401756 0.0371972
FixedParameters: 0 0 0

#Transform 40
Transform: AffineTransform_float_3_3
Parameters: 1 5.95876e-05 0.000179539 -6.06093e-05 0.999996 0.00284799 -0.000179197 -0.00284801 0.999996 -0.0195276 -0.0531203 0.0434945
FixedParameters: 0 0 0

#Transform 41
Transform: AffineTransform_float_3_3
Parameters: 1 0.000134944 0.000442971 -0.000136261 0.999996 0.00257194 -0.00044255 -0.00257206 0.999996 -0.0263051 -0.0402794 0.0187166
FixedParameters: 0 0 0

#Transform 42
Transform: AffineTransform_float_3_3
Parameters: 1 9.78403e-05 0.00031317 -9.87696e-05 0.999996 0.00257197 -0.000313902 -0.00257203 0.999996 -0.0229874 -0.0408336 0.0167005
FixedParameters: 0 0 0

#Transform 43
Transform: AffineTransform_float_3_3
Parameters: 1 8.3066e-05 0.000261228 -8.33144e-05 0.999998 0.00231498 -0.00026112 -0.00231502 0.999998 -0.0216318 -0.0259893 0.024506
FixedParameters: 0 0 0

#Transform 44
Transform: AffineTransform_float_3_3
Parameters: 1 0.000181585 -4.15058e-05 -0.000181369 0.999996 0.00257201 4.24393e-05 -0.00257199 0.999996 -0.00592449 -0.0409335 0.0131356
FixedParameters: 0 0 0

#Transform 45
Transform: AffineTransform_float_3_3
Parameters: 1 0.0004395 -0.0001798 -0.000438912 0.999997 0.00239708 0.000180945 -0.00239692 0.999997 0.010104 0.00486451 0.0207993
FixedParameters: 0 0 0

#Transform 46
Transform: AffineTransform_float_3_3
Parameters: 1 0.00042183 0.000235169 -0.000422422 0.999997 0.00271683 -0.000234114 -0.00271618 0.999996 -0.00665945 -0.029601 0.0193764
FixedParameters: 0 0 0

#Transform 47
Transform: AffineTransform_float_3_3
Parameters: 1 0.00027104 -6.69201e-05 -0.000270899 0.999995 0.00311102 6.76453e-05 -0.00311098 0.999995 -0.00406004 -0.0370456 0.0293632
FixedParameters: 0 0 0

#Transform 48
Transform: AffineTransform_float_3_3
Parameters: 1 0.000222795 1.54442e-05 -0.000222203 0.999995 0.00296699 -1.5362e-05 -0.002967 0.999995 -0.00941344 -0.0576876 0.0498885
FixedParameters: 0 0 0

#Transform 49
Transform: AffineTransform_float_3_3
Parameters: 1 0.000298937 -7.4836e-05 -0.000298726 0.999994 0.00324302 7.58135e-05 -0.00324298 0.999994 0.0064933 -0.0202529 0.073555
FixedParameters: 0 0 0

#Transform 50
Transform: AffineTransform_float_3_3
Parameters: 1 0.000596283 8.40691e-07 -0.00059656 0.999998 0.002035 6.25971e-07 -0.002035 0.999998 0.0060899 -0.00659673 0.0658343
FixedParameters: 0 0 0

#Transform 51
Transform: AffineTransform_float_3_3
Parameters: 1 0.000382597 -9.87157e-05 -0.000382242 0.999995 0.00317904 0.000100186 -0.00317896 0.999995 0.00760546 -0.0387232 0.0348512
FixedParameters: 0 0 0

#Transform 52
Transform: AffineTransform_float_3_3
Parameters: 1 0.000362358 -9.31263e-05 -0.000362128 0.999997 0.00271004 9.41288e-05 -0.00270997 0.999997 0.000174128 -0.0121022 0.0198009
FixedParameters: 0 0 0

#Transform 53
Transform: AffineTransform_float_3_3
Parameters: 1 0.000334191 2.31871e-05 -0.000333645 0.999996 0.00302899 -2.24023e-05 -0.00302901 0.999996 0.00397526 -0.0200996 0.0437196
FixedParameters: 0 0 0

#Transform 54
Transform: AffineTransform_float_3_3
Parameters: 0.999999 0.000587465 -0.000470939 -0.000585938 0.999993 0.00351927 0.000472463 -0.00351872 0.999993 0.0353273 -0.0485862 0.0845097
FixedParameters: 0 0 0

#Transform 55
Transform: AffineTransform_float_3_3
Parameters: 1 0.000578206 -0.000331491 -0.000576856 0.999995 0.00286619 0.00033288 -0.00286581 0.999996 0.0243118 -0.0423428 0.0705394
FixedParameters: 0 0 0

#Transform 56
Transform: AffineTransform_float_3_3
Parameters: 1 0.000385495 -9.94884e-05 -0.000385108 0.999995 0.00330877 0.000101078 -0.00330923 0.999994 0.00913877 -0.0588006 0.0463067
FixedParameters: 0 0 0

#Transform 57
Transform: AffineTransform_float_3_3
Parameters: 1 0.000395076 -0.000102364 -0.000394742 0.999995 0.00296904 0.000103748 -0.00296896 0.999995 0.0116478 -0.0312211 0.0429305
FixedParameters: 0 0 0

#Transform 58
Transform: AffineTransform_float_3_3
Parameters: 1 0.000499147 -0.000236977 -0.000498186 0.999995 0.00318812 0.000238235 -0.00318788 0.999995 0.014233 -0.0549747 0.046343
FixedParameters: 0 0 0

#Transform 59
Transform: AffineTransform_float_3_3
Parameters: 1 0.000542422 -0.000198289 -0.000541656 0.999995 0.00331484 0.000199961 -0.00331516 0.999994 0.0131145 -0.0518733 0.0397029
FixedParameters: 0 0 0

#Transform 60
Transform: AffineTransform_float_3_3
Parameters: 0.999999 0.000459872 -0.000538777 -0.000458908 0.999995 0.00318825 0.00054034 -0.00318775 0.999995 0.0170312 -0.0240318 0.0576993
FixedParameters: 0 0 0

#Transform 61
Transform: AffineTransform_float_3_3
Parameters: 1 0.000437818 -0.000532418 -0.000435807 0.999995 0.00330731 0.000533663 -0.00330769 0.999995 0.0115567 -0.0522464 0.0518987
FixedParameters: 0 0 0

#Transform 62
Transform: AffineTransform_float_3_3
Parameters: 1 0.000502545 -0.000290829 -0.000500809 0.999994 0.00344615 0.000293325 -0.00344585 0.999994 0.00469043 -0.0385956 0.054594
FixedParameters: 0 0 0

#Transform 63
Transform: AffineTransform_float_3_3
Parameters: 1 0.000338711 -0.000504217 -0.000336714 0.999995 0.00320417 0.000505697 -0.00320383 0.999994 0.0146594 -0.0411019 0.0453293
FixedParameters: 0 0 0

#Transform 64
Transform: AffineTransform_float_3_3
Parameters: 1 0.000344146 -0.000233428 -0.000343045 0.999995 0.00294508 0.000234491 -0.00294492 0.999995 -0.00710302 -0.0306489 0.0396285
FixedParameters: 0 0 0

#Transform 65
Transform: AffineTransform_float_3_3
Parameters: 1 0.000296235 -0.000336062 -0.000295209 0.999995 0.0033631 0.000337367 -0.0033629 0.999995 0.0146289 -0.0438806 0.0442328
FixedParameters: 0 0 0

#Transform 66
Transform: AffineTransform_float_3_3
Parameters: 1 0.000424025 -0.000277956 -0.000422816 0.999995 0.00316812 0.000278717 -0.00316788 0.999995 0.0136841 -0.0408631 0.0459301
FixedParameters: 0 0 0

#Transform 67
Transform: AffineTransform_float_3_3
Parameters: 1 0.000393953 -0.000343241 -0.000393333 0.999995 0.00310614 0.000344042 -0.00310587 0.999995 0.0153174 -0.0433596 0.0499473
FixedParameters: 0 0 0

#Transform 68
Transform: AffineTransform_float_3_3
Parameters: 1 0.000427753 -0.000352669 -0.000426786 0.999993 0.00351215 0.000354025 -0.00351185 0.999994 0.0316803 -0.0425593 0.0418858
FixedParameters: 0 0 0

#Transform 69
Transform: AffineTransform_float_3_3
Parameters: 0.999999 0.000507418 -0.000492828 -0.000505426 0.999993 0.00355225 0.000494782 -0.00355175 0.999993 0.0279414 -0.0369372 0.0268747
FixedParameters: 0 0 0

#Transform 70
Transform: AffineTransform_float_3_3
Parameters: 1 0.000578723 -0.00095164 -0.00057505 0.999992 0.00387663 0.000954063 -0.00387637 0.999992 0.0716588 -0.0387096 -0.00852032
FixedParameters: 0 0 0

#Transform 71
Transform: AffineTransform_float_3_3
Parameters: 1 0.000470699 -0.000920385 -0.000465938 0.999989 0.00459851 0.000922642 -0.00459849 0.999989 0.0705961 -0.0660998 -0.0102155
FixedParameters: 0 0 0

#Transform 72
Transform: AffineTransform_float_3_3
Parameters: 1 0.000503947 -0.000930166 -0.000499945 0.999992 0.00414347 0.000932275 -0.00414253 0.999991 0.0676124 -0.0538913 -0.00674226
FixedParameters: 0 0 0

#Transform 73
Transform: AffineTransform_float_3_3
Parameters: 1 0.000579671 -0.000951923 -0.000576024 0.999992 0.00386163 0.000954335 -0.00386137 0.999992 0.0734575 -0.0467503 -0.004248
FixedParameters: 0 0 0

#Transform 74
Transform: AffineTransform_float_3_3
Parameters: 1 0.000579812 -0.000951836 -0.000575881 0.999991 0.00401062 0.00095442 -0.00401037 0.999991 0.0792673 -0.0586423 -0.00597356
FixedParameters: 0 0 0

#Transform 75
Transform: AffineTransform_float_3_3
Parameters: 1 0.000537914 -0.00109986 -0.000533327 0.999991 0.00420566 0.00110259 -0.00420533 0.99999 0.0830464 -0.0631813 -0.000176301
FixedParameters: 0 0 0

#Transform 76
Transform: AffineTransform_float_3_3
Parameters: 0.999999 0.00052415 -0.00114968 -0.00051949 0.999989 0.00459368 0.00115202 -0.00459332 0.999989 0.0843314 -0.0566533 -0.00765803
FixedParameters: 0 0 0

#Transform 77
Transform: AffineTransform_float_3_3
Parameters: 0.999999 0.000441506 -0.00144204 -0.000435447 0.999988 0.00481371 0.00144436 -0.00481329 0.999987 0.100448 -0.0781347 -0.024095
FixedParameters: 0 0 0

#Transform 78
Transform: AffineTransform_float_3_3
Parameters: 0.999999 0.000481222 -0.00130075 -0.000476303 0.99999 0.0045297 0.00130291 -0.0045293 0.999989 0.097576 -0.0863022 -0.0170831
FixedParameters: 0 0 0

#Transform 79
Transform: AffineTransform_float_3_3
Parameters: 0.999999 0.000475018 -0.00132199 -0.000469345 0.99999 0.0043797 0.00132366 -0.0043793 0.999989 0.10698 -0.06222 0.0220521
FixedParameters: 0 0 0

#Transform 80
Transform: AffineTransform_float_3_3
Parameters: 0.999999 0.000424247 -0.00150179 -0.00041832 0.99999 0.00457871 0.00150375 -0.00457829 0.999988 0.121028 -0.0521929 0.0113726
FixedParameters: 0 0 0

#Transform 81
Transform: AffineTransform_float_3_3
Parameters: 0.999999 0.00046382 -0.00136317 -0.000457653 0.999989 0.00477971 0.00136539 -0.0047793 0.999988 0.117376 -0.0790504 0.0918632
FixedParameters: 0 0 0

#Transform 82
Transform: AffineTransform_float_3_3
Parameters: 0.999998 0.000369345 -0.00195871 -0.000359216 0.999987 0.00507313 0.00196106 -0.00507286 0.999985 0.127096 -0.063699 0.0986513
FixedParameters: 0 0 0

#Transform 83
Transform: AffineTransform_float_3_3
Parameters: 0.999999 0.000343345 -0.00178931 -0.000335307 0.999988 0.00496995 0.00179133 -0.00496905 0.999986 0.128543 0.026417 -0.0307582
FixedParameters: 0 0 0

#Transform 84
Transform: AffineTransform_float_3_3
Parameters: 0.999998 0.000373556 -0.00168522 -0.000365277 0.999985 0.00543097 0.00168693 -0.00543003 0.999984 0.125721 -0.0814782 -0.0242759
FixedParameters: 0 0 0

#Transform 85
Transform: AffineTransform_float_3_3
Parameters: 0.999999 0.000361605 -0.00172937 -0.000351716 0.999983 0.00575704 0.00173117 -0.00575696 0.999982 0.126982 -0.0686864 -0.0522728
FixedParameters: 0 0 0

#Transform 86
Transform: AffineTransform_float_3_3
Parameters: 0.999999 0.000359302 -0.00173619 -0.000349855 0.999985 0.00552604 0.00173876 -0.00552597 0.999984 0.133921 -0.0472158 -0.0640978
FixedParameters: 0 0 0

#Transform 87
Transform: AffineTransform_float_3_3
Parameters: 0.999998 0.000443923 -0.00166134 -0.000434459 0.999984 0.00557515 0.00166365 -0.00557485 0.999984 0.1401 -0.0547519 -0.0305606
FixedParameters: 0 0 0

#Transform 88
Transform: AffineTransform_float_3_3
Parameters: 0.999999 0.000338913 -0.00181109 -0.000328224 0.999982 0.00598302 0.00181306 -0.00598297 0.99998 0.147062 -0.0451158 -0.0225174
FixedParameters: 0 0 0

#Transform 89
Transform: AffineTransform_float_3_3
Parameters: 0.999998 0.000320507 -0.0018747 -0.000310025 0.999984 0.00572594 0.00187628 -0.00572507 0.999982 0.156562 -0.0538682 -0.0135516
FixedParameters: 0 0 0

#Transform 90
Transform: AffineTransform_float_3_3
Parameters: 0.999998 0.000400029 -0.00189733 -0.00038999 0.999985 0.0055401 0.00189968 -0.00553891 0.999983 0.149677 -0.0284478 -0.036061
FixedParameters: 0 0 0

#Transform 91
Transform: AffineTransform_float_3_3
Parameters: 0.999998 0.00047327 -0.00197077 -0.000461683 0.999983 0.00579634 0.00197319 -0.00579565 0.999981 0.15205 -0.0872496 -0.0322
FixedParameters: 0 0 0

#Transform 92
Transform: AffineTransform_float_3_3
Parameters: 0.999998 0.000448455 -0.00191086 -0.000437922 0.999984 0.00570319 0.00191292 -0.00570181 0.999982 0.159949 -0.057953 -0.0184395
FixedParameters: 0 0 0

#Transform 93
Transform: AffineTransform_float_3_3
Parameters: 0.999998 0.000287271 -0.00199304 -0.000276 0.999983 0.00582517 0.00199457 -0.00582383 0.999981 0.172516 -0.0791332 0.00180258
FixedParameters: 0 0 0

#Transform 94
Transform: AffineTransform_float_3_3
Parameters: 0.999997 0.00041256 -0.00213304 -0.000401736 0.999986 0.00511255 0.00213518 -0.00511144 0.999985 0.180909 -0.0639232 -0.0307521
FixedParameters: 0 0 0

#Transform 95
Transform: AffineTransform_float_3_3
Parameters: 0.999998 0.000320317 -0.00187473 -0.000310214 0.999984 0.00562493 0.00187624 -0.00562406 0.999982 0.151849 -0.0714909 -0.0260056
FixedParameters: 0 0 0

#Transform 96
Transform: AffineTransform_float_3_3
Parameters: 0.999998 0.000391282 -0.00201417 -0.000379434 0.999983 0.0057372 0.0020156 -0.0057368 0.999981 0.156085 -0.0443101 -0.0789118
FixedParameters: 0 0 0

#Transform 97
Transform: AffineTransform_float_3_3
Parameters: 0.999998 0.000288428 -0.00198918 -0.000277064 0.999983 0.00585899 0.00199074 -0.00585902 0.999981 0.158223 -0.0969831 -0.0225719
FixedParameters: 0 0 0

#Transform 98
Transform: AffineTransform_float_3_3
Parameters: 0.999997 0.000753831 -0.00199691 -0.000742235 0.999983 0.00585992 0.00200076 -0.00585809 0.999981 0.158697 -0.0438183 -0.0321009
FixedParameters: 0 0 0

#Transform 99
Transform: AffineTransform_float_3_3
Parameters: 0.999998 0.000320137 -0.00187476 -0.000310396 0.999985 0.00552802 0.00187622 -0.00552799 0.999983 0.139713 -0.0275011 -0.0345003
FixedParameters: 0 0 0

#Transform 100
Transform: AffineTransform_float_3_3
Parameters: 0.999999 0.000349627 -0.00177172 -0.00034025 0.999983 0.00574603 0.00177365 -0.00574597 0.999982 0.136548 -0.0406031 -0.0376741
FixedParameters: 0 0 0

#Transform 101
Transform: AffineTransform_float_3_3
Parameters: 0.999999 0.000404773 -0.00179582 -0.000394999 0.999985 0.00551207 0.00179792 -0.00551094 0.999984 0.141002 -0.102056 0.00522181
FixedParameters: 0 0 0

#Transform 102
Transform: AffineTransform_float_3_3
Parameters: 0.999997 0.000249074 -0.00212779 -0.000237512 0.999983 0.00574994 0.00212911 -0.00575006 0.999981 0.160264 -0.0786115 -0.0429131
FixedParameters: 0 0 0

#Transform 103
Transform: AffineTransform_float_3_3
Parameters: 0.999998 0.000340597 -0.0022456 -0.000326529 0.99998 0.00628144 0.00224763 -0.00628056 0.999978 0.166378 -0.111089 -0.00395776
FixedParameters: 0 0 0

#Transform 104
Transform: AffineTransform_float_3_3
Parameters: 0.999998 0.000584087 -0.00194641 -0.000568296 0.999967 0.00814355 0.00195103 -0.00814246 0.999965 0.139299 -0.161238 0.0981506
FixedParameters: 0 0 0

#Transform 105
Transform: AffineTransform_float_3_3
Parameters: 0.999999 0.000824249 -0.00161333 -0.000811241 0.999963 0.00853247 0.00162004 -0.00853152 0.999962 0.14123 -0.0747401 0.0728581
FixedParameters: 0 0 0

#Transform 106
Transform: AffineTransform_float_3_3
Parameters: 0.999999 0.000775297 -0.00165602 -0.000764225 0.999978 0.00661436 0.00166101 -0.00661265 0.999977 0.144263 -0.0433041 0.224981
FixedParameters: 0 0 0

#Transform 107
Transform: AffineTransform_float_3_3
Parameters: 0.999999 0.000808124 -0.00166371 -0.000795365 0.999969 0.00783048 0.0016697 -0.0078295 0.999967 0.139928 -0.159315 0.262929
FixedParameters: 0 0 0

#Transform 108
Transform: AffineTransform_float_3_3
Parameters: 0.999999 0.000736407 -0.00164395 -0.000723649 0.999971 0.00755027 0.0016491 -0.00754872 0.99997 0.139281 -0.12006 0.295942
FixedParameters: 0 0 0

#Transform 109
Transform: AffineTransform_float_3_3
Parameters: 0.999998 0.00092296 -0.00169568 -0.000909472 0.999968 0.00797671 0.00170277 -0.00797529 0.999967 0.128714 -0.0962878 0.263803
FixedParameters: 0 0 0

#Transform 110
Transform: AffineTransform_float_3_3
Parameters: 0.999998 0.000994236 -0.00171562 -0.000980386 0.999968 0.00798685 0.00172387 -0.00798515 0.999967 0.132679 -0.0960534 0.242137
FixedParameters: 0 0 0

#Transform 111
Transform: AffineTransform_float_3_3
Parameters: 0.999999 0.000737515 -0.00164345 -0.00072378 0.999965 0.00822462 0.00164891 -0.00822337 0.999965 0.12866 -0.0676428 0.267547
FixedParameters: 0 0 0

#Transform 112
Transform: AffineTransform_float_3_3
Parameters: 0.999999 0.000872676 -0.0011654 -0.000861508 0.999951 0.00977309 0.00117428 -0.0097719 0.999951 0.119494 -0.0640734 0.324103
FixedParameters: 0 0 0

#Transform 113
Transform: AffineTransform_float_3_3
Parameters: 0.999999 0.000874035 -0.00156094 -0.000861037 0.999964 0.00841643 0.00156898 -0.00841456 0.999963 0.130166 -0.171317 0.376987
FixedParameters: 0 0 0

#Transform 114
Transform: AffineTransform_float_3_3
Parameters: 0.999998 0.000942833 -0.00130274 -0.000929486 0.999948 0.0101583 0.00131204 -0.0101567 0.999947 0.107035 -0.158217 0.412849
FixedParameters: 0 0 0

#Transform 115
Transform: AffineTransform_float_3_3
Parameters: 0.999998 0.0011742 -0.0011447 -0.00116201 0.999939 0.0109784 0.00115747 -0.0109766 0.999939 0.092897 -0.229985 0.515098
FixedParameters: 0 0 0

#Transform 116
Transform: AffineTransform_float_3_3
Parameters: 0.999998 0.0016476 -0.000154009 -0.00164516 0.999938 0.011022 0.000171899 -0.011022 0.99994 0.0588576 -0.202325 0.530213
FixedParameters: 0 0 0

#Transform 117
Transform: AffineTransform_float_3_3
Parameters: 0.999998 0.00159528 -0.000620388 -0.00158865 0.999941 0.0107627 0.000637915 -0.0107613 0.999942 0.0721943 -0.20414 0.489008
FixedParameters: 0 0 0

#Transform 118
Transform: AffineTransform_float_3_3
Parameters: 0.999998 0.00150291 -0.000684086 -0.00149469 0.999941 0.0107358 0.000700488 -0.0107342 0.999942 0.0706781 -0.197815 0.495184
FixedParameters: 0 0 0

#Transform 119
Transform: AffineTransform_float_3_3
Parameters: 0.999998 0.00147964 -0.000911842 -0.00146852 0.999933 0.0115129 0.000928915 -0.0115121 0.999933 0.0785033 -0.195449 0.503438
FixedParameters: 0 0 0
