# transform file /out/sourcedata/freesurfer/sub-v1s18x0051276_ses-1/mri/transforms/cc_up.lta
# created by oesteban on Thu Mar 12 13:35:50 2026

type      = 0 # LINEAR_VOX_TO_VOX
nxforms   = 1
mean      = 125.0000 107.0000 125.0000
sigma     = 10000.0000
1 4 4
9.966644048690796e-01 8.115119487047195e-02 8.645047433674335e-03 -7.369964599609375e+00 
-8.114814758300781e-02 9.967018961906433e-01 -7.038774201646447e-04 5.466240692138672e+01 
-8.673654869198799e-03 0.000000000000000e+00 9.999624490737915e-01 1.610580635070801e+01 
0.000000000000000e+00 0.000000000000000e+00 0.000000000000000e+00 1.000000000000000e+00 
src volume info
valid = 1  # volume info valid
filename = /out/sourcedata/freesurfer/sub-v1s18x0051276_ses-1/mri/norm.mgz
volume = 256 256 256
voxelsize = 1.000000000000000e+00 1.000000000000000e+00 1.000000000000000e+00
xras   = -1.000000000000000e+00 0.000000000000000e+00 0.000000000000000e+00
yras   = 0.000000000000000e+00 0.000000000000000e+00 -1.000000000000000e+00
zras   = 0.000000000000000e+00 1.000000000000000e+00 0.000000000000000e+00
cras   = -1.216133117675781e+00 8.258605957031250e+00 -9.895874023437500e+00
dst volume info
valid = 1  # volume info valid
filename = /out/sourcedata/freesurfer/sub-v1s18x0051276_ses-1/mri/norm.mgz
volume = 256 256 256
voxelsize = 1.000000000000000e+00 1.000000000000000e+00 1.000000000000000e+00
xras   = -1.000000000000000e+00 0.000000000000000e+00 0.000000000000000e+00
yras   = 0.000000000000000e+00 0.000000000000000e+00 -1.000000000000000e+00
zras   = 0.000000000000000e+00 1.000000000000000e+00 0.000000000000000e+00
cras   = -1.216133117675781e+00 8.258605957031250e+00 -9.895874023437500e+00
