# transform file /out/sourcedata/freesurfer/sub-v1s18x0051261_ses-1/mri/transforms/cc_up.lta
# created by oesteban on Mon Mar  9 08:12:12 2026

type      = 0 # LINEAR_VOX_TO_VOX
nxforms   = 1
mean      = 128.0000 104.0000 126.0000
sigma     = 10000.0000
1 4 4
9.954628348350525e-01 -3.616766259074211e-02 8.800963312387466e-02 -6.676069259643555e+00 
3.602713346481323e-02 9.993457794189453e-01 3.185186767950654e-03 3.706958389282227e+01 
-8.806724846363068e-02 -2.328306436538696e-10 9.961145520210266e-01 2.474121475219727e+01 
0.000000000000000e+00 0.000000000000000e+00 0.000000000000000e+00 1.000000000000000e+00 
src volume info
valid = 1  # volume info valid
filename = /out/sourcedata/freesurfer/sub-v1s18x0051261_ses-1/mri/norm.mgz
volume = 256 256 256
voxelsize = 1.000000000000000e+00 1.000000000000000e+00 1.000000000000000e+00
xras   = -1.000000000000000e+00 0.000000000000000e+00 1.862645149230957e-09
yras   = 0.000000000000000e+00 0.000000000000000e+00 -9.999999403953552e-01
zras   = 0.000000000000000e+00 1.000000000000000e+00 0.000000000000000e+00
cras   = 1.839935302734375e+00 1.733850860595703e+01 2.192413330078125e+00
dst volume info
valid = 1  # volume info valid
filename = /out/sourcedata/freesurfer/sub-v1s18x0051261_ses-1/mri/norm.mgz
volume = 256 256 256
voxelsize = 1.000000000000000e+00 1.000000000000000e+00 1.000000000000000e+00
xras   = -1.000000000000000e+00 0.000000000000000e+00 1.862645149230957e-09
yras   = 0.000000000000000e+00 0.000000000000000e+00 -9.999999403953552e-01
zras   = 0.000000000000000e+00 1.000000000000000e+00 0.000000000000000e+00
cras   = 1.839935302734375e+00 1.733850860595703e+01 2.192413330078125e+00
