# transform file /out/sourcedata/freesurfer/sub-v1s18x0051210_ses-1/mri/transforms/cc_up.lta
# created by oesteban on Mon Mar  9 05:16:32 2026

type      = 0 # LINEAR_VOX_TO_VOX
nxforms   = 1
mean      = 128.0000 116.0000 135.0000
sigma     = 10000.0000
1 4 4
9.987833499908447e-01 3.187384828925133e-02 -3.763022646307945e-02 4.857993721961975e-01 
-3.185125067830086e-02 9.994919300079346e-01 1.200029742904007e-03 3.201560211181641e+01 
3.764935582876205e-02 1.164153357047226e-10 9.992910623550415e-01 -1.775212287902832e+00 
0.000000000000000e+00 0.000000000000000e+00 0.000000000000000e+00 1.000000000000000e+00 
src volume info
valid = 1  # volume info valid
filename = /out/sourcedata/freesurfer/sub-v1s18x0051210_ses-1/mri/norm.mgz
volume = 256 256 256
voxelsize = 1.000000000000000e+00 1.000000000000000e+00 1.000000000000000e+00
xras   = -1.000000000000000e+00 0.000000000000000e+00 0.000000000000000e+00
yras   = 0.000000000000000e+00 0.000000000000000e+00 -1.000000000000000e+00
zras   = 0.000000000000000e+00 1.000000000000000e+00 0.000000000000000e+00
cras   = -2.426788330078125e+00 -3.847930908203125e+00 1.129055786132812e+01
dst volume info
valid = 1  # volume info valid
filename = /out/sourcedata/freesurfer/sub-v1s18x0051210_ses-1/mri/norm.mgz
volume = 256 256 256
voxelsize = 1.000000000000000e+00 1.000000000000000e+00 1.000000000000000e+00
xras   = -1.000000000000000e+00 0.000000000000000e+00 0.000000000000000e+00
yras   = 0.000000000000000e+00 0.000000000000000e+00 -1.000000000000000e+00
zras   = 0.000000000000000e+00 1.000000000000000e+00 0.000000000000000e+00
cras   = -2.426788330078125e+00 -3.847930908203125e+00 1.129055786132812e+01
