#Insight Transform File V1.0
#Transform 0
Transform: AffineTransform_float_3_3
Parameters: 0.999999 0.000575119 0.00131981 -0.000574494 1 -0.000559312 -0.00131992 0.000558688 0.999999 -0.0962744 -0.0225852 -0.0172157
FixedParameters: 0 0 0

#Transform 1
Transform: AffineTransform_float_3_3
Parameters: 1 0.000188869 0.00108844 -0.000188131 1 -0.000729758 -0.00108819 0.000730242 0.999999 -0.0790915 0.0107244 -0.00051275
FixedParameters: 0 0 0

#Transform 2
Transform: AffineTransform_float_3_3
Parameters: 0.999999 0.000532463 0.00131685 -0.00053132 0.999999 -0.000757253 -0.00131713 0.000756746 0.999998 -0.0875946 -0.0124992 -0.0265495
FixedParameters: 0 0 0

#Transform 3
Transform: AffineTransform_float_3_3
Parameters: 0.999999 0.000440477 0.0014949 -0.000438872 0.999999 -0.000821933 -0.0014951 0.000821065 0.999998 -0.0777412 -0.00594668 -0.0150124
FixedParameters: 0 0 0

#Transform 4
Transform: AffineTransform_float_3_3
Parameters: 0.999999 0.000828251 0.00106569 -0.000827999 0.999999 -0.000517436 -0.00106602 0.000516565 0.999999 -0.0671622 -0.00898377 -0.0183471
FixedParameters: 0 0 0

#Transform 5
Transform: AffineTransform_float_3_3
Parameters: 0.999999 0.000862133 0.00103777 -0.000861832 1 -0.000145447 -0.00103802 0.000144552 1 -0.0526381 -0.0281533 -0.0137517
FixedParameters: 0 0 0

#Transform 6
Transform: AffineTransform_float_3_3
Parameters: 1 0.00041728 0.000452087 -0.00041743 0.999999 -0.000774188 -0.000452207 0.000773811 0.999999 -0.0270976 -0.0125594 -0.0450029
FixedParameters: 0 0 0

#Transform 7
Transform: AffineTransform_float_3_3
Parameters: 1 0.000352344 0.000301825 -0.000352101 1 -0.000403106 -0.000302109 0.000402893 1 -0.00196589 -0.0419362 -0.033633
FixedParameters: 0 0 0

#Transform 8
Transform: AffineTransform_float_3_3
Parameters: 1 0.00029728 -4.96162e-05 -0.00029728 1 -6.98525e-06 4.9612e-05 7.01475e-06 1 0.00796539 -0.0299184 -0.0229254
FixedParameters: 0 0 0

#Transform 9
Transform: AffineTransform_float_3_3
Parameters: 1 0.00025316 -0.000121041 -0.000253121 1 0.000162031 0.000121123 -0.000161969 1 0.0101869 -0.0222276 -0.0563546
FixedParameters: 0 0 0

#Transform 10
Transform: AffineTransform_float_3_3
Parameters: 1 0.000133906 5.13233e-05 -0.000133942 1 0.000349993 -5.12296e-05 -0.000350007 1 -0.00583504 -0.0416303 -0.0464536
FixedParameters: 0 0 0

#Transform 11
Transform: AffineTransform_float_3_3
Parameters: 1 0.000244827 -0.000134524 -0.000245165 0.999999 0.000700033 0.000134016 -0.000699967 0.999999 0.010573 -0.0690317 -0.0571055
FixedParameters: 0 0 0

#Transform 12
Transform: AffineTransform_float_3_3
Parameters: 1 0.000243752 -0.000136271 -0.000244137 1 0.000516033 0.000135672 -0.000515967 1 0.010628 -0.0584841 -0.0617644
FixedParameters: 0 0 0

#Transform 13
Transform: AffineTransform_float_3_3
Parameters: 1 4.55764e-05 -0.000457153 -4.55819e-05 1 -5.97916e-06 0.000457152 6.02084e-06 1 0.0207203 -0.0443558 -0.044145
FixedParameters: 0 0 0

#Transform 14
Transform: AffineTransform_float_3_3
Parameters: 1 0.00022124 5.38227e-05 -0.000221272 1 0.000301988 -5.36891e-05 -0.000302012 1 0.00193727 -0.0338005 -0.0427449
FixedParameters: 0 0 0

#Transform 15
Transform: AffineTransform_float_3_3
Parameters: 1 0.000252651 -0.000121859 -0.000252579 1 0.000295031 0.000122008 -0.000294969 1 -0.00249561 -0.042211 -0.037308
FixedParameters: 0 0 0

#Transform 16
Transform: AffineTransform_float_3_3
Parameters: 1 5.67592e-05 -0.0001784 -5.66561e-05 1 0.00028901 0.000178432 -0.00028899 1 0.0130303 -0.0498097 -0.0324058
FixedParameters: 0 0 0

#Transform 17
Transform: AffineTransform_float_3_3
Parameters: 1 -0.000157566 -0.000331659 0.000157963 1 0.000598947 0.00033147 -0.000599052 1 0.0186507 -0.0230609 -0.00381675
FixedParameters: 0 0 0

#Transform 18
Transform: AffineTransform_float_3_3
Parameters: 1 1.76903e-05 2.01366e-06 -1.76928e-05 1 0.000641 -1.99098e-06 -0.000641 1 0.008444 -0.0365387 -0.039161
FixedParameters: 0 0 0

#Transform 19
Transform: AffineTransform_float_3_3
Parameters: 1 0.000184423 3.60829e-06 -0.000184422 1 -0.000134001 -3.65772e-06 0.000133999 1 0.00729915 -0.0115775 -0.016888
FixedParameters: 0 0 0

#Transform 20
Transform: AffineTransform_float_3_3
Parameters: 1 0.000173676 -3.09446e-05 -0.000173701 1 -0.000402995 3.08046e-05 0.000403005 1 -0.00094123 0.031913 0.0207123
FixedParameters: 0 0 0

#Transform 21
Transform: AffineTransform_float_3_3
Parameters: 1 -5.22248e-05 -0.000396729 5.23034e-05 1 9.89793e-05 0.000396718 -9.90207e-05 1 0.0113854 0.0273653 0.0321415
FixedParameters: 0 0 0

#Transform 22
Transform: AffineTransform_float_3_3
Parameters: 1 0.000184724 -1.30008e-05 -0.000184723 1 3.70024e-05 1.30144e-05 -3.69976e-05 1 -0.00447722 -0.0111989 -0.0290274
FixedParameters: 0 0 0

#Transform 23
Transform: AffineTransform_float_3_3
Parameters: 1 4.41781e-05 -0.000456072 -4.35769e-05 1 0.00065902 0.00045613 -0.00065898 0.999999 0.0166195 -0.0443067 -0.0293123
FixedParameters: 0 0 0

#Transform 24
Transform: AffineTransform_float_3_3
Parameters: 1 2.4696e-05 -0.000443994 -2.39217e-05 0.999999 0.00087201 0.000444037 -0.000871988 0.999999 0.0205245 -0.0504062 -0.0590386
FixedParameters: 0 0 0

#Transform 25
Transform: AffineTransform_float_3_3
Parameters: 1 0.000152776 -0.000396172 -0.000152279 1 0.00062706 0.000396363 -0.000626939 0.999999 0.0184115 -0.0432894 -0.0252332
FixedParameters: 0 0 0

#Transform 26
Transform: AffineTransform_float_3_3
Parameters: 1 0.000350219 -0.000175134 -0.000350197 1 6.20613e-05 0.000175177 -6.19386e-05 1 0.0110249 -0.0177364 -0.0162654
FixedParameters: 0 0 0

#Transform 27
Transform: AffineTransform_float_3_3
Parameters: 1 0.000405153 -0.000547069 -0.000404383 1 0.000703051 0.000547638 -0.000703949 1 0.0207912 -0.0653287 -0.0204905
FixedParameters: 0 0 0

#Transform 28
Transform: AffineTransform_float_3_3
Parameters: 0.999999 0.000466972 -0.000717103 -0.000466489 1 0.000337334 0.000717418 -0.000336665 0.999999 0.0283021 -0.038767 -0.0588624
FixedParameters: 0 0 0

#Transform 29
Transform: AffineTransform_float_3_3
Parameters: 0.999999 0.000467405 -0.000716822 -0.000466056 1 0.000939887 0.000717699 -0.000940112 0.999999 0.0249767 -0.0746963 -0.0300952
FixedParameters: 0 0 0

#Transform 30
Transform: AffineTransform_float_3_3
Parameters: 0.999999 0.000448959 -0.000706165 -0.000448768 1 0.000135317 0.000706286 -0.000134683 0.999999 0.0247977 -0.0192995 -0.0422018
FixedParameters: 0 0 0

#Transform 31
Transform: AffineTransform_float_3_3
Parameters: 0.999999 0.000597034 -0.00079756 -0.000596774 1 0.000163476 0.000797755 -0.000162524 0.999999 0.026303 -0.0200728 -0.0183466
FixedParameters: 0 0 0

#Transform 32
Transform: AffineTransform_float_3_3
Parameters: 0.999999 0.00043928 -0.000699528 -0.000438028 1 0.00089386 0.000700312 -0.00089414 0.999999 0.0246601 -0.0385846 -0.0297005
FixedParameters: 0 0 0

#Transform 33
Transform: AffineTransform_float_3_3
Parameters: 1 0.000635894 -0.000735005 -0.000635161 1 0.00085602 0.000735242 -0.00085598 0.999999 0.0128723 -0.0360442 -0.0277227
FixedParameters: 0 0 0

#Transform 34
Transform: AffineTransform_float_3_3
Parameters: 1 0.000581586 -0.000300945 -0.000581596 1 0.000856728 0.000301091 -0.000857272 0.999999 0.000559132 -0.0249188 -0.00824915
FixedParameters: 0 0 0

#Transform 35
Transform: AffineTransform_float_3_3
Parameters: 0.999999 0.000355236 -0.000647454 -0.00035361 0.999999 0.00125451 0.000648343 -0.00125449 0.999999 0.0138549 -0.0501551 -0.0255497
FixedParameters: 0 0 0

#Transform 36
Transform: AffineTransform_float_3_3
Parameters: 1 0.000198528 -0.000550977 -0.000198071 0.999999 0.00118539 0.000551973 -0.00118561 1 0.00483863 -0.0355865 -0.00476237
FixedParameters: 0 0 0

#Transform 37
Transform: AffineTransform_float_3_3
Parameters: 1 0.000251259 -0.000583519 -0.00025084 0.999999 0.00108742 0.00058459 -0.00108758 1 0.0148888 -0.0407603 -0.0386616
FixedParameters: 0 0 0

#Transform 38
Transform: AffineTransform_float_3_3
Parameters: 1 0.000262688 -0.000446456 -0.000263177 1 0.000404117 0.000447194 -0.000403882 1 0.0190442 -0.0153848 -0.0408785
FixedParameters: 0 0 0

#Transform 39
Transform: AffineTransform_float_3_3
Parameters: 1 0.000320978 -0.00062658 -0.000319804 0.999999 0.00093603 0.00062718 -0.00093697 0.999999 0.0170936 -0.0173051 -0.0397564
FixedParameters: 0 0 0

#Transform 40
Transform: AffineTransform_float_3_3
Parameters: 0.999999 0.00038475 -0.000665974 -0.000383654 1 0.000821809 0.000666606 -0.000822191 0.999999 0.0136773 -0.0216637 -0.0221133
FixedParameters: 0 0 0

#Transform 41
Transform: AffineTransform_float_3_3
Parameters: 0.999999 0.000559475 -0.000620819 -0.000558254 0.999999 0.0009829 0.000621918 -0.000983099 0.999999 0.00861416 -0.0311653 -0.042556
FixedParameters: 0 0 0

#Transform 42
Transform: AffineTransform_float_3_3
Parameters: 0.999999 0.000601392 -0.000455534 -0.000600857 0.999999 0.000587274 0.00045624 -0.000586725 0.999999 0.00288488 -0.0171276 -0.0316373
FixedParameters: 0 0 0

#Transform 43
Transform: AffineTransform_float_3_3
Parameters: 0.999999 0.000749069 -0.000635095 -0.000748718 1 0.000276029 0.000635509 -0.000275971 1 0.00508322 -0.0295651 -0.0365226
FixedParameters: 0 0 0

#Transform 44
Transform: AffineTransform_float_3_3
Parameters: 1 0.00081058 -0.000766129 -0.000809553 0.999999 0.00101362 0.000766919 -0.00101238 0.999999 0.00954184 -0.0256842 -0.0116974
FixedParameters: 0 0 0

#Transform 45
Transform: AffineTransform_float_3_3
Parameters: 1 0.000799479 -0.000784093 -0.000798584 0.999999 0.000905455 0.000784689 -0.000905544 0.999999 0.0130295 -0.0145805 -0.0345104
FixedParameters: 0 0 0

#Transform 46
Transform: AffineTransform_float_3_3
Parameters: 1 0.000841155 -0.000716343 -0.000840985 1 0.000486156 0.00071631 -0.000485845 1 0.00284612 -0.00985057 -0.0373945
FixedParameters: 0 0 0

#Transform 47
Transform: AffineTransform_float_3_3
Parameters: 1 0.000777345 -0.000819939 -0.000776053 1 0.00078719 0.000821161 -0.000786809 0.999999 0.00256442 -0.0218849 -0.0262855
FixedParameters: 0 0 0

#Transform 48
Transform: AffineTransform_float_3_3
Parameters: 1 0.00074144 -0.000878007 -0.000741021 1 0.000538204 0.000877954 -0.000537796 0.999999 0.0105608 -0.0258356 -0.0398468
FixedParameters: 0 0 0

#Transform 49
Transform: AffineTransform_float_3_3
Parameters: 1 0.000716104 -0.000919407 -0.00071486 1 0.000962658 0.000919933 -0.000961342 0.999999 0.000790468 -0.0165807 -0.0588402
FixedParameters: 0 0 0

#Transform 50
Transform: AffineTransform_float_3_3
Parameters: 1 0.000447217 -0.000541988 -0.000446323 0.999999 0.00130924 0.000542306 -0.00130876 0.999999 -0.0219851 -0.0180631 -0.0333756
FixedParameters: 0 0 0

#Transform 51
Transform: AffineTransform_float_3_3
Parameters: 1 0.000753531 -0.0008592 -0.000751524 0.999998 0.00177892 0.000860175 -0.00177808 0.999999 -0.00875798 -0.0512383 -0.0104859
FixedParameters: 0 0 0

#Transform 52
Transform: AffineTransform_float_3_3
Parameters: 0.999999 0.000413746 -0.00089375 -0.000412098 0.999999 0.00121637 0.000893904 -0.00121563 0.999999 0.00520327 -0.0323984 -0.0333757
FixedParameters: 0 0 0

#Transform 53
Transform: AffineTransform_float_3_3
Parameters: 1 0.000275183 -0.00115417 -0.000274015 1 0.000734317 0.00115373 -0.000733684 0.999999 0.0140584 -0.0108468 -0.018442
FixedParameters: 0 0 0

#Transform 54
Transform: AffineTransform_float_3_3
Parameters: 0.999999 0.000505523 -0.000702663 -0.000505485 0.999999 0.00100618 0.000703356 -0.00100682 0.999999 -0.00386103 -0.0362498 -0.0109366
FixedParameters: 0 0 0

#Transform 55
Transform: AffineTransform_float_3_3
Parameters: 1 0.000305034 -0.00117178 -0.000302868 0.999999 0.0015118 0.00117238 -0.0015102 0.999998 0.0102261 -0.0247285 -0.00740245
FixedParameters: 0 0 0

#Transform 56
Transform: AffineTransform_float_3_3
Parameters: 0.999999 0.000365861 -0.000893479 -0.00036532 0.999999 0.00136733 0.000893303 -0.00136667 0.999998 0.00223592 0.00686894 -0.0111919
FixedParameters: 0 0 0

#Transform 57
Transform: AffineTransform_float_3_3
Parameters: 0.999999 0.000387052 -0.00065298 -0.00038598 0.999999 0.00122325 0.000653075 -0.00122275 0.999999 -0.00448902 -0.00637329 -0.00160207
FixedParameters: 0 0 0

#Transform 58
Transform: AffineTransform_float_3_3
Parameters: 0.999999 0.000697879 -0.000584969 -0.000697083 0.999999 0.00112941 0.000585693 -0.00112859 0.999999 -0.00838307 -0.0167312 -0.0353296
FixedParameters: 0 0 0

#Transform 59
Transform: AffineTransform_float_3_3
Parameters: 1 0.000486329 -0.000308746 -0.000485923 0.999998 0.00150615 0.000309359 -0.00150585 0.999999 -0.0143845 -0.00717578 -0.0616945
FixedParameters: 0 0 0

#Transform 60
Transform: AffineTransform_float_3_3
Parameters: 0.999999 0.000432419 -0.000581638 -0.000430594 0.999998 0.00201925 0.00058253 -0.00201875 0.999998 -0.00665678 -0.0388567 0.00318625
FixedParameters: 0 0 0

#Transform 61
Transform: AffineTransform_float_3_3
Parameters: 1 0.000410332 -0.000432217 -0.000410383 0.999998 0.00153218 0.000433149 -0.00153182 0.999998 -0.0105244 -0.0462009 -0.0402474
FixedParameters: 0 0 0

#Transform 62
Transform: AffineTransform_float_3_3
Parameters: 0.999999 0.000250673 -0.000691884 -0.000249505 0.999998 0.00183745 0.000692478 -0.00183755 0.999999 -0.00237294 -0.0196649 -0.0429187
FixedParameters: 0 0 0

#Transform 63
Transform: AffineTransform_float_3_3
Parameters: 1 -1.41543e-05 -0.00039877 1.39267e-05 0.999999 0.00144099 0.000398404 -0.00144101 0.999999 -0.00863997 -0.015477 -0.0164312
FixedParameters: 0 0 0

#Transform 64
Transform: AffineTransform_float_3_3
Parameters: 1 0.000390469 -0.00051981 -0.000389413 0.999999 0.0015212 0.000520145 -0.0015208 0.999998 0.00792336 -0.0207489 -0.00635983
FixedParameters: 0 0 0

#Transform 65
Transform: AffineTransform_float_3_3
Parameters: 0.999999 0.000315791 -0.00073091 -0.000313913 0.999999 0.00164378 0.000731094 -0.00164422 0.999998 0.012314 -0.0220078 -0.0243506
FixedParameters: 0 0 0

#Transform 66
Transform: AffineTransform_float_3_3
Parameters: 0.999999 0.000629235 -0.000566888 -0.000627948 0.999999 0.00159691 0.000568045 -0.00159709 0.999998 0.00211149 -0.0181042 -0.00363852
FixedParameters: 0 0 0

#Transform 67
Transform: AffineTransform_float_3_3
Parameters: 0.999999 0.000750978 -0.000493064 -0.000750279 0.999999 0.00124037 0.000494074 -0.00123963 0.999999 6.63366e-06 -0.0120884 0.00886106
FixedParameters: 0 0 0

#Transform 68
Transform: AffineTransform_float_3_3
Parameters: 0.999999 0.000562641 -0.000663118 -0.000561897 1 0.000559926 0.000663748 -0.000560074 1 0.0124516 0.0201684 0.0180671
FixedParameters: 0 0 0

#Transform 69
Transform: AffineTransform_float_3_3
Parameters: 1 0.000992676 -0.000335758 -0.000992705 1 -4.31138e-05 0.000335673 4.28862e-05 1 -0.0049939 0.0337358 0.0387477
FixedParameters: 0 0 0

#Transform 70
Transform: AffineTransform_float_3_3
Parameters: 1 0.000981943 -0.000604317 -0.000981605 0.999999 0.000714146 0.000604868 -0.000713853 0.999999 -0.00960582 0.0263304 0.0324947
FixedParameters: 0 0 0

#Transform 71
Transform: AffineTransform_float_3_3
Parameters: 1 0.000856271 -0.000808288 -0.0008559 0.999999 0.00108069 0.000809812 -0.00107931 0.999999 -0.00317694 0.0215339 0.0132544
FixedParameters: 0 0 0

#Transform 72
Transform: AffineTransform_float_3_3
Parameters: 0.999998 0.0013034 -0.000904025 -0.00130369 0.999999 -0.000160269 0.000903605 0.000161731 0.999999 -0.00373611 0.00818932 0.00956079
FixedParameters: 0 0 0

#Transform 73
Transform: AffineTransform_float_3_3
Parameters: 0.999999 0.0011606 -0.000996616 -0.0011599 0.999999 0.000616985 0.000997196 -0.000616014 0.999999 -0.000254519 0.0223022 0.0487786
FixedParameters: 0 0 0

#Transform 74
Transform: AffineTransform_float_3_3
Parameters: 0.999999 0.00113774 -0.000982301 -0.00113681 0.999999 0.00074067 0.000983134 -0.000739329 0.999999 -0.000449401 -0.0132814 -0.00715645
FixedParameters: 0 0 0

#Transform 75
Transform: AffineTransform_float_3_3
Parameters: 0.999999 0.00118743 -0.000779744 -0.00118736 0.999999 0.000386479 0.00077981 -0.000385521 1 -0.00874422 0.0180934 0.0045903
FixedParameters: 0 0 0

#Transform 76
Transform: AffineTransform_float_3_3
Parameters: 0.999998 0.00142245 -0.000762475 -0.00142186 0.999999 0.00107764 0.000763836 -0.00107636 1 -0.0083628 -0.00887815 -0.00481768
FixedParameters: 0 0 0

#Transform 77
Transform: AffineTransform_float_3_3
Parameters: 0.999999 0.00131517 -0.000818402 -0.00131434 0.999999 0.00114863 0.000819719 -0.00114737 0.999999 -0.00617422 -0.00252973 0.00958776
FixedParameters: 0 0 0

#Transform 78
Transform: AffineTransform_float_3_3
Parameters: 0.999999 0.00125916 -0.000850255 -0.00125822 0.999998 0.00148062 0.000851428 -0.00147938 0.999998 -0.00488135 -0.0241343 -0.00260704
FixedParameters: 0 0 0

#Transform 79
Transform: AffineTransform_float_3_3
Parameters: 0.999999 0.00123029 -0.000836099 -0.00122895 0.999998 0.00142858 0.000837909 -0.00142742 0.999999 -0.00521773 -0.0108443 0.146597
FixedParameters: 0 0 0

#Transform 80
Transform: AffineTransform_float_3_3
Parameters: 0.999999 0.00135582 -0.000258733 -0.00135581 0.999999 0.00101608 0.000260636 -0.00101492 0.999999 -0.0420277 0.0730615 -0.0262438
FixedParameters: 0 0 0

#Transform 81
Transform: AffineTransform_float_3_3
Parameters: 0.999999 0.00112798 -0.000628319 -0.00112649 0.999997 0.00243526 0.000631257 -0.00243474 0.999997 -0.0265058 -0.0639035 0.0644147
FixedParameters: 0 0 0

#Transform 82
Transform: AffineTransform_float_3_3
Parameters: 0.999999 0.000461418 -0.000564744 -0.0004612 0.999999 0.00141026 0.000565719 -0.00140974 0.999999 -0.00726216 -0.0678537 -0.000576404
FixedParameters: 0 0 0

#Transform 83
Transform: AffineTransform_float_3_3
Parameters: 0.999999 0.000979127 -5.09233e-05 -0.000979062 0.999997 0.00253033 5.36514e-05 -0.00253067 0.999996 -0.0246651 -0.0120398 0.058671
FixedParameters: 0 0 0

#Transform 84
Transform: AffineTransform_float_3_3
Parameters: 1 0.0011795 -0.000291855 -0.00117846 0.999995 0.00300507 0.000295861 -0.00300393 0.999995 -0.04582 -0.0469223 0.0311307
FixedParameters: 0 0 0

#Transform 85
Transform: AffineTransform_float_3_3
Parameters: 0.999999 0.00115453 -0.00098853 -0.00115138 0.999994 0.00307697 0.000992746 -0.00307603 0.999995 -0.0181082 -0.0643069 0.0364543
FixedParameters: 0 0 0

#Transform 86
Transform: AffineTransform_float_3_3
Parameters: 0.999999 0.00125327 -0.000424792 -0.0012529 0.999997 0.00165809 0.000427246 -0.00165791 0.999998 -0.0293923 -0.0256882 0.0833006
FixedParameters: 0 0 0

#Transform 87
Transform: AffineTransform_float_3_3
Parameters: 0.999999 0.0014244 -0.000650283 -0.00142328 0.999996 0.00206848 0.000653619 -0.00206752 0.999998 -0.0232847 -0.00575248 0.0416038
FixedParameters: 0 0 0

#Transform 88
Transform: AffineTransform_float_3_3
Parameters: 0.999999 0.00142322 -0.000453669 -0.00142214 0.999997 0.00198492 0.000456238 -0.00198408 0.999998 -0.0272094 0.00779099 0.0624936
FixedParameters: 0 0 0

#Transform 89
Transform: AffineTransform_float_3_3
Parameters: 0.999999 0.00145663 -0.000227123 -0.00145544 0.999997 0.00233961 0.000230332 -0.00233939 0.999997 -0.0287021 -0.018826 0.0815553
FixedParameters: 0 0 0

#Transform 90
Transform: AffineTransform_float_3_3
Parameters: 0.999999 0.0016727 -0.000692992 -0.00167057 0.999996 0.00243499 0.000697203 -0.00243401 0.999997 -0.0181074 -0.0010356 0.102251
FixedParameters: 0 0 0

#Transform 91
Transform: AffineTransform_float_3_3
Parameters: 0.999998 0.0016831 -0.000367159 -0.00168245 0.999997 0.0018699 0.000370373 -0.0018691 0.999998 -0.0269154 0.0129963 0.111265
FixedParameters: 0 0 0

#Transform 92
Transform: AffineTransform_float_3_3
Parameters: 0.999998 0.00158622 -0.000428841 -0.00158548 0.999996 0.00231796 0.000432263 -0.00231704 0.999997 -0.0235759 0.02048 0.121232
FixedParameters: 0 0 0

#Transform 93
Transform: AffineTransform_float_3_3
Parameters: 0.999999 0.00163934 -0.000746937 -0.00163667 0.999993 0.00331406 0.000752162 -0.00331294 0.999994 -0.0266825 -0.00225244 0.114518
FixedParameters: 0 0 0

#Transform 94
Transform: AffineTransform_float_3_3
Parameters: 0.999999 0.00169058 -0.00066381 -0.00168895 0.999995 0.00255995 0.00066768 -0.00255905 0.999996 -0.029315 0.0107749 0.132127
FixedParameters: 0 0 0

#Transform 95
Transform: AffineTransform_float_3_3
Parameters: 0.999999 0.00165746 -0.000717497 -0.00165534 0.999994 0.00307347 0.000722045 -0.00307153 0.999995 -0.0275887 -0.0119168 0.0968459
FixedParameters: 0 0 0

#Transform 96
Transform: AffineTransform_float_3_3
Parameters: 0.999999 0.00161209 -0.000791415 -0.00160927 0.999993 0.00322438 0.00079617 -0.00322362 0.999995 -0.0115369 -0.0438926 0.0329758
FixedParameters: 0 0 0

#Transform 97
Transform: AffineTransform_float_3_3
Parameters: 0.999999 0.00175252 -0.00056265 -0.00175102 0.999994 0.00290582 0.00056805 -0.00290518 0.999995 -0.016973 -0.0604118 0.046184
FixedParameters: 0 0 0

#Transform 98
Transform: AffineTransform_float_3_3
Parameters: 0.999999 0.00172973 -0.000472095 -0.00172863 0.999996 0.00247765 0.000476735 -0.00247735 0.999997 -0.0152444 -0.0401686 0.035424
FixedParameters: 0 0 0

#Transform 99
Transform: AffineTransform_float_3_3
Parameters: 0.999998 0.00185588 -0.000396411 -0.00185522 0.999998 0.00108701 0.000398216 -0.00108599 0.999999 -0.0201219 -0.0163579 0.0455857
FixedParameters: 0 0 0

#Transform 100
Transform: AffineTransform_float_3_3
Parameters: 0.999998 0.00201271 -0.000141978 -0.00201262 0.999998 0.00102229 0.000143865 -0.00102171 0.999999 -0.0228561 0.00184062 0.0277262
FixedParameters: 0 0 0

#Transform 101
Transform: AffineTransform_float_3_3
Parameters: 0.999998 0.00200762 -0.000405957 -0.00200802 0.999998 0.000809818 0.000407504 -0.000808183 1 -0.0233956 0.0172236 0.0503713
FixedParameters: 0 0 0

#Transform 102
Transform: AffineTransform_float_3_3
Parameters: 0.999998 0.00195449 -0.000251616 -0.00195414 0.999997 0.00108677 0.000253636 -0.00108623 1 -0.0315144 0.0219094 0.0445709
FixedParameters: 0 0 0

#Transform 103
Transform: AffineTransform_float_3_3
Parameters: 0.999998 0.00161999 -0.000591671 -0.00161853 0.999996 0.00228351 0.000595136 -0.00228249 0.999998 -0.0211852 -0.032279 0.142657
FixedParameters: 0 0 0

#Transform 104
Transform: AffineTransform_float_3_3
Parameters: 0.999999 0.00175701 -0.000463446 -0.00175616 0.999998 0.00112309 0.000465162 -0.00112191 0.999999 -0.0237423 0.0498712 0.078474
FixedParameters: 0 0 0

#Transform 105
Transform: AffineTransform_float_3_3
Parameters: 0.999998 0.0019607 -0.000135952 -0.00196101 0.999998 0.00150727 0.000138784 -0.00150673 0.999999 -0.0324953 0.0128093 0.0684181
FixedParameters: 0 0 0

#Transform 106
Transform: AffineTransform_float_3_3
Parameters: 0.999998 0.0022073 -0.000368515 -0.00220683 0.999996 0.00161082 0.000372544 -0.00160918 0.999999 -0.017456 0.0134218 0.08402
FixedParameters: 0 0 0

#Transform 107
Transform: AffineTransform_float_3_3
Parameters: 0.999998 0.00199322 -0.000449232 -0.00199247 0.999997 0.00164018 0.000452689 -0.00163882 0.999999 -0.0134854 0.0193934 0.10291
FixedParameters: 0 0 0

#Transform 108
Transform: AffineTransform_float_3_3
Parameters: 0.999998 0.00210004 -0.000230497 -0.00209966 0.999997 0.00125932 0.00023356 -0.00125968 0.999999 -0.0284111 0.0164143 0.0975799
FixedParameters: 0 0 0

#Transform 109
Transform: AffineTransform_float_3_3
Parameters: 0.999998 0.0022779 -0.00025493 -0.00227759 0.999997 0.00100114 0.000257263 -0.00100086 1 -0.0236314 0.0336393 0.0863174
FixedParameters: 0 0 0

#Transform 110
Transform: AffineTransform_float_3_3
Parameters: 0.999998 0.00222171 -0.000346365 -0.00222218 0.999998 0.000847326 0.000348427 -0.000846675 1 -0.0314182 0.0478642 0.10133
FixedParameters: 0 0 0

#Transform 111
Transform: AffineTransform_float_3_3
Parameters: 0.999997 0.00204406 -0.000634165 -0.00204408 0.999997 0.00122713 0.000636626 -0.00122587 0.999999 -0.0240557 0.0656975 0.114598
FixedParameters: 0 0 0

#Transform 112
Transform: AffineTransform_float_3_3
Parameters: 0.999998 0.00198798 -0.000475751 -0.00198812 0.999997 0.000955225 0.000477844 -0.000953775 1 -0.0265861 0.0667167 0.134233
FixedParameters: 0 0 0

#Transform 113
Transform: AffineTransform_float_3_3
Parameters: 0.999997 0.0021044 -0.000536132 -0.0021046 0.999997 0.00128196 0.000538973 -0.00128104 0.999999 -0.0233222 0.0520479 0.122416
FixedParameters: 0 0 0

#Transform 114
Transform: AffineTransform_float_3_3
Parameters: 0.999998 0.00228134 -0.000458951 -0.00228057 0.999997 0.00105288 0.000461525 -0.00105212 1 -0.0274029 0.0520315 0.0963266
FixedParameters: 0 0 0

#Transform 115
Transform: AffineTransform_float_3_3
Parameters: 0.999998 0.00201033 -0.000391565 -0.00201047 0.999998 0.00115934 0.000394523 -0.00115866 0.999999 -0.0341901 0.0524112 0.10029
FixedParameters: 0 0 0

#Transform 116
Transform: AffineTransform_float_3_3
Parameters: 0.999998 0.00199331 -0.000412734 -0.00199262 0.999997 0.00170983 0.000416468 -0.00170817 0.999998 -0.0294654 0.00639097 0.115225
FixedParameters: 0 0 0

#Transform 117
Transform: AffineTransform_float_3_3
Parameters: 0.999998 0.00183928 -0.0007254 -0.00183708 0.999995 0.00272845 0.00073065 -0.00272756 0.999997 -0.0284669 -0.0175512 0.0885812
FixedParameters: 0 0 0

#Transform 118
Transform: AffineTransform_float_3_3
Parameters: 0.999998 0.00206462 -0.000382851 -0.0020641 0.999997 0.00161579 0.000386441 -0.00161421 0.999999 -0.0393157 -0.0136694 0.0599251
FixedParameters: 0 0 0

#Transform 119
Transform: AffineTransform_float_3_3
Parameters: 0.999997 0.00218956 -0.000258851 -0.00218916 0.999997 0.00116012 0.000261703 -0.00115988 0.999999 -0.0417095 -0.00775428 0.0486896
FixedParameters: 0 0 0
