# transform file /out/sourcedata/freesurfer/sub-v1s18x0051241_ses-1/mri/transforms/cc_up.lta
# created by oesteban on Mon Mar  9 06:49:50 2026

type      = 0 # LINEAR_VOX_TO_VOX
nxforms   = 1
mean      = 128.0000 88.0000 129.0000
sigma     = 10000.0000
1 4 4
9.947588443756104e-01 4.576897248625755e-02 9.143344312906265e-02 -1.694641685485840e+01 
-4.557684808969498e-02 9.989520907402039e-01 -4.189204424619675e-03 6.456758117675781e+01 
-9.152935445308685e-02 0.000000000000000e+00 9.958023428916931e-01 1.551505661010742e+01 
0.000000000000000e+00 0.000000000000000e+00 0.000000000000000e+00 1.000000000000000e+00 
src volume info
valid = 1  # volume info valid
filename = /out/sourcedata/freesurfer/sub-v1s18x0051241_ses-1/mri/norm.mgz
volume = 256 256 256
voxelsize = 1.000000000000000e+00 1.000000000000000e+00 1.000000000000000e+00
xras   = -1.000000119209290e+00 0.000000000000000e+00 -3.725290298461914e-09
yras   = 0.000000000000000e+00 0.000000000000000e+00 -1.000000119209290e+00
zras   = 0.000000000000000e+00 1.000000000000000e+00 0.000000000000000e+00
cras   = 5.592498779296875e-01 4.021331787109375e+00 -2.197914123535156e+01
dst volume info
valid = 1  # volume info valid
filename = /out/sourcedata/freesurfer/sub-v1s18x0051241_ses-1/mri/norm.mgz
volume = 256 256 256
voxelsize = 1.000000000000000e+00 1.000000000000000e+00 1.000000000000000e+00
xras   = -1.000000119209290e+00 0.000000000000000e+00 -3.725290298461914e-09
yras   = 0.000000000000000e+00 0.000000000000000e+00 -1.000000119209290e+00
zras   = 0.000000000000000e+00 1.000000000000000e+00 0.000000000000000e+00
cras   = 5.592498779296875e-01 4.021331787109375e+00 -2.197914123535156e+01
