#Insight Transform File V1.0
#Transform 0
Transform: AffineTransform_float_3_3
Parameters: 0.999996 -0.00180878 -0.0018717 0.00180766 0.999998 -0.000773327 0.00187351 0.000770504 0.999998 -0.0135002 0.0453284 0.0520967
FixedParameters: 0 0 0

#Transform 1
Transform: AffineTransform_float_3_3
Parameters: 0.999999 -0.00154555 -0.00104218 0.00154511 0.999999 -0.000215697 0.00104279 0.000214337 0.999999 -0.110653 0.0667457 -0.137031
FixedParameters: 0 0 0

#Transform 2
Transform: AffineTransform_float_3_3
Parameters: 1 -0.000776712 -0.000867734 0.000777876 0.999999 0.00116889 0.000866418 -0.00117023 0.999999 -0.073339 -0.0155234 0.0567862
FixedParameters: 0 0 0

#Transform 3
Transform: AffineTransform_float_3_3
Parameters: 0.999999 -0.000780623 -0.000558602 0.000780453 0.999999 -0.000478281 0.000557982 0.000477417 0.999999 -0.0432992 0.106912 0.0181749
FixedParameters: 0 0 0

#Transform 4
Transform: AffineTransform_float_3_3
Parameters: 0.999999 -0.000837504 -0.000327931 0.000837259 0.999999 -0.000374334 0.000328557 0.000373784 1 -0.0390738 0.0493648 0.107457
FixedParameters: 0 0 0

#Transform 5
Transform: AffineTransform_float_3_3
Parameters: 1 -0.000417015 -0.000120164 0.000417621 1 0.000436125 0.000120665 -0.000436242 1 -0.0253399 0.0192693 0.0669134
FixedParameters: 0 0 0

#Transform 6
Transform: AffineTransform_float_3_3
Parameters: 0.999999 -0.000507281 -0.000745126 0.000508271 0.999999 0.00123157 0.00074441 -0.00123232 0.999999 -0.00122463 0.0620955 -0.11717
FixedParameters: 0 0 0

#Transform 7
Transform: AffineTransform_float_3_3
Parameters: 0.999999 -0.000669254 -0.00123027 0.000668965 1 -0.00011766 0.00123043 0.000116881 0.999999 0.0130689 0.0094209 -0.045732
FixedParameters: 0 0 0

#Transform 8
Transform: AffineTransform_float_3_3
Parameters: 0.999999 -0.000489115 -0.000805285 0.000489393 1 -0.000364849 0.00080514 0.000364051 0.999999 0.0232451 0.115279 -0.0335928
FixedParameters: 0 0 0

#Transform 9
Transform: AffineTransform_float_3_3
Parameters: 1 -0.000472666 -3.52997e-05 0.00047196 0.999999 0.00171064 3.42532e-05 -0.00171067 0.999999 0.0260081 0.0224664 -0.0231862
FixedParameters: 0 0 0

#Transform 10
Transform: AffineTransform_float_3_3
Parameters: 1 -0.000194807 -0.000535409 0.000195222 1 0.000838454 0.000534252 -0.000837778 1 0.0517517 0.0857614 -0.0601452
FixedParameters: 0 0 0

#Transform 11
Transform: AffineTransform_float_3_3
Parameters: 1 4.51483e-05 -0.000222524 -4.47285e-05 0.999999 0.000943145 0.000222609 -0.000943125 0.999999 0.0892998 0.0691887 -0.112236
FixedParameters: 0 0 0

#Transform 12
Transform: AffineTransform_float_3_3
Parameters: 1 -0.000607766 0.00033892 0.000607623 0.999999 0.00095029 -0.000339211 -0.000950762 0.999999 0.0545554 0.00278456 -0.0626697
FixedParameters: 0 0 0

#Transform 13
Transform: AffineTransform_float_3_3
Parameters: 0.999999 -0.000618881 0.000881711 0.000616366 0.999996 0.00281288 -0.000882958 -0.00281185 0.999995 0.0588174 0.000428595 -0.0995213
FixedParameters: 0 0 0

#Transform 14
Transform: AffineTransform_float_3_3
Parameters: 1 -0.000106289 0.00106608 0.000102642 0.999994 0.00344347 -0.0010664 -0.00344331 0.999993 0.0354639 -0.00320433 0.0263754
FixedParameters: 0 0 0

#Transform 15
Transform: AffineTransform_float_3_3
Parameters: 1 0.000149095 0.000590488 -0.000150929 0.999996 0.00277917 -0.000589155 -0.00277938 0.999996 0.0492804 0.0890298 -0.0220062
FixedParameters: 0 0 0

#Transform 16
Transform: AffineTransform_float_3_3
Parameters: 0.999999 -0.000311376 0.00122154 0.000310074 0.999999 0.00165262 -0.0012218 -0.00165241 0.999998 0.0796462 0.0676073 -0.0323277
FixedParameters: 0 0 0

#Transform 17
Transform: AffineTransform_float_3_3
Parameters: 1 0.000337766 0.0010372 -0.000338243 0.999999 0.00130541 -0.00103646 -0.00130615 0.999998 0.0826096 0.00145879 0.0198765
FixedParameters: 0 0 0

#Transform 18
Transform: AffineTransform_float_3_3
Parameters: 0.999999 0.000524578 0.00140257 -0.000527529 0.999998 0.00230625 -0.00140204 -0.0023069 0.999996 0.0722633 0.00355364 -0.0463333
FixedParameters: 0 0 0

#Transform 19
Transform: AffineTransform_float_3_3
Parameters: 0.999999 0.000159413 0.000748646 -0.000160335 0.999999 0.00179656 -0.000749007 -0.00179682 0.999998 0.0406087 0.0178708 -0.100758
FixedParameters: 0 0 0

#Transform 20
Transform: AffineTransform_float_3_3
Parameters: 0.999999 -1.47176e-05 -0.000847067 1.44934e-05 1 -0.000428007 0.000847944 0.000427965 0.999999 -0.000832258 0.00722331 0.00309421
FixedParameters: 0 0 0

#Transform 21
Transform: AffineTransform_float_3_3
Parameters: 0.999999 -0.00022153 -0.000700318 0.000221855 1 0.000232019 0.000700215 -0.00023233 0.999999 0.0217179 0.149578 -0.175399
FixedParameters: 0 0 0

#Transform 22
Transform: AffineTransform_float_3_3
Parameters: 1 -0.000126 0.000199853 0.000125387 0.999998 0.00158123 -0.000200216 -0.00158117 0.999998 0.0234893 0.0384386 -0.00840216
FixedParameters: 0 0 0

#Transform 23
Transform: AffineTransform_float_3_3
Parameters: 1 -5.41125e-05 0.000340713 5.27928e-05 0.999998 0.00199414 -0.000340858 -0.0019941 0.999998 0.0309424 0.0136081 0.0151098
FixedParameters: 0 0 0

#Transform 24
Transform: AffineTransform_float_3_3
Parameters: 1 3.48398e-05 0.000502946 -3.56222e-05 0.999997 0.00219648 -0.000502326 -0.00219567 0.999998 0.0395902 0.0592167 -0.0333713
FixedParameters: 0 0 0

#Transform 25
Transform: AffineTransform_float_3_3
Parameters: 0.999999 -0.000195955 0.000730188 0.000194761 1 0.00117486 -0.000729749 -0.00117459 0.999999 0.0834103 0.0380494 0.0244763
FixedParameters: 0 0 0

#Transform 26
Transform: AffineTransform_float_3_3
Parameters: 1 0.000123659 0.000664084 -0.000125886 0.999997 0.00237295 -0.000663891 -0.00237313 0.999997 0.0843184 0.00377514 0.0188875
FixedParameters: 0 0 0

#Transform 27
Transform: AffineTransform_float_3_3
Parameters: 0.999999 5.5419e-05 0.000755606 -5.71202e-05 0.999999 0.0017238 -0.000755845 -0.0017239 0.999998 0.117831 0.0238444 0.00963809
FixedParameters: 0 0 0

#Transform 28
Transform: AffineTransform_float_3_3
Parameters: 0.999999 -0.000239689 0.00132371 0.000236769 0.999997 0.00247736 -0.00132455 -0.00247643 0.999996 0.0888158 0.0026911 0.0204378
FixedParameters: 0 0 0

#Transform 29
Transform: AffineTransform_float_3_3
Parameters: 1 -5.18183e-05 0.00121618 5.07656e-05 0.999999 0.00134271 -0.00121645 -0.00134312 0.999998 0.08008 0.000234659 0.0899276
FixedParameters: 0 0 0

#Transform 30
Transform: AffineTransform_float_3_3
Parameters: 0.999998 -6.15556e-05 0.00160374 5.89375e-05 0.999999 0.00178829 -0.00160451 -0.00178777 0.999997 0.0944332 0.0840517 0.0122888
FixedParameters: 0 0 0

#Transform 31
Transform: AffineTransform_float_3_3
Parameters: 0.999999 -0.000385324 0.00140781 0.000382859 0.999997 0.00233882 -0.00140844 -0.00233831 0.999996 0.118127 -0.0298177 0.00822973
FixedParameters: 0 0 0

#Transform 32
Transform: AffineTransform_float_3_3
Parameters: 0.999999 -0.000225657 0.00131633 0.00022389 0.999999 0.00171007 -0.00131633 -0.00171003 0.999998 0.119501 -0.00837725 0.0262063
FixedParameters: 0 0 0

#Transform 33
Transform: AffineTransform_float_3_3
Parameters: 0.999998 0.000115841 0.00189312 -0.00011795 0.999999 0.00137005 -0.00189343 -0.00137017 0.999997 0.0969592 -0.0169596 0.0505171
FixedParameters: 0 0 0

#Transform 34
Transform: AffineTransform_float_3_3
Parameters: 0.999999 -0.000393966 0.00136792 0.000392027 0.999999 0.00120186 -0.00136849 -0.00120131 0.999998 0.130532 0.043191 0.11717
FixedParameters: 0 0 0

#Transform 35
Transform: AffineTransform_float_3_3
Parameters: 0.999998 -0.000513367 0.00202285 0.000511255 1 0.00106511 -0.00202406 -0.00106406 0.999998 0.087864 0.069158 0.125018
FixedParameters: 0 0 0

#Transform 36
Transform: AffineTransform_float_3_3
Parameters: 0.999998 -0.000622911 0.00182432 0.000621138 0.999999 0.00084626 -0.00182502 -0.00084501 0.999998 0.0606703 0.0644832 0.134794
FixedParameters: 0 0 0

#Transform 37
Transform: AffineTransform_float_3_3
Parameters: 0.999998 -0.000917775 0.00135552 0.000914629 0.999998 0.00184948 -0.00135764 -0.0018484 0.999997 0.0671432 0.0034407 0.0922187
FixedParameters: 0 0 0

#Transform 38
Transform: AffineTransform_float_3_3
Parameters: 0.999999 -0.00047563 0.00121817 0.000473293 0.999998 0.00172709 -0.00121854 -0.00172647 0.999998 0.0604884 0.0340656 0.0029099
FixedParameters: 0 0 0

#Transform 39
Transform: AffineTransform_float_3_3
Parameters: 1 -0.000187767 0.00112422 0.000184859 0.999998 0.0023024 -0.00112514 -0.00230202 0.999996 0.114621 -0.0107611 -0.00209097
FixedParameters: 0 0 0

#Transform 40
Transform: AffineTransform_float_3_3
Parameters: 1 -0.00035482 0.00095283 0.000353368 0.999998 0.00220659 -0.000953589 -0.00220647 0.999998 0.0919151 0.0506696 -0.0463133
FixedParameters: 0 0 0

#Transform 41
Transform: AffineTransform_float_3_3
Parameters: 0.999999 5.37005e-05 0.00138321 -5.69823e-05 0.999997 0.00231292 -0.00138352 -0.00231361 0.999996 0.0638108 -0.00768325 0.0218187
FixedParameters: 0 0 0

#Transform 42
Transform: AffineTransform_float_3_3
Parameters: 1 -0.000916059 0.000722392 0.000914343 0.999997 0.00225441 -0.000723856 -0.00225314 0.999997 0.0683836 0.0437932 -0.000612296
FixedParameters: 0 0 0

#Transform 43
Transform: AffineTransform_float_3_3
Parameters: 0.999999 -0.000643968 0.00120803 0.000640985 0.999997 0.00259643 -0.00120967 -0.00259495 0.999996 0.030532 0.0796309 0.0156513
FixedParameters: 0 0 0

#Transform 44
Transform: AffineTransform_float_3_3
Parameters: 0.999998 -0.00111468 0.00173611 0.00111232 0.999999 0.00120595 -0.00173759 -0.00120349 0.999997 0.054765 0.0489214 0.0655312
FixedParameters: 0 0 0

#Transform 45
Transform: AffineTransform_float_3_3
Parameters: 0.999998 -0.00151377 0.00145506 0.00151105 0.999998 0.00174087 -0.00145822 -0.00173876 0.999998 0.0530862 0.00315026 -0.00973078
FixedParameters: 0 0 0

#Transform 46
Transform: AffineTransform_float_3_3
Parameters: 0.999997 -0.00233428 0.000974837 0.00233384 0.999997 0.000202526 -0.000975888 -0.000200079 0.999999 0.0191619 0.00461825 -0.0324217
FixedParameters: 0 0 0

#Transform 47
Transform: AffineTransform_float_3_3
Parameters: 0.999997 -0.00227703 0.000684835 0.00227651 0.999997 0.00073116 -0.000687373 -0.000729291 1 0.00671568 0.0328785 -0.110269
FixedParameters: 0 0 0

#Transform 48
Transform: AffineTransform_float_3_3
Parameters: 0.999999 -0.00156802 0.000241181 0.00156737 0.999998 0.000587806 -0.000241701 -0.000587427 0.999999 0.0439044 0.00276019 -0.0780708
FixedParameters: 0 0 0

#Transform 49
Transform: AffineTransform_float_3_3
Parameters: 0.999998 -0.00163278 0.000963836 0.00163154 0.999998 0.00115213 -0.000965898 -0.00114988 0.999999 0.0246683 -0.0161018 0.0427092
FixedParameters: 0 0 0

#Transform 50
Transform: AffineTransform_float_3_3
Parameters: 0.999998 -0.00182267 0.00107279 0.00182093 0.999997 0.00150284 -0.00107571 -0.00150071 0.999998 0.00496872 -0.0104299 -0.0328858
FixedParameters: 0 0 0

#Transform 51
Transform: AffineTransform_float_3_3
Parameters: 0.999998 -0.00167833 6.60578e-05 0.00167833 0.999998 0.00115548 -6.77161e-05 -0.00115565 0.999999 0.0408516 0.0388393 -0.0879822
FixedParameters: 0 0 0

#Transform 52
Transform: AffineTransform_float_3_3
Parameters: 0.999999 -0.00121557 0.000506272 0.0012152 0.999998 0.0013508 -0.000507826 -0.00135047 0.999999 0.016692 -0.0225549 -0.0137071
FixedParameters: 0 0 0

#Transform 53
Transform: AffineTransform_float_3_3
Parameters: 1 -0.00085077 -0.000516834 0.000850967 0.999998 0.00184756 0.000514726 -0.00184842 0.999998 0.0221373 0.0475438 -0.133136
FixedParameters: 0 0 0

#Transform 54
Transform: AffineTransform_float_3_3
Parameters: 1 -0.00113837 -4.77776e-05 0.00113816 0.999999 0.00140166 4.59423e-05 -0.00140215 0.999999 -0.00666429 0.0170886 -0.110778
FixedParameters: 0 0 0

#Transform 55
Transform: AffineTransform_float_3_3
Parameters: 0.999999 -0.000849997 0.000327612 0.000848225 0.999997 0.00223205 -0.000329934 -0.0022315 0.999998 0.0165211 0.0157097 -0.100381
FixedParameters: 0 0 0

#Transform 56
Transform: AffineTransform_float_3_3
Parameters: 0.999999 -0.00117131 0.000512947 0.00117006 0.999997 0.00222507 -0.000516358 -0.0022239 0.999998 0.0444572 0.0445924 -0.0977012
FixedParameters: 0 0 0

#Transform 57
Transform: AffineTransform_float_3_3
Parameters: 0.999999 -0.000927876 0.00037188 0.000925983 0.999995 0.00282546 -0.000374751 -0.00282479 0.999996 0.00747859 -0.0224486 -0.0453965
FixedParameters: 0 0 0

#Transform 58
Transform: AffineTransform_float_3_3
Parameters: 1 -0.000924352 0.000370037 0.000922582 0.999996 0.00262106 -0.00037258 -0.00262127 0.999996 0.0302004 0.00757006 -0.165135
FixedParameters: 0 0 0

#Transform 59
Transform: AffineTransform_float_3_3
Parameters: 1 -0.000870044 0.000438708 0.000868832 0.999997 0.00196966 -0.000441234 -0.00196891 0.999998 0.0617322 0.038807 -0.116979
FixedParameters: 0 0 0

#Transform 60
Transform: AffineTransform_float_3_3
Parameters: 0.999999 -0.00100779 0.000787611 0.00100697 0.999998 0.00169979 -0.000789808 -0.00169912 0.999998 -0.0188431 0.012723 -0.167349
FixedParameters: 0 0 0

#Transform 61
Transform: AffineTransform_float_3_3
Parameters: 0.999999 -0.000766556 0.0016484 0.000762006 0.999997 0.00235553 -0.00165036 -0.00235494 0.999996 -0.0473246 -0.0112926 -0.104788
FixedParameters: 0 0 0

#Transform 62
Transform: AffineTransform_float_3_3
Parameters: 0.999999 -0.000829749 0.00113473 0.00082628 0.999996 0.00281002 -0.00113632 -0.00280958 0.999995 -0.00720052 0.01934 -0.142796
FixedParameters: 0 0 0

#Transform 63
Transform: AffineTransform_float_3_3
Parameters: 0.999998 -0.00119078 0.0013441 0.00118806 0.999997 0.00208091 -0.00134605 -0.00208002 0.999997 0.0360624 -0.0492014 -0.100939
FixedParameters: 0 0 0

#Transform 64
Transform: AffineTransform_float_3_3
Parameters: 0.999997 -0.00160341 0.00158032 0.00159882 0.999994 0.00284263 -0.00158379 -0.00283993 0.999994 0.000991344 -0.0144197 -0.0382158
FixedParameters: 0 0 0

#Transform 65
Transform: AffineTransform_float_3_3
Parameters: 0.999997 -0.00136187 0.00174785 0.00135865 0.999997 0.00197903 -0.00175076 -0.00197709 0.999996 0.0121098 0.0239139 -0.183762
FixedParameters: 0 0 0

#Transform 66
Transform: AffineTransform_float_3_3
Parameters: 0.999998 -0.00092563 0.00176425 0.000921639 0.999996 0.00243549 -0.0017667 -0.00243332 0.999996 -0.00976537 -0.0187702 -0.134056
FixedParameters: 0 0 0

#Transform 67
Transform: AffineTransform_float_3_3
Parameters: 0.999998 -0.00112688 0.00162339 0.00112402 0.999998 0.00160382 -0.00162489 -0.00160159 0.999997 0.0179081 -0.00424006 -0.0113949
FixedParameters: 0 0 0

#Transform 68
Transform: AffineTransform_float_3_3
Parameters: 0.999998 -0.00130954 0.00138648 0.00130667 0.999998 0.00188366 -0.0013893 -0.00188232 0.999997 0.0134713 0.0661509 -0.0955894
FixedParameters: 0 0 0

#Transform 69
Transform: AffineTransform_float_3_3
Parameters: 0.999999 -0.000928522 0.00156603 0.000923681 0.999994 0.0031921 -0.00156898 -0.00318981 0.999994 0.0196817 -0.00377787 -0.0483688
FixedParameters: 0 0 0

#Transform 70
Transform: AffineTransform_float_3_3
Parameters: 0.999999 -0.00085038 0.000469953 0.000849443 0.999998 0.00210129 -0.000471728 -0.00210139 0.999998 0.0425418 0.0228719 -0.13686
FixedParameters: 0 0 0

#Transform 71
Transform: AffineTransform_float_3_3
Parameters: 1 -0.00109882 0.000304242 0.00109789 0.999998 0.00180977 -0.000305962 -0.00180862 0.999998 0.0293394 0.0200775 -0.16092
FixedParameters: 0 0 0

#Transform 72
Transform: AffineTransform_float_3_3
Parameters: 0.999999 -0.00142112 0.000499409 0.0014209 0.999998 0.00122144 -0.000501151 -0.00122092 0.999999 0.0263274 -0.0295583 -0.095056
FixedParameters: 0 0 0

#Transform 73
Transform: AffineTransform_float_3_3
Parameters: 0.999999 -0.00117161 0.000930419 0.00117037 0.999999 0.00120882 -0.000931519 -0.00120754 0.999999 0.0204565 0.0355955 -0.216482
FixedParameters: 0 0 0

#Transform 74
Transform: AffineTransform_float_3_3
Parameters: 0.999999 -0.00117249 0.000930843 0.00117115 0.999999 0.00125781 -0.00093206 -0.00125653 0.999999 0.0394141 -0.0450704 -0.103612
FixedParameters: 0 0 0

#Transform 75
Transform: AffineTransform_float_3_3
Parameters: 0.999999 -0.000819994 0.000144872 0.000819276 0.999999 0.00128702 -0.000145581 -0.00128679 0.999999 0.0454853 0.0638809 -0.233474
FixedParameters: 0 0 0

#Transform 76
Transform: AffineTransform_float_3_3
Parameters: 1 -0.000431238 -0.000460974 0.000432526 0.999999 0.000831592 0.000461155 -0.00083114 1 0.0100528 -0.0193785 -0.158973
FixedParameters: 0 0 0

#Transform 77
Transform: AffineTransform_float_3_3
Parameters: 1 -0.000448505 -0.000491417 0.000449326 0.999999 0.000815583 0.000490719 -0.000815156 1 -0.0090265 -0.0191728 -0.186661
FixedParameters: 0 0 0

#Transform 78
Transform: AffineTransform_float_3_3
Parameters: 1 -0.00103004 3.45948e-05 0.00103004 0.999999 -0.00029985 -3.4011e-05 0.000299921 1 0.017679 0.0410681 -0.238888
FixedParameters: 0 0 0

#Transform 79
Transform: AffineTransform_float_3_3
Parameters: 0.999999 -0.00146535 -0.000262247 0.00146522 0.999998 -0.000969111 0.000263711 0.000968845 1 0.0218971 0.0215694 -0.264345
FixedParameters: 0 0 0

#Transform 80
Transform: AffineTransform_float_3_3
Parameters: 0.999999 -0.00150592 -0.000248706 0.00150518 0.999998 -0.00124396 0.000250211 0.00124373 0.999999 0.0170876 0.0306628 -0.251469
FixedParameters: 0 0 0

#Transform 81
Transform: AffineTransform_float_3_3
Parameters: 0.999999 -0.00165901 -0.000546043 0.00165802 0.999997 -0.00125073 0.000548815 0.00125029 0.999999 0.00289413 0.0476715 -0.248999
FixedParameters: 0 0 0

#Transform 82
Transform: AffineTransform_float_3_3
Parameters: 0.999999 -0.00139648 -0.000436131 0.00139665 0.999998 -0.00123251 0.000437695 0.00123179 0.999999 0.0350608 0.0357265 -0.286113
FixedParameters: 0 0 0

#Transform 83
Transform: AffineTransform_float_3_3
Parameters: 0.999999 -0.00088928 -0.000264609 0.000889265 0.999999 -2.87352e-05 0.00026466 2.82646e-05 1 0.045382 0.0270982 -0.183204
FixedParameters: 0 0 0

#Transform 84
Transform: AffineTransform_float_3_3
Parameters: 0.999999 -0.000727092 0.000338012 0.000726836 0.999999 0.000378644 -0.000338562 -0.000378152 1 0.0249995 0.0619464 -0.265516
FixedParameters: 0 0 0

#Transform 85
Transform: AffineTransform_float_3_3
Parameters: 1 -0.00102443 0.000288284 0.00102422 0.999999 -0.000535464 -0.000288086 0.000535204 1 -0.0286584 0.000557177 -0.18996
FixedParameters: 0 0 0

#Transform 86
Transform: AffineTransform_float_3_3
Parameters: 0.999999 -0.00110486 -0.000636541 0.00110413 0.999999 -0.000194039 0.000636096 0.000194015 1 0.0110662 0.0375641 -0.268835
FixedParameters: 0 0 0

#Transform 87
Transform: AffineTransform_float_3_3
Parameters: 0.999999 -0.000859112 2.45803e-05 0.000858327 0.999992 0.00371489 -2.79908e-05 -0.00371486 0.999993 0.0302138 -0.0672586 -0.0995483
FixedParameters: 0 0 0

#Transform 88
Transform: AffineTransform_float_3_3
Parameters: 0.999999 -0.000479387 -0.000669953 0.000479514 1 0.000725712 0.000669793 -0.000725477 1 0.0282172 0.0469998 -0.218511
FixedParameters: 0 0 0

#Transform 89
Transform: AffineTransform_float_3_3
Parameters: 1 -0.00057476 -0.00102264 0.000575918 0.999999 0.000989337 0.001022 -0.000989635 0.999999 0.0223434 0.028756 -0.199571
FixedParameters: 0 0 0

#Transform 90
Transform: AffineTransform_float_3_3
Parameters: 1 -9.91969e-05 -0.000129763 9.87882e-05 0.999998 0.00168091 0.000129966 -0.00168093 0.999998 -0.0590585 -0.0303271 -0.00748173
FixedParameters: 0 0 0

#Transform 91
Transform: AffineTransform_float_3_3
Parameters: 1 0.000586243 -0.000214026 -0.000586103 0.999999 0.00144948 0.000214895 -0.00144921 0.999999 -0.0711789 0.0536197 -0.136554
FixedParameters: 0 0 0

#Transform 92
Transform: AffineTransform_float_3_3
Parameters: 1 -3.08803e-05 -0.0011201 3.16546e-05 1 0.000962911 0.00111969 -0.000963451 0.999999 -0.034405 0.0512972 -0.140608
FixedParameters: 0 0 0

#Transform 93
Transform: AffineTransform_float_3_3
Parameters: 0.999998 0.000112691 -0.00168423 -0.000112252 1 0.00054105 0.00168399 -0.000541141 0.999998 -0.036865 0.0314477 -0.115262
FixedParameters: 0 0 0

#Transform 94
Transform: AffineTransform_float_3_3
Parameters: 1 -0.000390709 -6.29554e-05 0.000390918 0.999999 0.00151524 6.1805e-05 -0.00151529 0.999999 -0.0519249 -0.0328405 -0.188449
FixedParameters: 0 0 0

#Transform 95
Transform: AffineTransform_float_3_3
Parameters: 0.999999 -9.44475e-05 -0.000864979 9.51546e-05 0.999999 0.000897438 0.000865344 -0.000896724 0.999999 -0.0433015 0.00145615 -0.228829
FixedParameters: 0 0 0

#Transform 96
Transform: AffineTransform_float_3_3
Parameters: 1 -0.000644445 -0.000993893 0.00064508 0.999999 0.00118943 0.000993362 -0.0011907 0.999999 -0.0565209 -0.0277899 -0.218421
FixedParameters: 0 0 0

#Transform 97
Transform: AffineTransform_float_3_3
Parameters: 0.999999 -0.000138629 -0.00155623 0.000140927 0.999999 0.00172577 0.00155646 -0.00172579 0.999998 -0.059007 -0.0210752 -0.212286
FixedParameters: 0 0 0

#Transform 98
Transform: AffineTransform_float_3_3
Parameters: 0.999998 -0.000324266 -0.00192354 0.000325065 1 0.000437011 0.00192377 -0.000437011 0.999998 -0.053969 0.0522017 -0.177155
FixedParameters: 0 0 0

#Transform 99
Transform: AffineTransform_float_3_3
Parameters: 0.999999 -0.000754965 -0.00158743 0.000755476 1 0.000160504 0.00158719 -0.000161166 0.999999 -0.0834732 0.0342326 -0.1693
FixedParameters: 0 0 0

#Transform 100
Transform: AffineTransform_float_3_3
Parameters: 0.999999 -0.000739933 0.000195131 0.000738894 0.999995 0.00333904 -0.000197644 -0.00333828 0.999994 -0.062482 0.0511911 -0.093946
FixedParameters: 0 0 0

#Transform 101
Transform: AffineTransform_float_3_3
Parameters: 1 -0.000309453 0.000528535 0.000306349 0.999979 0.00635791 -0.000530181 -0.00635766 0.999979 -0.0276643 0.0628052 0.0130205
FixedParameters: 0 0 0

#Transform 102
Transform: AffineTransform_float_3_3
Parameters: 1 0.000121055 -0.000568022 -0.00011801 0.999986 0.00528374 0.000568171 -0.00528354 0.999986 -0.0393645 0.0298765 -0.104602
FixedParameters: 0 0 0

#Transform 103
Transform: AffineTransform_float_3_3
Parameters: 1 -0.000311218 -0.00109393 0.000313572 0.999998 0.00186474 0.00109381 -0.0018659 0.999998 0.00180704 0.0595698 -0.211585
FixedParameters: 0 0 0

#Transform 104
Transform: AffineTransform_float_3_3
Parameters: 0.999999 -0.000844653 -0.000944245 0.00084653 0.999997 0.00233903 0.000941896 -0.00233973 0.999997 -0.0204011 -0.00543508 -0.313726
FixedParameters: 0 0 0

#Transform 105
Transform: AffineTransform_float_3_3
Parameters: 0.999999 -0.000887982 -0.00155188 0.000890957 0.999997 0.0023397 0.00155029 -0.00234154 0.999996 -0.00833337 -0.0154701 -0.265466
FixedParameters: 0 0 0

#Transform 106
Transform: AffineTransform_float_3_3
Parameters: 0.999997 -0.000521249 -0.00262319 0.000524197 0.999999 0.00141869 0.00262201 -0.00141975 0.999995 -0.0320509 0.0642959 -0.437329
FixedParameters: 0 0 0

#Transform 107
Transform: AffineTransform_float_3_3
Parameters: 0.999998 -0.000930922 -0.00210772 0.000936375 0.999997 0.00242897 0.00210494 -0.00243073 0.999995 -0.0144026 -0.0018431 -0.315257
FixedParameters: 0 0 0

#Transform 108
Transform: AffineTransform_float_3_3
Parameters: 0.999999 -0.000971015 0.00119069 0.000954613 0.999903 0.0138755 -0.00120433 -0.0138736 0.999903 -0.0641366 -0.0292904 0.275553
FixedParameters: 0 0 0

#Transform 109
Transform: AffineTransform_float_3_3
Parameters: 0.999999 -0.00108486 0.000202764 0.00108214 0.999945 0.0103827 -0.000214509 -0.0103824 0.999946 -0.0689824 0.0821204 0.0856627
FixedParameters: 0 0 0

#Transform 110
Transform: AffineTransform_float_3_3
Parameters: 0.999999 -0.00113265 0.000681821 0.0011289 0.999978 0.00659459 -0.000689608 -0.00659406 0.999978 -0.0946748 0.0653214 -0.0598759
FixedParameters: 0 0 0

#Transform 111
Transform: AffineTransform_float_3_3
Parameters: 0.999999 -0.00101826 0.000385623 0.00101625 0.999987 0.00504423 -0.00039062 -0.00504352 0.999987 -0.0790763 0.0168091 -0.104368
FixedParameters: 0 0 0

#Transform 112
Transform: AffineTransform_float_3_3
Parameters: 1 -0.00108717 0.000578673 0.00108428 0.999987 0.00482735 -0.000584458 -0.00482618 0.999988 -0.0594035 0.0306985 -0.0976863
FixedParameters: 0 0 0

#Transform 113
Transform: AffineTransform_float_3_3
Parameters: 0.999999 -0.000978613 0.000356575 0.00097673 0.99999 0.00448662 -0.00036105 -0.00448685 0.99999 -0.0728367 0.00448634 -0.175453
FixedParameters: 0 0 0

#Transform 114
Transform: AffineTransform_float_3_3
Parameters: 0.999999 -0.0008251 0.000190847 0.000824596 0.999988 0.00497293 -0.000194659 -0.00497218 0.999988 -0.120089 -0.0346662 -0.172304
FixedParameters: 0 0 0

#Transform 115
Transform: AffineTransform_float_3_3
Parameters: 1 -0.00115032 -0.000212902 0.00115178 0.999992 0.00371898 0.00020814 -0.0037195 0.999993 -0.127256 0.0653014 -0.15721
FixedParameters: 0 0 0

#Transform 116
Transform: AffineTransform_float_3_3
Parameters: 0.999998 -0.00149732 0.00124643 0.00149119 0.999988 0.00466839 -0.00125279 -0.00466706 0.999988 -0.144595 -0.0176449 -0.155938
FixedParameters: 0 0 0

#Transform 117
Transform: AffineTransform_float_3_3
Parameters: 0.999998 -0.0020891 0.000427371 0.00208702 0.999992 0.00360173 -0.000434696 -0.00360126 0.999994 -0.155879 0.0926145 -0.242208
FixedParameters: 0 0 0

#Transform 118
Transform: AffineTransform_float_3_3
Parameters: 0.999998 -0.00147262 0.000916117 0.00146909 0.999992 0.00361479 -0.000921349 -0.00361356 0.999994 -0.118755 0.0280409 -0.096934
FixedParameters: 0 0 0

#Transform 119
Transform: AffineTransform_float_3_3
Parameters: 0.999998 -0.00199778 0.000650347 0.0019941 0.999984 0.00521503 -0.000659742 -0.00521431 0.999987 -0.154615 -0.00760439 -0.00133396
FixedParameters: 0 0 0
