# transform file /out/sourcedata/freesurfer/sub-v1s18x0051239_ses-1/mri/transforms/cc_up.lta
# created by oesteban on Mon Mar  9 07:39:48 2026

type      = 0 # LINEAR_VOX_TO_VOX
nxforms   = 1
mean      = 126.0000 114.0000 117.0000
sigma     = 10000.0000
1 4 4
9.965282678604126e-01 5.670766904950142e-02 6.095629930496216e-02 -1.209170913696289e+01 
-5.660187453031540e-02 9.983908534049988e-01 -3.462260821834207e-03 3.980235290527344e+01 
-6.105455011129379e-02 0.000000000000000e+00 9.981344938278198e-01 3.606258773803711e+01 
0.000000000000000e+00 0.000000000000000e+00 0.000000000000000e+00 1.000000000000000e+00 
src volume info
valid = 1  # volume info valid
filename = /out/sourcedata/freesurfer/sub-v1s18x0051239_ses-1/mri/norm.mgz
volume = 256 256 256
voxelsize = 1.000000000000000e+00 1.000000000000000e+00 1.000000000000000e+00
xras   = -1.000000119209290e+00 0.000000000000000e+00 -3.725290298461914e-09
yras   = 0.000000000000000e+00 0.000000000000000e+00 -1.000000119209290e+00
zras   = 0.000000000000000e+00 1.000000000000000e+00 0.000000000000000e+00
cras   = -5.495803833007812e+00 2.036516571044922e+01 -1.531958007812500e+01
dst volume info
valid = 1  # volume info valid
filename = /out/sourcedata/freesurfer/sub-v1s18x0051239_ses-1/mri/norm.mgz
volume = 256 256 256
voxelsize = 1.000000000000000e+00 1.000000000000000e+00 1.000000000000000e+00
xras   = -1.000000119209290e+00 0.000000000000000e+00 -3.725290298461914e-09
yras   = 0.000000000000000e+00 0.000000000000000e+00 -1.000000119209290e+00
zras   = 0.000000000000000e+00 1.000000000000000e+00 0.000000000000000e+00
cras   = -5.495803833007812e+00 2.036516571044922e+01 -1.531958007812500e+01
