type      = 0 # LINEAR_VOX_TO_VOX
nxforms   = 1
mean      = 0.0000 0.0000 0.0000
sigma     = 1.0000
1 4 4
1.064237117767334e+00 5.589000880718231e-02 7.326699793338776e-02 -2.217535400390625e+01 
-5.531900376081467e-02 1.112890124320984e+00 1.998530030250549e-01 -2.040483093261719e+01 
-2.334800176322460e-02 -2.001370340585709e-01 1.005589962005615e+00 1.789489746093750e+01 
0.000000000000000e+00 0.000000000000000e+00 0.000000000000000e+00 1.000000000000000e+00 
src volume info
valid = 1  # volume info valid
filename = /out/sourcedata/freesurfer/sub-v1s18x0051239_ses-1/mri/orig.mgz
volume = 256 256 256
voxelsize = 1.000000000000000e+00 1.000000000000000e+00 1.000000000000000e+00
xras   = -1.000000119209290e+00 0.000000000000000e+00 -3.725290298461914e-09
yras   = 0.000000000000000e+00 0.000000000000000e+00 -1.000000119209290e+00
zras   = 0.000000000000000e+00 1.000000000000000e+00 0.000000000000000e+00
cras   = -5.495803833007812e+00 2.036516571044922e+01 -1.531958007812500e+01
dst volume info
valid = 1  # volume info valid
filename = /opt/freesurfer/average/mni305.cor.mgz
volume = 256 256 256
voxelsize = 1.000000000000000e+00 1.000000000000000e+00 1.000000000000000e+00
xras   = -1.000000000000000e+00 0.000000000000000e+00 0.000000000000000e+00
yras   = 0.000000000000000e+00 0.000000000000000e+00 -1.000000000000000e+00
zras   = 0.000000000000000e+00 1.000000000000000e+00 0.000000000000000e+00
cras   = 0.000000000000000e+00 0.000000000000000e+00 0.000000000000000e+00
subject fsaverage
fscale 0.100000
